5411, 5410
5422, 5410
5410, 5411
5423, 5411
5413, 5412
5424, 5412
5412, 5413
5414, 5413
5423, 5413
5425, 5413
5413, 5414
5415, 5414
5424, 5414
5435, 5414
5436, 5414
5443, 5414
5444, 5414
5414, 5415
5416, 5415
5427, 5415
5415, 5416
5417, 5416
5436, 5416
5416, 5417
5418, 5417
5419, 5417
5417, 5418
5419, 5418
5420, 5418
5438, 5418
5417, 5419
5418, 5419
5420, 5419
5418, 5420
5419, 5420
5439, 5420
5422, 5421
5432, 5421
5410, 5422
5421, 5422
5423, 5422
5411, 5423
5413, 5423
5422, 5423
5424, 5423
5412, 5424
5414, 5424
5423, 5424
5425, 5424
5435, 5424
5443, 5424
5413, 5425
5424, 5425
5427, 5426
5436, 5426
5444, 5426
5415, 5427
5426, 5427
5436, 5427
5437, 5427
5444, 5427
5445, 5427
5429, 5428
5437, 5428
5445, 5428
5428, 5429
5430, 5429
5438, 5429
5429, 5430
5431, 5430
5439, 5430
5430, 5431
5447, 5431
5421, 5432
5433, 5432
5441, 5432
5432, 5433
5434, 5433
5440, 5433
5442, 5433
5433, 5434
5441, 5434
5414, 5435
5424, 5435
5414, 5436
5416, 5436
5426, 5436
5427, 5436
5427, 5437
5428, 5437
5418, 5438
5429, 5438
5439, 5438
5447, 5438
5420, 5439
5430, 5439
5438, 5439
5446, 5439
5447, 5439
5433, 5440
5441, 5440
5432, 5441
5434, 5441
5440, 5441
5442, 5441
5433, 5442
5441, 5442
5414, 5443
5424, 5443
5414, 5444
5426, 5444
5427, 5444
5427, 5445
5428, 5445
5439, 5446
5447, 5446
5431, 5447
5438, 5447
5439, 5447
5446, 5447
