14339, 14338
14340, 14338
14347, 14338
14338, 14339
14340, 14339
14341, 14339
14346, 14339
14338, 14340
14339, 14340
14341, 14340
14347, 14340
14339, 14341
14340, 14341
14347, 14341
14348, 14341
14349, 14341
14354, 14341
14343, 14342
14344, 14342
14347, 14342
14342, 14343
14344, 14343
14345, 14343
14342, 14344
14343, 14344
14345, 14344
14349, 14344
14343, 14345
14344, 14345
14349, 14345
14359, 14345
14339, 14346
14347, 14346
14348, 14346
14338, 14347
14340, 14347
14341, 14347
14342, 14347
14346, 14347
14348, 14347
14349, 14347
14341, 14348
14346, 14348
14347, 14348
14349, 14348
14341, 14349
14344, 14349
14345, 14349
14347, 14349
14348, 14349
14360, 14349
14351, 14350
14363, 14350
14350, 14351
14352, 14351
14355, 14351
14357, 14351
14361, 14351
14362, 14351
14363, 14351
14351, 14352
14353, 14352
14356, 14352
14358, 14352
14360, 14352
14361, 14352
14362, 14352
14352, 14353
14354, 14353
14359, 14353
14360, 14353
14341, 14354
14353, 14354
14358, 14354
14359, 14354
14351, 14355
14356, 14355
14363, 14355
14352, 14356
14355, 14356
14357, 14356
14362, 14356
14351, 14357
14356, 14357
14358, 14357
14361, 14357
14352, 14358
14354, 14358
14357, 14358
14359, 14358
14360, 14358
14345, 14359
14353, 14359
14354, 14359
14358, 14359
14349, 14360
14352, 14360
14353, 14360
14358, 14360
14361, 14360
14351, 14361
14352, 14361
14357, 14361
14360, 14361
14362, 14361
14351, 14362
14352, 14362
14356, 14362
14361, 14362
14363, 14362
14350, 14363
14351, 14363
14355, 14363
14362, 14363
