14773, 14772
14776, 14772
14772, 14773
14774, 14773
14775, 14773
14778, 14773
14773, 14774
14775, 14774
14776, 14774
14778, 14774
14781, 14774
14773, 14775
14774, 14775
14776, 14775
14772, 14776
14774, 14776
14775, 14776
14785, 14776
14778, 14777
14781, 14777
14785, 14777
14788, 14777
14773, 14778
14774, 14778
14777, 14778
14781, 14778
14788, 14778
14780, 14779
14782, 14779
14789, 14779
14779, 14780
14783, 14780
14790, 14780
14774, 14781
14777, 14781
14778, 14781
14782, 14781
14785, 14781
14789, 14781
14779, 14782
14781, 14782
14786, 14782
14788, 14782
14780, 14783
14784, 14783
14787, 14783
14791, 14783
14783, 14784
14790, 14784
14791, 14784
14776, 14785
14777, 14785
14781, 14785
14788, 14785
14782, 14786
14787, 14786
14789, 14786
14783, 14787
14786, 14787
14790, 14787
14777, 14788
14778, 14788
14782, 14788
14785, 14788
14789, 14788
14779, 14789
14781, 14789
14786, 14789
14788, 14789
14780, 14790
14784, 14790
14787, 14790
14791, 14790
14783, 14791
14784, 14791
14790, 14791
