16332, 16331
16342, 16331
16331, 16332
16341, 16332
16342, 16332
16334, 16333
16344, 16333
16354, 16333
16333, 16334
16343, 16334
16355, 16334
16336, 16335
16346, 16335
16355, 16335
16335, 16336
16345, 16336
16347, 16336
16357, 16336
16338, 16337
16362, 16337
16377, 16337
16337, 16338
16339, 16338
16358, 16338
16338, 16339
16348, 16339
16358, 16339
16373, 16339
16350, 16340
16361, 16340
16363, 16340
16376, 16340
16332, 16341
16342, 16341
16366, 16341
16331, 16342
16332, 16342
16341, 16342
16351, 16342
16334, 16343
16344, 16343
16369, 16343
16333, 16344
16343, 16344
16370, 16344
16336, 16345
16346, 16345
16370, 16345
16335, 16346
16345, 16346
16372, 16346
16336, 16347
16348, 16347
16349, 16347
16377, 16347
16339, 16348
16347, 16348
16349, 16348
16350, 16348
16347, 16349
16348, 16349
16350, 16349
16373, 16349
16340, 16350
16348, 16350
16349, 16350
16376, 16350
16378, 16350
16342, 16351
16352, 16351
16367, 16351
16351, 16352
16353, 16352
16366, 16352
16368, 16352
16352, 16353
16354, 16353
16367, 16353
16369, 16353
16333, 16354
16353, 16354
16368, 16354
16334, 16355
16335, 16355
16357, 16355
16372, 16355
16357, 16356
16362, 16356
16372, 16356
16377, 16356
16336, 16357
16355, 16357
16356, 16357
16370, 16357
16371, 16357
16338, 16358
16339, 16358
16359, 16358
16374, 16358
16358, 16359
16360, 16359
16373, 16359
16375, 16359
16359, 16360
16361, 16360
16374, 16360
16376, 16360
16340, 16361
16360, 16361
16375, 16361
16337, 16362
16356, 16362
16340, 16363
16365, 16363
16380, 16363
16365, 16364
16380, 16364
16363, 16365
16364, 16365
16378, 16365
16379, 16365
16380, 16365
16341, 16366
16352, 16366
16367, 16366
16351, 16367
16353, 16367
16366, 16367
16368, 16367
16352, 16368
16354, 16368
16367, 16368
16369, 16368
16343, 16369
16353, 16369
16368, 16369
16344, 16370
16345, 16370
16357, 16370
16372, 16370
16357, 16371
16372, 16371
16377, 16371
16346, 16372
16355, 16372
16356, 16372
16370, 16372
16371, 16372
16339, 16373
16349, 16373
16359, 16373
16374, 16373
16358, 16374
16360, 16374
16373, 16374
16375, 16374
16359, 16375
16361, 16375
16374, 16375
16376, 16375
16340, 16376
16350, 16376
16360, 16376
16375, 16376
16337, 16377
16347, 16377
16356, 16377
16371, 16377
16350, 16378
16365, 16378
16380, 16378
16365, 16379
16380, 16379
16363, 16380
16364, 16380
16365, 16380
16378, 16380
16379, 16380
