13703, 13702
13716, 13702
13702, 13703
13704, 13703
13715, 13703
13718, 13703
13703, 13704
13705, 13704
13718, 13704
13704, 13705
13706, 13705
13717, 13705
13705, 13706
13707, 13706
13720, 13706
13706, 13707
13708, 13707
13719, 13707
13707, 13708
13709, 13708
13710, 13708
13720, 13708
13708, 13709
13710, 13709
13711, 13709
13708, 13710
13709, 13710
13711, 13710
13709, 13711
13710, 13711
13712, 13711
13723, 13711
13725, 13711
13711, 13712
13713, 13712
13723, 13712
13724, 13712
13712, 13713
13728, 13713
13731, 13713
13729, 13714
13730, 13714
13733, 13714
13703, 13715
13716, 13715
13702, 13716
13715, 13716
13717, 13716
13705, 13717
13716, 13717
13718, 13717
13703, 13718
13704, 13718
13717, 13718
13719, 13718
13707, 13719
13718, 13719
13720, 13719
13706, 13720
13708, 13720
13719, 13720
13721, 13720
13720, 13721
13722, 13721
13723, 13721
13721, 13722
13723, 13722
13724, 13722
13711, 13723
13712, 13723
13721, 13723
13722, 13723
13724, 13723
13712, 13724
13722, 13724
13723, 13724
13725, 13724
13711, 13725
13724, 13725
13726, 13725
13725, 13726
13728, 13726
13731, 13726
13729, 13727
13733, 13727
13713, 13728
13726, 13728
13729, 13728
13731, 13728
13732, 13728
13714, 13729
13727, 13729
13728, 13729
13730, 13729
13731, 13729
13733, 13729
13714, 13730
13729, 13730
13732, 13730
13733, 13730
13713, 13731
13726, 13731
13728, 13731
13729, 13731
13732, 13731
13728, 13732
13730, 13732
13731, 13732
13733, 13732
13714, 13733
13727, 13733
13729, 13733
13730, 13733
13732, 13733
