18469, 18468
18470, 18468
18489, 18468
18468, 18469
18470, 18469
18471, 18469
18508, 18469
18468, 18470
18469, 18470
18471, 18470
18472, 18470
18469, 18471
18470, 18471
18472, 18471
18470, 18472
18471, 18472
18473, 18472
18472, 18473
18474, 18473
18494, 18473
18473, 18474
18475, 18474
18495, 18474
18509, 18474
18474, 18475
18476, 18475
18494, 18475
18510, 18475
18475, 18476
18477, 18476
18478, 18476
18498, 18476
18476, 18477
18478, 18477
18496, 18477
18498, 18477
18476, 18478
18477, 18478
18479, 18478
18478, 18479
18480, 18479
18500, 18479
18479, 18480
18481, 18480
18499, 18480
18480, 18481
18482, 18481
18502, 18481
18503, 18481
18481, 18482
18483, 18482
18484, 18482
18501, 18482
18482, 18483
18484, 18483
18502, 18483
18482, 18484
18483, 18484
18485, 18484
18484, 18485
18486, 18485
18487, 18485
18485, 18486
18487, 18486
18506, 18486
18485, 18487
18486, 18487
18505, 18487
18506, 18487
18489, 18488
18490, 18488
18512, 18488
18468, 18489
18488, 18489
18490, 18489
18491, 18489
18488, 18490
18489, 18490
18491, 18490
18492, 18490
18489, 18491
18490, 18491
18492, 18491
18490, 18492
18491, 18492
18493, 18492
18492, 18493
18494, 18493
18473, 18494
18475, 18494
18493, 18494
18495, 18494
18513, 18494
18474, 18495
18494, 18495
18496, 18495
18514, 18495
18477, 18496
18495, 18496
18497, 18496
18498, 18496
18496, 18497
18498, 18497
18476, 18498
18477, 18498
18496, 18498
18497, 18498
18499, 18498
18480, 18499
18498, 18499
18500, 18499
18479, 18500
18499, 18500
18501, 18500
18482, 18501
18500, 18501
18502, 18501
18481, 18502
18483, 18502
18501, 18502
18503, 18502
18481, 18503
18502, 18503
18504, 18503
18503, 18504
18505, 18504
18506, 18504
18487, 18505
18504, 18505
18506, 18505
18486, 18506
18487, 18506
18504, 18506
18505, 18506
18508, 18507
18512, 18507
18469, 18508
18507, 18508
18511, 18508
18474, 18509
18510, 18509
18514, 18509
18475, 18510
18509, 18510
18513, 18510
18514, 18510
18508, 18511
18512, 18511
18488, 18512
18507, 18512
18511, 18512
18494, 18513
18510, 18513
18514, 18513
18495, 18514
18509, 18514
18510, 18514
18513, 18514
