7162, 7161
7171, 7161
7174, 7161
7161, 7162
7163, 7162
7164, 7162
7180, 7162
7181, 7162
7162, 7163
7164, 7163
7165, 7163
7180, 7163
7162, 7164
7163, 7164
7165, 7164
7179, 7164
7163, 7165
7164, 7165
7166, 7165
7167, 7165
7168, 7165
7178, 7165
7182, 7165
7165, 7166
7167, 7166
7168, 7166
7182, 7166
7165, 7167
7166, 7167
7168, 7167
7165, 7168
7166, 7168
7167, 7168
7183, 7168
7170, 7169
7172, 7169
7173, 7169
7174, 7169
7169, 7170
7172, 7170
7173, 7170
7174, 7170
7161, 7171
7174, 7171
7175, 7171
7176, 7171
7177, 7171
7169, 7172
7170, 7172
7173, 7172
7169, 7173
7170, 7173
7172, 7173
7161, 7174
7169, 7174
7170, 7174
7171, 7174
7171, 7175
7176, 7175
7177, 7175
7181, 7175
7171, 7176
7175, 7176
7177, 7176
7181, 7176
7171, 7177
7175, 7177
7176, 7177
7180, 7177
7181, 7177
7165, 7178
7179, 7178
7180, 7178
7182, 7178
7183, 7178
7164, 7179
7178, 7179
7180, 7179
7182, 7179
7183, 7179
7162, 7180
7163, 7180
7177, 7180
7178, 7180
7179, 7180
7181, 7180
7162, 7181
7175, 7181
7176, 7181
7177, 7181
7180, 7181
7165, 7182
7166, 7182
7178, 7182
7179, 7182
7183, 7182
7168, 7183
7178, 7183
7179, 7183
7182, 7183
