7318, 7317
7319, 7317
7330, 7317
7317, 7318
7319, 7318
7329, 7318
7331, 7318
7341, 7318
7317, 7319
7318, 7319
7320, 7319
7329, 7319
7330, 7319
7332, 7319
7319, 7320
7321, 7320
7333, 7320
7320, 7321
7322, 7321
7332, 7321
7343, 7321
7348, 7321
7321, 7322
7323, 7322
7335, 7322
7343, 7322
7322, 7323
7324, 7323
7343, 7323
7344, 7323
7348, 7323
7349, 7323
7323, 7324
7325, 7324
7335, 7324
7337, 7324
7344, 7324
7324, 7325
7326, 7325
7336, 7325
7337, 7325
7338, 7325
7325, 7326
7327, 7326
7337, 7326
7345, 7326
7350, 7326
7326, 7327
7328, 7327
7340, 7327
7345, 7327
7350, 7327
7327, 7328
7340, 7328
7345, 7328
7318, 7329
7319, 7329
7330, 7329
7346, 7329
7347, 7329
7317, 7330
7319, 7330
7329, 7330
7331, 7330
7346, 7330
7318, 7331
7330, 7331
7332, 7331
7319, 7332
7321, 7332
7331, 7332
7333, 7332
7320, 7333
7332, 7333
7334, 7333
7348, 7333
7333, 7334
7335, 7334
7348, 7334
7322, 7335
7324, 7335
7334, 7335
7336, 7335
7349, 7335
7325, 7336
7335, 7336
7337, 7336
7344, 7336
7349, 7336
7324, 7337
7325, 7337
7326, 7337
7336, 7337
7338, 7337
7339, 7337
7325, 7338
7337, 7338
7339, 7338
7350, 7338
7337, 7339
7338, 7339
7340, 7339
7350, 7339
7327, 7340
7328, 7340
7339, 7340
7318, 7341
7342, 7341
7347, 7341
7341, 7342
7346, 7342
7321, 7343
7322, 7343
7323, 7343
7323, 7344
7324, 7344
7336, 7344
7326, 7345
7327, 7345
7328, 7345
7350, 7345
7329, 7346
7330, 7346
7342, 7346
7347, 7346
7329, 7347
7341, 7347
7346, 7347
7321, 7348
7323, 7348
7333, 7348
7334, 7348
7323, 7349
7335, 7349
7336, 7349
7326, 7350
7327, 7350
7338, 7350
7339, 7350
7345, 7350
