7749, 7748
7755, 7748
7748, 7749
7750, 7749
7754, 7749
7756, 7749
7749, 7750
7755, 7750
7756, 7750
7760, 7750
7753, 7751
7757, 7751
7758, 7751
7764, 7751
7765, 7751
7753, 7752
7761, 7752
7764, 7752
7770, 7752
7751, 7753
7752, 7753
7757, 7753
7758, 7753
7749, 7754
7755, 7754
7748, 7755
7750, 7755
7754, 7755
7756, 7755
7749, 7756
7750, 7756
7755, 7756
7769, 7756
7751, 7757
7753, 7757
7758, 7757
7770, 7757
7751, 7758
7753, 7758
7757, 7758
7760, 7759
7762, 7759
7769, 7759
7771, 7759
7750, 7760
7759, 7760
7768, 7760
7752, 7761
7764, 7761
7773, 7761
7759, 7762
7763, 7762
7768, 7762
7772, 7762
7762, 7763
7767, 7763
7771, 7763
7776, 7763
7751, 7764
7752, 7764
7761, 7764
7770, 7764
7751, 7765
7766, 7765
7775, 7765
7765, 7766
7767, 7766
7774, 7766
7763, 7767
7766, 7767
7772, 7767
7776, 7767
7760, 7768
7762, 7768
7769, 7768
7771, 7768
7756, 7769
7759, 7769
7768, 7769
7752, 7770
7757, 7770
7764, 7770
7773, 7770
7759, 7771
7763, 7771
7768, 7771
7772, 7771
7762, 7772
7767, 7772
7771, 7772
7776, 7772
7761, 7773
7770, 7773
7774, 7773
7766, 7774
7773, 7774
7775, 7774
7765, 7775
7774, 7775
7776, 7775
7763, 7776
7767, 7776
7772, 7776
7775, 7776
