11.000000, 15.100666, 39.130000,  1.020000,  1.761000, 92.300000,  4.000000,  4.000000,  3.000000,  2.000000,  7.000000,  2.000000,  4.000000,  4.000000,  3.000000,  4.000000,  4.000000,  3.000000, 1, 0, 0
11.000000, 15.142036, 45.180000,  5.300000,  2.126000, 83.300000,  2.000000,  5.000000,  4.000000,  2.000000,  4.000000,  5.000000,  5.000000,  2.000000,  4.000000,  2.000000,  5.000000,  4.000000, 1, 0, 0
5.000000,  7.557787, 17.520000, -4.160000,  0.805000, 51.100000,  1.000000,  4.000000,  0.000000,  4.000000,  1.000000,  0.000000,  0.000000,  1.000000,  4.000000,  0.000000,  5.000000,  0.000000, 1, 0, 0
16.000000, 22.772231, 35.360000, -1.420000,  1.600000,138.500000,  9.000000,  5.000000,  2.000000,  3.000000, 10.000000,  3.000000,  3.000000,  9.000000,  4.000000,  9.000000,  5.000000,  2.000000, 1, 0, 0
4.000000,  6.052615, 18.750000, -0.980000,  0.866000, 39.600000,  0.000000,  2.000000,  2.000000,  3.000000,  0.000000,  1.000000,  1.000000,  0.000000,  3.000000,  0.000000,  2.000000,  2.000000, 1, 0, 0
23.000000, 32.303347, 73.180000, -0.000000,  3.367000,194.100000,  8.000000, 12.000000,  3.000000,  9.000000,  7.000000,  7.000000,  7.000000,  7.000000,  9.000000,  7.000000, 13.000000,  3.000000, 1, 0, 0
17.000000, 24.333078, 77.660000,  5.210000,  3.619000,133.000000,  4.000000,  5.000000,  8.000000,  5.000000,  6.000000,  6.000000,  8.000000,  4.000000,  5.000000,  4.000000,  5.000000,  8.000000, 1, 0, 0
6.000000,  7.663345, 21.380000,  0.230000,  1.001000, 51.000000,  1.000000,  3.000000,  2.000000,  2.000000,  2.000000,  2.000000,  2.000000,  1.000000,  3.000000,  1.000000,  3.000000,  2.000000, 1, 0, 0
8.000000, 11.249853, 24.630000,  1.970000,  1.129000, 65.500000,  4.000000,  2.000000,  2.000000,  1.000000,  5.000000,  2.000000,  2.000000,  4.000000,  2.000000,  4.000000,  2.000000,  2.000000, 1, 0, 0
16.000000, 21.343451, 33.470000,  0.760000,  1.507000,130.700000, 11.000000,  4.000000,  1.000000,  2.000000, 10.000000,  4.000000,  4.000000, 10.000000,  2.000000, 10.000000,  5.000000,  1.000000, 1, 0, 0
21.000000, 31.360853, 74.770000, -0.940000,  3.417000,183.700000,  7.000000,  8.000000,  6.000000,  9.000000,  8.000000,  4.000000,  6.000000,  6.000000,  9.000000,  7.000000,  8.000000,  6.000000, 1, 0, 0
12.000000, 16.474773, 33.900000, -3.030000,  1.550000,104.200000,  6.000000,  5.000000,  1.000000,  4.000000,  6.000000,  2.000000,  2.000000,  6.000000,  4.000000,  5.000000,  6.000000,  1.000000, 1, 0, 0
16.000000, 20.847814, 49.610000,  1.860000,  2.277000,131.000000,  6.000000,  8.000000,  2.000000,  5.000000,  5.000000,  6.000000,  6.000000,  5.000000,  5.000000,  5.000000,  9.000000,  2.000000, 1, 0, 0
6.000000,  8.710700, 17.510000, -1.050000,  0.782000, 53.200000,  4.000000,  1.000000,  1.000000,  2.000000,  3.000000,  1.000000,  1.000000,  3.000000,  2.000000,  4.000000,  1.000000,  1.000000, 1, 0, 0
13.000000, 18.254805, 38.740000, -0.810000,  1.753000,111.200000,  6.000000,  6.000000,  1.000000,  4.000000,  5.000000,  4.000000,  4.000000,  5.000000,  4.000000,  6.000000,  6.000000,  1.000000, 1, 0, 0
14.000000, 19.018420, 43.350000,  1.810000,  1.977000,104.900000,  6.000000,  6.000000,  2.000000,  2.000000,  7.000000,  5.000000,  6.000000,  6.000000,  2.000000,  6.000000,  6.000000,  2.000000, 1, 0, 0
2.000000,  3.822877,  6.500000, -1.230000,  0.282000, 20.300000,  1.000000,  1.000000,  0.000000,  1.000000,  1.000000,  0.000000,  0.000000,  1.000000,  1.000000,  0.000000,  2.000000,  0.000000, 0, 1, 0
3.000000,  7.074199, 12.430000,  4.620000,  0.593000, 16.100000,  0.000000,  2.000000,  1.000000,  0.000000,  0.000000,  3.000000,  3.000000,  0.000000,  0.000000,  0.000000,  2.000000,  1.000000, 0, 1, 0
4.000000,  9.947314, 13.470000,  2.580000,  0.624000, 26.000000,  1.000000,  2.000000,  1.000000,  0.000000,  2.000000,  2.000000,  3.000000,  1.000000,  0.000000,  1.000000,  2.000000,  1.000000, 0, 1, 0
5.000000, 13.023066, 14.780000,  2.950000,  0.663000, 37.400000,  1.000000,  4.000000,  0.000000,  1.000000,  1.000000,  3.000000,  3.000000,  1.000000,  1.000000,  1.000000,  4.000000,  0.000000, 0, 1, 0
5.000000, 13.020996, 20.730000,  3.540000,  0.962000, 36.300000,  1.000000,  2.000000,  2.000000,  0.000000,  3.000000,  2.000000,  3.000000,  1.000000,  1.000000,  1.000000,  2.000000,  2.000000, 0, 1, 0
4.000000, 10.342141, 11.600000,  2.430000,  0.528000, 25.900000,  1.000000,  3.000000,  0.000000,  0.000000,  1.000000,  3.000000,  3.000000,  1.000000,  0.000000,  1.000000,  3.000000,  0.000000, 0, 1, 0
3.000000,  6.511995,  8.600000,  1.490000,  0.388000, 20.400000,  1.000000,  2.000000,  0.000000,  0.000000,  1.000000,  2.000000,  2.000000,  1.000000,  0.000000,  1.000000,  2.000000,  0.000000, 0, 1, 0
3.000000,  6.271462, 18.210000,  2.430000,  0.886000, 20.800000,  0.000000,  1.000000,  2.000000,  1.000000,  0.000000,  2.000000,  2.000000,  0.000000,  1.000000,  0.000000,  1.000000,  2.000000, 0, 1, 0
8.000000, 20.619477, 27.750000,  1.760000,  1.293000, 63.900000,  3.000000,  2.000000,  3.000000,  2.000000,  3.000000,  3.000000,  3.000000,  3.000000,  2.000000,  2.000000,  3.000000,  3.000000, 0, 1, 0
7.000000, 18.983795, 31.600000, -2.010000,  1.423000, 66.300000,  2.000000,  2.000000,  3.000000,  4.000000,  2.000000,  1.000000,  2.000000,  1.000000,  4.000000,  2.000000,  2.000000,  3.000000, 0, 1, 0
8.000000, 19.429645, 25.290000, -0.290000,  1.121000, 70.000000,  3.000000,  4.000000,  1.000000,  3.000000,  2.000000,  3.000000,  3.000000,  2.000000,  3.000000,  3.000000,  4.000000,  1.000000, 0, 1, 0
4.000000,  8.784578, 14.150000, -0.710000,  0.618000, 38.000000,  1.000000,  2.000000,  1.000000,  2.000000,  1.000000,  1.000000,  1.000000,  1.000000,  2.000000,  1.000000,  2.000000,  1.000000, 0, 1, 0
3.000000,  6.729764, 11.000000,  4.750000,  0.512000, 16.300000,  0.000000,  3.000000,  0.000000,  0.000000,  0.000000,  3.000000,  3.000000,  0.000000,  0.000000,  0.000000,  3.000000,  0.000000, 0, 1, 0
4.000000,  9.834681, 13.600000,  3.980000,  0.620000, 24.900000,  1.000000,  3.000000,  0.000000,  0.000000,  1.000000,  3.000000,  3.000000,  1.000000,  0.000000,  1.000000,  3.000000,  0.000000, 0, 1, 0
4.000000,  9.606810, 10.600000,  2.190000,  0.480000, 27.800000,  2.000000,  2.000000,  0.000000,  0.000000,  2.000000,  2.000000,  2.000000,  2.000000,  0.000000,  2.000000,  2.000000,  0.000000, 0, 1, 0
4.000000, 10.090592, 16.070000,  2.610000,  0.732000, 25.600000,  1.000000,  2.000000,  1.000000,  0.000000,  2.000000,  2.000000,  3.000000,  1.000000,  0.000000,  1.000000,  2.000000,  1.000000, 0, 1, 0
