6423, 6422
6429, 6422
6422, 6423
6424, 6423
6428, 6423
6430, 6423
6436, 6423
6438, 6423
6423, 6424
6429, 6424
6438, 6424
6439, 6424
6426, 6425
6432, 6425
6437, 6425
6440, 6425
6425, 6426
6427, 6426
6432, 6426
6435, 6426
6437, 6426
6426, 6427
6432, 6427
6433, 6427
6435, 6427
6423, 6428
6429, 6428
6442, 6428
6422, 6429
6424, 6429
6428, 6429
6430, 6429
6446, 6429
6423, 6430
6429, 6430
6431, 6430
6446, 6430
6447, 6430
6430, 6431
6432, 6431
6441, 6431
6448, 6431
6425, 6432
6426, 6432
6427, 6432
6431, 6432
6441, 6432
6443, 6432
6427, 6433
6434, 6433
6444, 6433
6445, 6433
6433, 6434
6444, 6434
6445, 6434
6426, 6435
6427, 6435
6437, 6435
6443, 6435
6423, 6436
6438, 6436
6442, 6436
6446, 6436
6425, 6437
6426, 6437
6435, 6437
6440, 6437
6441, 6437
6443, 6437
6423, 6438
6424, 6438
6436, 6438
6439, 6438
6442, 6438
6447, 6438
6424, 6439
6438, 6439
6440, 6439
6446, 6439
6448, 6439
6425, 6440
6437, 6440
6439, 6440
6441, 6440
6447, 6440
6448, 6440
6431, 6441
6432, 6441
6437, 6441
6440, 6441
6443, 6441
6428, 6442
6436, 6442
6438, 6442
6446, 6442
6432, 6443
6435, 6443
6437, 6443
6441, 6443
6445, 6443
6433, 6444
6434, 6444
6445, 6444
6433, 6445
6434, 6445
6443, 6445
6444, 6445
6429, 6446
6430, 6446
6436, 6446
6439, 6446
6442, 6446
6447, 6446
6430, 6447
6438, 6447
6440, 6447
6446, 6447
6448, 6447
6431, 6448
6439, 6448
6440, 6448
6447, 6448
