8384, 8383
8395, 8383
8396, 8383
8405, 8383
8406, 8383
8383, 8384
8385, 8384
8395, 8384
8396, 8384
8405, 8384
8406, 8384
8407, 8384
8384, 8385
8386, 8385
8407, 8385
8385, 8386
8387, 8386
8407, 8386
8408, 8386
8386, 8387
8388, 8387
8408, 8387
8409, 8387
8410, 8387
8387, 8388
8408, 8388
8409, 8388
8410, 8388
8390, 8389
8410, 8389
8411, 8389
8389, 8390
8399, 8390
8411, 8390
8412, 8390
8412, 8391
8413, 8391
8414, 8391
8393, 8392
8402, 8392
8414, 8392
8415, 8392
8416, 8392
8392, 8393
8394, 8393
8416, 8393
8393, 8394
8416, 8394
8417, 8394
8418, 8394
8383, 8395
8384, 8395
8396, 8395
8405, 8395
8383, 8396
8384, 8396
8395, 8396
8405, 8396
8406, 8396
8409, 8397
8410, 8397
8411, 8397
8403, 8398
8404, 8398
8418, 8398
8419, 8398
8420, 8398
8390, 8399
8400, 8399
8412, 8399
8413, 8399
8399, 8400
8401, 8400
8412, 8400
8413, 8400
8400, 8401
8402, 8401
8414, 8401
8415, 8401
8392, 8402
8401, 8402
8414, 8402
8415, 8402
8398, 8403
8404, 8403
8419, 8403
8420, 8403
8398, 8404
8403, 8404
8420, 8404
8422, 8404
8383, 8405
8384, 8405
8395, 8405
8396, 8405
8406, 8405
8383, 8406
8384, 8406
8396, 8406
8405, 8406
8384, 8407
8385, 8407
8386, 8407
8386, 8408
8387, 8408
8388, 8408
8387, 8409
8388, 8409
8397, 8409
8410, 8409
8387, 8410
8388, 8410
8389, 8410
8397, 8410
8409, 8410
8389, 8411
8390, 8411
8397, 8411
8390, 8412
8391, 8412
8399, 8412
8400, 8412
8413, 8412
8391, 8413
8399, 8413
8400, 8413
8412, 8413
8414, 8413
8391, 8414
8392, 8414
8401, 8414
8402, 8414
8413, 8414
8415, 8414
8392, 8415
8401, 8415
8402, 8415
8414, 8415
8392, 8416
8393, 8416
8394, 8416
8394, 8417
8418, 8417
8419, 8417
8394, 8418
8398, 8418
8417, 8418
8419, 8418
8398, 8419
8403, 8419
8417, 8419
8418, 8419
8420, 8419
8421, 8419
8422, 8419
8398, 8420
8403, 8420
8404, 8420
8419, 8420
8421, 8420
8422, 8420
8419, 8421
8420, 8421
8422, 8421
8404, 8422
8419, 8422
8420, 8422
8421, 8422
