8209, 8208
8230, 8208
8238, 8208
8208, 8209
8210, 8209
8211, 8209
8231, 8209
8238, 8209
8209, 8210
8211, 8210
8212, 8210
8213, 8210
8233, 8210
8209, 8211
8210, 8211
8212, 8211
8213, 8211
8210, 8212
8211, 8212
8213, 8212
8214, 8212
8234, 8212
8210, 8213
8211, 8213
8212, 8213
8214, 8213
8215, 8213
8216, 8213
8234, 8213
8235, 8213
8212, 8214
8213, 8214
8215, 8214
8216, 8214
8213, 8215
8214, 8215
8216, 8215
8217, 8215
8213, 8216
8214, 8216
8215, 8216
8217, 8216
8218, 8216
8234, 8216
8215, 8217
8216, 8217
8218, 8217
8219, 8217
8235, 8217
8216, 8218
8217, 8218
8219, 8218
8236, 8218
8217, 8219
8218, 8219
8220, 8219
8236, 8219
8237, 8219
8219, 8220
8221, 8220
8222, 8220
8237, 8220
8220, 8221
8222, 8221
8223, 8221
8237, 8221
8220, 8222
8221, 8222
8223, 8222
8224, 8222
8221, 8223
8222, 8223
8224, 8223
8222, 8224
8223, 8224
8225, 8224
8224, 8225
8226, 8225
8227, 8225
8228, 8225
8225, 8226
8227, 8226
8228, 8226
8229, 8226
8225, 8227
8226, 8227
8228, 8227
8229, 8227
8225, 8228
8226, 8228
8227, 8228
8229, 8228
8226, 8229
8227, 8229
8228, 8229
8208, 8230
8231, 8230
8239, 8230
8240, 8230
8209, 8231
8230, 8231
8232, 8231
8233, 8231
8238, 8231
8239, 8231
8240, 8231
8231, 8232
8233, 8232
8239, 8232
8210, 8233
8231, 8233
8232, 8233
8239, 8233
8212, 8234
8213, 8234
8216, 8234
8235, 8234
8236, 8234
8213, 8235
8217, 8235
8234, 8235
8236, 8235
8218, 8236
8219, 8236
8234, 8236
8235, 8236
8237, 8236
8219, 8237
8220, 8237
8221, 8237
8236, 8237
8208, 8238
8209, 8238
8231, 8238
8240, 8238
8230, 8239
8231, 8239
8232, 8239
8233, 8239
8230, 8240
8231, 8240
8238, 8240
