10789, 10788
10800, 10788
10801, 10788
10788, 10789
10790, 10789
10798, 10789
10799, 10789
10815, 10789
10789, 10790
10798, 10790
10799, 10790
10816, 10790
10792, 10791
10793, 10791
10803, 10791
10804, 10791
10810, 10791
10811, 10791
10791, 10792
10793, 10792
10802, 10792
10811, 10792
10791, 10793
10792, 10793
10802, 10793
10817, 10793
10795, 10794
10796, 10794
10797, 10794
10805, 10794
10820, 10794
10821, 10794
10794, 10795
10796, 10795
10797, 10795
10822, 10795
10794, 10796
10795, 10796
10797, 10796
10794, 10797
10795, 10797
10796, 10797
10807, 10797
10789, 10798
10790, 10798
10799, 10798
10789, 10799
10790, 10799
10798, 10799
10829, 10799
10788, 10800
10801, 10800
10830, 10800
10788, 10801
10800, 10801
10802, 10801
10831, 10801
10792, 10802
10793, 10802
10801, 10802
10803, 10802
10804, 10802
10825, 10802
10826, 10802
10791, 10803
10802, 10803
10804, 10803
10826, 10803
10791, 10804
10802, 10804
10803, 10804
10832, 10804
10794, 10805
10806, 10805
10807, 10805
10835, 10805
10836, 10805
10805, 10806
10807, 10806
10822, 10806
10837, 10806
10797, 10807
10805, 10807
10806, 10807
10814, 10808
10815, 10808
10829, 10808
10830, 10808
10810, 10809
10816, 10809
10825, 10809
10831, 10809
10791, 10810
10809, 10810
10811, 10810
10824, 10810
10826, 10810
10791, 10811
10792, 10811
10810, 10811
10825, 10811
10813, 10812
10820, 10812
10828, 10812
10835, 10812
10812, 10813
10817, 10813
10827, 10813
10832, 10813
10808, 10814
10815, 10814
10823, 10814
10830, 10814
10789, 10815
10808, 10815
10814, 10815
10790, 10816
10809, 10816
10824, 10816
10793, 10817
10813, 10817
10828, 10817
10819, 10818
10822, 10818
10834, 10818
10837, 10818
10818, 10819
10821, 10819
10833, 10819
10836, 10819
10794, 10820
10812, 10820
10827, 10820
10794, 10821
10819, 10821
10834, 10821
10795, 10822
10806, 10822
10818, 10822
10833, 10822
10837, 10822
10814, 10823
10829, 10823
10830, 10823
10810, 10824
10816, 10824
10825, 10824
10831, 10824
10802, 10825
10809, 10825
10811, 10825
10824, 10825
10826, 10825
10802, 10826
10803, 10826
10810, 10826
10825, 10826
10813, 10827
10820, 10827
10828, 10827
10835, 10827
10812, 10828
10817, 10828
10827, 10828
10832, 10828
10799, 10829
10808, 10829
10823, 10829
10800, 10830
10808, 10830
10814, 10830
10823, 10830
10801, 10831
10809, 10831
10824, 10831
10804, 10832
10813, 10832
10828, 10832
10819, 10833
10822, 10833
10834, 10833
10837, 10833
10818, 10834
10821, 10834
10833, 10834
10836, 10834
10805, 10835
10812, 10835
10827, 10835
10805, 10836
10819, 10836
10834, 10836
10806, 10837
10818, 10837
10822, 10837
10833, 10837
