3920, 3916
3925, 3916
3926, 3916
3927, 3916
3928, 3916
3929, 3916
3918, 3917
3922, 3917
3924, 3917
3917, 3918
3919, 3918
3924, 3918
3918, 3919
3922, 3919
3924, 3919
3916, 3920
3921, 3920
3928, 3920
3929, 3920
3920, 3921
3923, 3921
3928, 3921
3929, 3921
3917, 3922
3919, 3922
3923, 3922
3924, 3922
3921, 3923
3922, 3923
3924, 3923
3917, 3924
3918, 3924
3919, 3924
3922, 3924
3923, 3924
3916, 3925
3926, 3925
3927, 3925
3928, 3925
3916, 3926
3925, 3926
3927, 3926
3928, 3926
3916, 3927
3925, 3927
3926, 3927
3928, 3927
3929, 3927
3916, 3928
3920, 3928
3921, 3928
3925, 3928
3926, 3928
3927, 3928
3916, 3929
3920, 3929
3921, 3929
3927, 3929
