7600, 7599
7601, 7599
7617, 7599
7622, 7599
7623, 7599
7599, 7600
7601, 7600
7602, 7600
7603, 7600
7623, 7600
7599, 7601
7600, 7601
7602, 7601
7603, 7601
7600, 7602
7601, 7602
7603, 7602
7600, 7603
7601, 7603
7602, 7603
7624, 7603
7605, 7604
7606, 7604
7607, 7604
7625, 7604
7604, 7605
7606, 7605
7607, 7605
7628, 7605
7604, 7606
7605, 7606
7607, 7606
7628, 7606
7629, 7606
7604, 7607
7605, 7607
7606, 7607
7629, 7607
7630, 7607
7609, 7608
7610, 7608
7620, 7608
7626, 7608
7627, 7608
7608, 7609
7610, 7609
7620, 7609
7608, 7610
7609, 7610
7611, 7610
7634, 7610
7610, 7611
7612, 7611
7613, 7611
7635, 7611
7611, 7612
7613, 7612
7614, 7612
7638, 7612
7611, 7613
7612, 7613
7614, 7613
7615, 7613
7616, 7613
7637, 7613
7638, 7613
7612, 7614
7613, 7614
7615, 7614
7616, 7614
7636, 7614
7613, 7615
7614, 7615
7616, 7615
7613, 7616
7614, 7616
7615, 7616
7599, 7617
7622, 7617
7623, 7617
7619, 7618
7621, 7618
7624, 7618
7625, 7618
7618, 7619
7621, 7619
7624, 7619
7625, 7619
7608, 7620
7609, 7620
7626, 7620
7627, 7620
7634, 7620
7618, 7621
7619, 7621
7624, 7621
7625, 7621
7628, 7621
7599, 7622
7617, 7622
7623, 7622
7599, 7623
7600, 7623
7617, 7623
7622, 7623
7603, 7624
7618, 7624
7619, 7624
7621, 7624
7604, 7625
7618, 7625
7619, 7625
7621, 7625
7628, 7625
7608, 7626
7620, 7626
7627, 7626
7631, 7626
7632, 7626
7608, 7627
7620, 7627
7626, 7627
7631, 7627
7632, 7627
7605, 7628
7606, 7628
7621, 7628
7625, 7628
7629, 7628
7606, 7629
7607, 7629
7628, 7629
7630, 7629
7633, 7629
7607, 7630
7629, 7630
7631, 7630
7632, 7630
7633, 7630
7626, 7631
7627, 7631
7630, 7631
7632, 7631
7633, 7631
7626, 7632
7627, 7632
7630, 7632
7631, 7632
7633, 7632
7629, 7633
7630, 7633
7631, 7633
7632, 7633
7610, 7634
7620, 7634
7635, 7634
7638, 7634
7611, 7635
7634, 7635
7636, 7635
7637, 7635
7638, 7635
7614, 7636
7635, 7636
7637, 7636
7638, 7636
7613, 7637
7635, 7637
7636, 7637
7638, 7637
7612, 7638
7613, 7638
7634, 7638
7635, 7638
7636, 7638
7637, 7638
