9879, 9878
9880, 9878
9894, 9878
9878, 9879
9880, 9879
9881, 9879
9893, 9879
9914, 9879
9878, 9880
9879, 9880
9881, 9880
9896, 9880
9879, 9881
9880, 9881
9896, 9881
9913, 9881
9883, 9882
9900, 9882
9913, 9882
9882, 9883
9884, 9883
9898, 9883
9900, 9883
9883, 9884
9885, 9884
9898, 9884
9901, 9884
9911, 9884
9884, 9885
9886, 9885
9900, 9885
9911, 9885
9885, 9886
9887, 9886
9903, 9886
9886, 9887
9888, 9887
9887, 9888
9889, 9888
9890, 9888
9907, 9888
9888, 9889
9890, 9889
9904, 9889
9905, 9889
9907, 9889
9888, 9890
9889, 9890
9891, 9890
9908, 9890
9909, 9890
9910, 9890
9921, 9890
9890, 9891
9892, 9891
9907, 9891
9910, 9891
9891, 9892
9907, 9892
9909, 9892
9879, 9893
9894, 9893
9895, 9893
9918, 9893
9919, 9893
9878, 9894
9893, 9894
9895, 9894
9918, 9894
9893, 9895
9894, 9895
9896, 9895
9880, 9896
9881, 9896
9895, 9896
9897, 9896
9896, 9897
9898, 9897
9917, 9897
9883, 9898
9884, 9898
9897, 9898
9899, 9898
9917, 9898
9898, 9899
9900, 9899
9882, 9900
9883, 9900
9885, 9900
9899, 9900
9901, 9900
9920, 9900
9884, 9901
9900, 9901
9902, 9901
9920, 9901
9901, 9902
9903, 9902
9886, 9903
9902, 9903
9904, 9903
9889, 9904
9903, 9904
9905, 9904
9906, 9904
9889, 9905
9904, 9905
9906, 9905
9904, 9906
9905, 9906
9907, 9906
9888, 9907
9889, 9907
9891, 9907
9892, 9907
9906, 9907
9908, 9907
9921, 9907
9890, 9908
9907, 9908
9909, 9908
9915, 9908
9921, 9908
9890, 9909
9892, 9909
9908, 9909
9915, 9909
9890, 9910
9891, 9910
9915, 9910
9921, 9910
9884, 9911
9885, 9911
9913, 9911
9917, 9911
9920, 9911
9914, 9912
9918, 9912
9919, 9912
9881, 9913
9882, 9913
9911, 9913
9920, 9913
9879, 9914
9912, 9914
9916, 9914
9918, 9914
9919, 9914
9908, 9915
9909, 9915
9910, 9915
9921, 9915
9914, 9916
9919, 9916
9897, 9917
9898, 9917
9911, 9917
9920, 9917
9893, 9918
9894, 9918
9912, 9918
9914, 9918
9919, 9918
9893, 9919
9912, 9919
9914, 9919
9916, 9919
9918, 9919
9900, 9920
9901, 9920
9911, 9920
9913, 9920
9917, 9920
9890, 9921
9907, 9921
9908, 9921
9910, 9921
9915, 9921
