15483, 15482
15500, 15482
15501, 15482
15482, 15483
15499, 15483
15500, 15483
15501, 15483
15505, 15483
15485, 15484
15504, 15484
15506, 15484
15484, 15485
15486, 15485
15487, 15485
15498, 15485
15504, 15485
15485, 15486
15487, 15486
15498, 15486
15485, 15487
15486, 15487
15488, 15487
15497, 15487
15498, 15487
15487, 15488
15489, 15488
15497, 15488
15488, 15489
15490, 15489
15491, 15489
15489, 15490
15491, 15490
15503, 15490
15489, 15491
15490, 15491
15492, 15491
15493, 15491
15503, 15491
15491, 15492
15493, 15492
15494, 15492
15503, 15492
15491, 15493
15492, 15493
15494, 15493
15502, 15493
15503, 15493
15492, 15494
15493, 15494
15495, 15494
15502, 15494
15494, 15495
15502, 15495
15507, 15495
15509, 15496
15510, 15496
15511, 15496
15512, 15496
15513, 15496
15487, 15497
15488, 15497
15498, 15497
15485, 15498
15486, 15498
15487, 15498
15497, 15498
15504, 15498
15483, 15499
15500, 15499
15505, 15499
15506, 15499
15482, 15500
15483, 15500
15499, 15500
15501, 15500
15482, 15501
15483, 15501
15500, 15501
15493, 15502
15494, 15502
15495, 15502
15503, 15502
15490, 15503
15491, 15503
15492, 15503
15493, 15503
15502, 15503
15484, 15504
15485, 15504
15498, 15504
15506, 15504
15483, 15505
15499, 15505
15506, 15505
15484, 15506
15499, 15506
15504, 15506
15505, 15506
15495, 15507
15508, 15507
15509, 15507
15507, 15508
15509, 15508
15512, 15508
15496, 15509
15507, 15509
15508, 15509
15512, 15509
15496, 15510
15511, 15510
15513, 15510
15496, 15511
15510, 15511
15512, 15511
15513, 15511
15496, 15512
15508, 15512
15509, 15512
15511, 15512
15496, 15513
15510, 15513
15511, 15513
