7572, 7571
7573, 7571
7574, 7571
7571, 7572
7573, 7572
7574, 7572
7591, 7572
7571, 7573
7572, 7573
7574, 7573
7575, 7573
7576, 7573
7571, 7574
7572, 7574
7573, 7574
7575, 7574
7576, 7574
7573, 7575
7574, 7575
7576, 7575
7573, 7576
7574, 7576
7575, 7576
7577, 7576
7585, 7576
7576, 7577
7578, 7577
7579, 7577
7587, 7577
7593, 7577
7577, 7578
7579, 7578
7580, 7578
7581, 7578
7596, 7578
7577, 7579
7578, 7579
7580, 7579
7581, 7579
7595, 7579
7578, 7580
7579, 7580
7581, 7580
7582, 7580
7595, 7580
7578, 7581
7579, 7581
7580, 7581
7582, 7581
7583, 7581
7594, 7581
7580, 7582
7581, 7582
7583, 7582
7584, 7582
7594, 7582
7581, 7583
7582, 7583
7584, 7583
7597, 7583
7582, 7584
7583, 7584
7597, 7584
7598, 7584
7576, 7585
7590, 7585
7592, 7585
7593, 7585
7588, 7586
7589, 7586
7591, 7586
7577, 7587
7592, 7587
7593, 7587
7595, 7587
7596, 7587
7586, 7588
7589, 7588
7591, 7588
7586, 7589
7588, 7589
7591, 7589
7585, 7590
7592, 7590
7593, 7590
7572, 7591
7586, 7591
7588, 7591
7589, 7591
7585, 7592
7587, 7592
7590, 7592
7593, 7592
7577, 7593
7585, 7593
7587, 7593
7590, 7593
7592, 7593
7596, 7593
7581, 7594
7582, 7594
7595, 7594
7596, 7594
7597, 7594
7598, 7594
7579, 7595
7580, 7595
7587, 7595
7594, 7595
7596, 7595
7597, 7595
7578, 7596
7587, 7596
7593, 7596
7594, 7596
7595, 7596
7583, 7597
7584, 7597
7594, 7597
7595, 7597
7598, 7597
7584, 7598
7594, 7598
7597, 7598
