14491, 14490
14492, 14490
14490, 14491
14492, 14491
14496, 14491
14497, 14491
14490, 14492
14491, 14492
14494, 14492
14495, 14492
14496, 14492
14498, 14492
14494, 14493
14497, 14493
14503, 14493
14492, 14494
14493, 14494
14495, 14494
14496, 14494
14497, 14494
14503, 14494
14492, 14495
14494, 14495
14496, 14495
14491, 14496
14492, 14496
14494, 14496
14495, 14496
14504, 14496
14491, 14497
14493, 14497
14494, 14497
14498, 14497
14492, 14498
14497, 14498
14499, 14498
14503, 14498
14505, 14498
14498, 14499
14500, 14499
14504, 14499
14506, 14499
14499, 14500
14501, 14500
14505, 14500
14507, 14500
14500, 14501
14502, 14501
14506, 14501
14508, 14501
14501, 14502
14507, 14502
14508, 14502
14493, 14503
14494, 14503
14498, 14503
14496, 14504
14499, 14504
14505, 14504
14498, 14505
14500, 14505
14504, 14505
14506, 14505
14499, 14506
14501, 14506
14505, 14506
14507, 14506
14500, 14507
14502, 14507
14506, 14507
14508, 14507
14501, 14508
14502, 14508
14507, 14508
