3935, 3930
3978, 3930
3986, 3930
4002, 3930
3956, 3931
3961, 3931
3969, 3931
3958, 3932
3960, 3932
3949, 3933
3952, 3933
3960, 3933
3963, 3933
3935, 3934
3947, 3934
3970, 3934
3930, 3935
3934, 3935
3964, 3935
3969, 3935
3937, 3936
3940, 3936
3966, 3936
3968, 3936
3936, 3937
3939, 3937
3968, 3937
3971, 3937
3972, 3938
3977, 3938
3937, 3939
3940, 3939
3974, 3939
3976, 3939
3936, 3940
3939, 3940
3976, 3940
3979, 3940
3980, 3941
3985, 3941
3943, 3942
3982, 3942
3984, 3942
3942, 3943
3955, 3943
3984, 3943
3987, 3943
3988, 3944
3993, 3944
3946, 3945
3990, 3945
3992, 3945
3945, 3946
3955, 3946
3992, 3946
3995, 3946
3934, 3947
3961, 3947
3969, 3947
3996, 3947
4001, 3947
3958, 3948
3998, 3948
4000, 3948
3933, 3949
3960, 3949
4000, 3949
4003, 3949
3961, 3950
3969, 3950
4004, 3950
4009, 3950
3958, 3951
4006, 3951
4008, 3951
3933, 3952
3960, 3952
4008, 3952
4011, 3952
4012, 3953
4017, 3953
3955, 3954
4014, 3954
4016, 3954
3943, 3955
3946, 3955
3954, 3955
4016, 3955
4019, 3955
3931, 3956
3957, 3956
3956, 3957
3959, 3957
3932, 3958
3948, 3958
3951, 3958
3959, 3958
3957, 3959
3958, 3959
3932, 3960
3933, 3960
3949, 3960
3952, 3960
3931, 3961
3947, 3961
3950, 3961
3962, 3961
3977, 3961
3985, 3961
4001, 3961
4017, 3961
3961, 3962
3933, 3963
3971, 3963
3979, 3963
3987, 3963
3995, 3963
4011, 3963
4019, 3963
3935, 3964
3965, 3964
3964, 3965
3967, 3965
3936, 3966
3967, 3966
3965, 3967
3966, 3967
3936, 3968
3937, 3968
3931, 3969
3935, 3969
3947, 3969
3950, 3969
3970, 3969
3977, 3969
3985, 3969
4001, 3969
4017, 3969
3934, 3970
3969, 3970
3937, 3971
3963, 3971
4003, 3971
4019, 3971
3938, 3972
3973, 3972
3972, 3973
3975, 3973
3939, 3974
3975, 3974
3973, 3975
3974, 3975
3939, 3976
3940, 3976
3938, 3977
3961, 3977
3969, 3977
3978, 3977
3993, 3977
4009, 3977
3930, 3978
3977, 3978
3940, 3979
3963, 3979
4003, 3979
4019, 3979
3941, 3980
3981, 3980
3980, 3981
3983, 3981
3942, 3982
3983, 3982
3981, 3983
3982, 3983
3942, 3984
3943, 3984
3941, 3985
3961, 3985
3969, 3985
3986, 3985
3930, 3986
3985, 3986
3943, 3987
3963, 3987
3944, 3988
3989, 3988
3988, 3989
3991, 3989
3945, 3990
3991, 3990
3989, 3991
3990, 3991
3945, 3992
3946, 3992
3944, 3993
3977, 3993
3994, 3993
3993, 3994
3946, 3995
3963, 3995
3947, 3996
3997, 3996
3996, 3997
3999, 3997
3948, 3998
3999, 3998
3997, 3999
3998, 3999
3948, 4000
3949, 4000
3947, 4001
3961, 4001
3969, 4001
4002, 4001
3930, 4002
4001, 4002
3949, 4003
3971, 4003
3979, 4003
3950, 4004
4005, 4004
4004, 4005
4007, 4005
3951, 4006
4007, 4006
4005, 4007
4006, 4007
3951, 4008
3952, 4008
3950, 4009
3977, 4009
4010, 4009
4009, 4010
3952, 4011
3963, 4011
3953, 4012
4013, 4012
4012, 4013
4015, 4013
3954, 4014
4015, 4014
4013, 4015
4014, 4015
3954, 4016
3955, 4016
3953, 4017
3961, 4017
3969, 4017
4018, 4017
4017, 4018
3955, 4019
3963, 4019
3971, 4019
3979, 4019
