15304, 15303
15324, 15303
15325, 15303
15303, 15304
15305, 15304
15324, 15304
15325, 15304
15304, 15305
15306, 15305
15325, 15305
15305, 15306
15326, 15306
15329, 15306
15308, 15307
15309, 15307
15329, 15307
15330, 15307
15307, 15308
15309, 15308
15310, 15308
15330, 15308
15307, 15309
15308, 15309
15310, 15309
15308, 15310
15309, 15310
15327, 15310
15312, 15311
15327, 15311
15328, 15311
15311, 15312
15327, 15312
15328, 15312
15314, 15313
15315, 15313
15328, 15313
15313, 15314
15315, 15314
15316, 15314
15313, 15315
15314, 15315
15316, 15315
15317, 15315
15314, 15316
15315, 15316
15317, 15316
15318, 15316
15315, 15317
15316, 15317
15318, 15317
15319, 15317
15316, 15318
15317, 15318
15319, 15318
15323, 15318
15317, 15319
15318, 15319
15323, 15319
15321, 15320
15323, 15320
15331, 15320
15320, 15321
15322, 15321
15331, 15321
15321, 15322
15331, 15322
15332, 15322
15334, 15322
15318, 15323
15319, 15323
15320, 15323
15303, 15324
15304, 15324
15325, 15324
15303, 15325
15304, 15325
15305, 15325
15324, 15325
15306, 15326
15329, 15326
15330, 15326
15310, 15327
15311, 15327
15312, 15327
15311, 15328
15312, 15328
15313, 15328
15306, 15329
15307, 15329
15326, 15329
15330, 15329
15307, 15330
15308, 15330
15326, 15330
15329, 15330
15320, 15331
15321, 15331
15322, 15331
15332, 15331
15334, 15331
15322, 15332
15331, 15332
15334, 15332
15336, 15332
15335, 15333
15336, 15333
15337, 15333
15322, 15334
15331, 15334
15332, 15334
15336, 15334
15333, 15335
15336, 15335
15337, 15335
15332, 15336
15333, 15336
15334, 15336
15335, 15336
15337, 15336
15333, 15337
15335, 15337
15336, 15337
