17492, 17491
17493, 17491
17501, 17491
17491, 17492
17493, 17492
17501, 17492
17491, 17493
17492, 17493
17501, 17493
17518, 17493
17521, 17493
17509, 17494
17516, 17494
17518, 17494
17524, 17495
17525, 17495
17526, 17495
17497, 17496
17498, 17496
17505, 17496
17496, 17497
17498, 17497
17527, 17497
17496, 17498
17497, 17498
17510, 17498
17517, 17498
17527, 17498
17503, 17499
17510, 17499
17517, 17499
17504, 17500
17511, 17500
17529, 17500
17530, 17500
17491, 17501
17492, 17501
17493, 17501
17518, 17501
17521, 17501
17529, 17502
17530, 17502
17531, 17502
17499, 17503
17504, 17503
17528, 17503
17500, 17504
17503, 17504
17511, 17504
17528, 17504
17496, 17505
17512, 17505
17525, 17505
17526, 17505
17513, 17506
17523, 17506
17524, 17506
17514, 17507
17519, 17507
17520, 17507
17522, 17507
17509, 17508
17515, 17508
17516, 17508
17519, 17508
17494, 17509
17508, 17509
17515, 17509
17516, 17509
17518, 17509
17498, 17510
17499, 17510
17517, 17510
17527, 17510
17500, 17511
17504, 17511
17528, 17511
17529, 17511
17530, 17511
17505, 17512
17525, 17512
17526, 17512
17506, 17513
17523, 17513
17524, 17513
17507, 17514
17519, 17514
17520, 17514
17522, 17514
17523, 17514
17508, 17515
17509, 17515
17516, 17515
17494, 17516
17508, 17516
17509, 17516
17515, 17516
17518, 17516
17498, 17517
17499, 17517
17510, 17517
17527, 17517
17493, 17518
17494, 17518
17501, 17518
17509, 17518
17516, 17518
17521, 17518
17507, 17519
17508, 17519
17514, 17519
17522, 17519
17507, 17520
17514, 17520
17522, 17520
17493, 17521
17501, 17521
17518, 17521
17507, 17522
17514, 17522
17519, 17522
17520, 17522
17506, 17523
17513, 17523
17514, 17523
17524, 17523
17495, 17524
17506, 17524
17513, 17524
17523, 17524
17495, 17525
17505, 17525
17512, 17525
17526, 17525
17495, 17526
17505, 17526
17512, 17526
17525, 17526
17497, 17527
17498, 17527
17510, 17527
17517, 17527
17503, 17528
17504, 17528
17511, 17528
17500, 17529
17502, 17529
17511, 17529
17530, 17529
17531, 17529
17500, 17530
17502, 17530
17511, 17530
17529, 17530
17531, 17530
17502, 17531
17529, 17531
17530, 17531
