4631, 4620
4639, 4620
4622, 4621
4625, 4621
4628, 4621
4630, 4621
4621, 4622
4624, 4622
4625, 4622
4630, 4622
4633, 4622
4631, 4623
4634, 4623
4639, 4623
4622, 4624
4625, 4624
4628, 4624
4636, 4624
4638, 4624
4621, 4625
4622, 4625
4624, 4625
4630, 4625
4638, 4625
4641, 4625
4627, 4626
4631, 4626
4635, 4626
4626, 4627
4629, 4627
4634, 4627
4621, 4628
4624, 4628
4629, 4628
4630, 4628
4637, 4628
4638, 4628
4627, 4629
4628, 4629
4636, 4629
4621, 4630
4622, 4630
4625, 4630
4628, 4630
4633, 4630
4641, 4630
4620, 4631
4623, 4631
4626, 4631
4632, 4631
4640, 4631
4631, 4632
4639, 4632
4622, 4633
4630, 4633
4641, 4633
4623, 4634
4627, 4634
4635, 4634
4626, 4635
4634, 4635
4637, 4635
4624, 4636
4629, 4636
4637, 4636
4628, 4637
4635, 4637
4636, 4637
4624, 4638
4625, 4638
4628, 4638
4620, 4639
4623, 4639
4632, 4639
4640, 4639
4631, 4640
4639, 4640
4625, 4641
4630, 4641
4633, 4641
