10533, 10532
10544, 10532
10532, 10533
10534, 10533
10543, 10533
10554, 10533
10557, 10533
10533, 10534
10544, 10534
10545, 10534
10557, 10534
10558, 10534
10536, 10535
10537, 10535
10538, 10535
10558, 10535
10575, 10535
10535, 10536
10537, 10536
10538, 10536
10559, 10536
10535, 10537
10536, 10537
10538, 10537
10559, 10537
10535, 10538
10536, 10538
10537, 10538
10560, 10538
10540, 10539
10551, 10539
10562, 10539
10539, 10540
10541, 10540
10550, 10540
10540, 10541
10542, 10541
10553, 10541
10563, 10541
10573, 10541
10541, 10542
10552, 10542
10553, 10542
10563, 10542
10573, 10542
10533, 10543
10544, 10543
10565, 10543
10566, 10543
10532, 10544
10534, 10544
10543, 10544
10545, 10544
10554, 10544
10564, 10544
10567, 10544
10534, 10545
10544, 10545
10557, 10545
10567, 10545
10568, 10545
10547, 10546
10548, 10546
10549, 10546
10575, 10546
10546, 10547
10548, 10547
10549, 10547
10569, 10547
10546, 10548
10547, 10548
10549, 10548
10569, 10548
10546, 10549
10547, 10549
10548, 10549
10570, 10549
10540, 10550
10551, 10550
10572, 10550
10539, 10551
10550, 10551
10552, 10551
10542, 10552
10551, 10552
10553, 10552
10541, 10553
10542, 10553
10552, 10553
10573, 10553
10533, 10554
10544, 10554
10555, 10554
10557, 10554
10565, 10554
10567, 10554
10554, 10555
10556, 10555
10564, 10555
10566, 10555
10555, 10556
10565, 10556
10533, 10557
10534, 10557
10545, 10557
10554, 10557
10564, 10557
10534, 10558
10535, 10558
10574, 10558
10575, 10558
10536, 10559
10537, 10559
10574, 10559
10575, 10559
10538, 10560
10561, 10560
10571, 10560
10560, 10561
10562, 10561
10570, 10561
10571, 10561
10572, 10561
10539, 10562
10561, 10562
10571, 10562
10541, 10563
10542, 10563
10573, 10563
10544, 10564
10555, 10564
10557, 10564
10565, 10564
10567, 10564
10543, 10565
10554, 10565
10556, 10565
10564, 10565
10566, 10565
10543, 10566
10555, 10566
10565, 10566
10544, 10567
10545, 10567
10554, 10567
10564, 10567
10545, 10568
10574, 10568
10575, 10568
10547, 10569
10548, 10569
10574, 10569
10575, 10569
10549, 10570
10561, 10570
10571, 10570
10560, 10571
10561, 10571
10562, 10571
10570, 10571
10572, 10571
10550, 10572
10561, 10572
10571, 10572
10541, 10573
10542, 10573
10553, 10573
10563, 10573
10558, 10574
10559, 10574
10568, 10574
10569, 10574
10575, 10574
10535, 10575
10546, 10575
10558, 10575
10559, 10575
10568, 10575
10569, 10575
10574, 10575
