16382, 16381
16383, 16381
16384, 16381
16381, 16382
16383, 16382
16384, 16382
16392, 16382
16396, 16382
16381, 16383
16382, 16383
16384, 16383
16385, 16383
16395, 16383
16381, 16384
16382, 16384
16383, 16384
16385, 16384
16397, 16384
16383, 16385
16384, 16385
16397, 16385
16399, 16385
16387, 16386
16388, 16386
16398, 16386
16404, 16386
16386, 16387
16388, 16387
16400, 16387
16386, 16388
16387, 16388
16400, 16388
16390, 16389
16391, 16389
16403, 16389
16405, 16389
16389, 16390
16391, 16390
16405, 16390
16406, 16390
16407, 16390
16389, 16391
16390, 16391
16406, 16391
16407, 16391
16382, 16392
16393, 16392
16394, 16392
16395, 16392
16396, 16392
16392, 16393
16394, 16393
16395, 16393
16396, 16393
16392, 16394
16393, 16394
16395, 16394
16396, 16394
16397, 16394
16383, 16395
16392, 16395
16393, 16395
16394, 16395
16397, 16395
16382, 16396
16392, 16396
16393, 16396
16394, 16396
16384, 16397
16385, 16397
16394, 16397
16395, 16397
16399, 16397
16386, 16398
16399, 16398
16404, 16398
16385, 16399
16397, 16399
16398, 16399
16404, 16399
16387, 16400
16388, 16400
16401, 16400
16402, 16400
16403, 16400
16400, 16401
16402, 16401
16403, 16401
16400, 16402
16401, 16402
16403, 16402
16389, 16403
16400, 16403
16401, 16403
16402, 16403
16405, 16403
16386, 16404
16398, 16404
16399, 16404
16389, 16405
16390, 16405
16403, 16405
16406, 16405
16407, 16405
16390, 16406
16391, 16406
16405, 16406
16407, 16406
16390, 16407
16391, 16407
16405, 16407
16406, 16407
