5813, 5812
5814, 5812
5828, 5812
5812, 5813
5814, 5813
5815, 5813
5843, 5813
5812, 5814
5813, 5814
5815, 5814
5844, 5814
5813, 5815
5814, 5815
5816, 5815
5844, 5815
5815, 5816
5817, 5816
5845, 5816
5816, 5817
5818, 5817
5845, 5817
5846, 5817
5817, 5818
5819, 5818
5834, 5818
5846, 5818
5847, 5818
5818, 5819
5820, 5819
5833, 5819
5835, 5819
5847, 5819
5819, 5820
5821, 5820
5834, 5820
5848, 5820
5820, 5821
5822, 5821
5848, 5821
5849, 5821
5821, 5822
5823, 5822
5824, 5822
5849, 5822
5822, 5823
5824, 5823
5825, 5823
5822, 5824
5823, 5824
5825, 5824
5826, 5824
5823, 5825
5824, 5825
5826, 5825
5824, 5826
5825, 5826
5841, 5826
5828, 5827
5829, 5827
5843, 5827
5851, 5827
5852, 5827
5812, 5828
5827, 5828
5829, 5828
5830, 5828
5852, 5828
5827, 5829
5828, 5829
5830, 5829
5853, 5829
5828, 5830
5829, 5830
5831, 5830
5853, 5830
5830, 5831
5832, 5831
5854, 5831
5831, 5832
5833, 5832
5854, 5832
5855, 5832
5819, 5833
5832, 5833
5834, 5833
5855, 5833
5856, 5833
5818, 5834
5820, 5834
5833, 5834
5835, 5834
5856, 5834
5819, 5835
5834, 5835
5857, 5835
5837, 5836
5849, 5836
5857, 5836
5858, 5836
5836, 5837
5838, 5837
5849, 5837
5858, 5837
5837, 5838
5839, 5838
5840, 5838
5841, 5838
5838, 5839
5840, 5839
5841, 5839
5838, 5840
5839, 5840
5841, 5840
5826, 5841
5838, 5841
5839, 5841
5840, 5841
5850, 5842
5859, 5842
5813, 5843
5827, 5843
5844, 5843
5850, 5843
5853, 5843
5814, 5844
5815, 5844
5843, 5844
5852, 5844
5816, 5845
5817, 5845
5846, 5845
5855, 5845
5817, 5846
5818, 5846
5845, 5846
5847, 5846
5854, 5846
5856, 5846
5818, 5847
5819, 5847
5846, 5847
5848, 5847
5855, 5847
5857, 5847
5820, 5848
5821, 5848
5847, 5848
5856, 5848
5821, 5849
5822, 5849
5836, 5849
5837, 5849
5842, 5850
5843, 5850
5851, 5850
5859, 5850
5827, 5851
5850, 5851
5859, 5851
5827, 5852
5828, 5852
5844, 5852
5853, 5852
5829, 5853
5830, 5853
5843, 5853
5852, 5853
5831, 5854
5832, 5854
5846, 5854
5855, 5854
5832, 5855
5833, 5855
5845, 5855
5847, 5855
5854, 5855
5856, 5855
5833, 5856
5834, 5856
5846, 5856
5848, 5856
5855, 5856
5857, 5856
5835, 5857
5836, 5857
5847, 5857
5856, 5857
5836, 5858
5837, 5858
5842, 5859
5850, 5859
5851, 5859
