9134, 9120
9137, 9120
9161, 9120
9138, 9121
9141, 9121
9162, 9121
9143, 9122
9146, 9122
9155, 9122
9170, 9122
9124, 9123
9147, 9123
9156, 9123
9123, 9124
9150, 9124
9174, 9124
9126, 9125
9142, 9125
9151, 9125
9125, 9126
9157, 9126
9181, 9126
9134, 9127
9137, 9127
9158, 9127
9161, 9127
9138, 9128
9141, 9128
9162, 9128
9165, 9128
9146, 9129
9155, 9129
9167, 9129
9170, 9129
9179, 9129
9131, 9130
9147, 9130
9156, 9130
9171, 9130
9180, 9130
9130, 9131
9150, 9131
9174, 9131
9133, 9132
9142, 9132
9151, 9132
9175, 9132
9132, 9133
9181, 9133
9120, 9134
9127, 9134
9135, 9134
9137, 9134
9159, 9134
9161, 9134
9134, 9135
9136, 9135
9158, 9135
9135, 9136
9138, 9136
9162, 9136
9120, 9137
9127, 9137
9134, 9137
9158, 9137
9121, 9138
9128, 9138
9136, 9138
9160, 9138
9140, 9139
9146, 9139
9164, 9139
9139, 9140
9141, 9140
9163, 9140
9165, 9140
9121, 9141
9128, 9141
9140, 9141
9164, 9141
9125, 9142
9132, 9142
9148, 9142
9151, 9142
9157, 9142
9181, 9142
9122, 9143
9152, 9143
9152, 9144
9153, 9144
9153, 9145
9154, 9145
9122, 9146
9129, 9146
9139, 9146
9155, 9146
9123, 9147
9130, 9147
9154, 9147
9156, 9147
9180, 9147
9142, 9148
9149, 9148
9173, 9148
9148, 9149
9150, 9149
9172, 9149
9174, 9149
9124, 9150
9131, 9150
9149, 9150
9173, 9150
9125, 9151
9132, 9151
9142, 9151
9157, 9151
9181, 9151
9143, 9152
9144, 9152
9144, 9153
9145, 9153
9145, 9154
9147, 9154
9122, 9155
9129, 9155
9146, 9155
9123, 9156
9130, 9156
9147, 9156
9171, 9156
9126, 9157
9142, 9157
9151, 9157
9181, 9157
9127, 9158
9135, 9158
9137, 9158
9159, 9158
9161, 9158
9134, 9159
9158, 9159
9160, 9159
9138, 9160
9159, 9160
9162, 9160
9120, 9161
9127, 9161
9134, 9161
9158, 9161
9121, 9162
9128, 9162
9136, 9162
9160, 9162
9140, 9163
9164, 9163
9170, 9163
9139, 9164
9141, 9164
9163, 9164
9165, 9164
9128, 9165
9140, 9165
9164, 9165
9172, 9166
9175, 9166
9129, 9167
9176, 9167
9176, 9168
9177, 9168
9177, 9169
9178, 9169
9122, 9170
9129, 9170
9163, 9170
9179, 9170
9130, 9171
9156, 9171
9178, 9171
9180, 9171
9149, 9172
9166, 9172
9173, 9172
9148, 9173
9150, 9173
9172, 9173
9174, 9173
9124, 9174
9131, 9174
9149, 9174
9173, 9174
9132, 9175
9166, 9175
9167, 9176
9168, 9176
9168, 9177
9169, 9177
9169, 9178
9171, 9178
9129, 9179
9170, 9179
9130, 9180
9147, 9180
9171, 9180
9126, 9181
9133, 9181
9142, 9181
9151, 9181
9157, 9181
