7815, 7807
7816, 7807
7817, 7807
7816, 7808
7819, 7808
7820, 7808
7810, 7809
7814, 7809
7819, 7809
7820, 7809
7809, 7810
7813, 7810
7814, 7810
7820, 7810
7812, 7811
7813, 7811
7818, 7811
7811, 7812
7813, 7812
7818, 7812
7810, 7813
7811, 7813
7812, 7813
7818, 7813
7809, 7814
7810, 7814
7819, 7814
7820, 7814
7807, 7815
7816, 7815
7817, 7815
7807, 7816
7808, 7816
7815, 7816
7817, 7816
7819, 7816
7807, 7817
7815, 7817
7816, 7817
7811, 7818
7812, 7818
7813, 7818
7808, 7819
7809, 7819
7814, 7819
7816, 7819
7820, 7819
7808, 7820
7809, 7820
7810, 7820
7814, 7820
7819, 7820
