15412, 15411
15413, 15411
15428, 15411
15411, 15412
15413, 15412
15428, 15412
15429, 15412
15436, 15412
15411, 15413
15412, 15413
15414, 15413
15430, 15413
15413, 15414
15415, 15414
15416, 15414
15430, 15414
15437, 15414
15438, 15414
15414, 15415
15416, 15415
15438, 15415
15414, 15416
15415, 15416
15417, 15416
15418, 15416
15431, 15416
15438, 15416
15416, 15417
15418, 15417
15419, 15417
15431, 15417
15416, 15418
15417, 15418
15419, 15418
15432, 15418
15417, 15419
15418, 15419
15420, 15419
15421, 15419
15422, 15419
15432, 15419
15433, 15419
15419, 15420
15421, 15420
15422, 15420
15433, 15420
15419, 15421
15420, 15421
15422, 15421
15419, 15422
15420, 15422
15421, 15422
15423, 15422
15424, 15422
15425, 15422
15434, 15422
15422, 15423
15424, 15423
15425, 15423
15434, 15423
15422, 15424
15423, 15424
15425, 15424
15427, 15424
15422, 15425
15423, 15425
15424, 15425
15426, 15425
15427, 15425
15435, 15425
15425, 15426
15427, 15426
15440, 15426
15424, 15427
15425, 15427
15426, 15427
15441, 15427
15411, 15428
15412, 15428
15429, 15428
15436, 15428
15412, 15429
15428, 15429
15430, 15429
15436, 15429
15437, 15429
15413, 15430
15414, 15430
15429, 15430
15437, 15430
15416, 15431
15417, 15431
15432, 15431
15438, 15431
15418, 15432
15419, 15432
15431, 15432
15433, 15432
15419, 15433
15420, 15433
15432, 15433
15434, 15433
15422, 15434
15423, 15434
15433, 15434
15435, 15434
15425, 15435
15434, 15435
15439, 15435
15440, 15435
15412, 15436
15428, 15436
15429, 15436
15414, 15437
15429, 15437
15430, 15437
15414, 15438
15415, 15438
15416, 15438
15431, 15438
15435, 15439
15440, 15439
15441, 15439
15426, 15440
15435, 15440
15439, 15440
15441, 15440
15427, 15441
15439, 15441
15440, 15441
15442, 15441
15443, 15441
15445, 15441
15441, 15442
15443, 15442
15445, 15442
15441, 15443
15442, 15443
15445, 15443
15447, 15443
15446, 15444
15447, 15444
15448, 15444
15441, 15445
15442, 15445
15443, 15445
15447, 15445
15444, 15446
15447, 15446
15448, 15446
15443, 15447
15444, 15447
15445, 15447
15446, 15447
15448, 15447
15444, 15448
15446, 15448
15447, 15448
