8718, 8717
8735, 8717
8717, 8718
8719, 8718
8734, 8718
8752, 8718
8718, 8719
8720, 8719
8721, 8719
8735, 8719
8719, 8720
8721, 8720
8722, 8720
8736, 8720
8719, 8721
8720, 8721
8722, 8721
8736, 8721
8737, 8721
8720, 8722
8721, 8722
8723, 8722
8740, 8722
8722, 8723
8724, 8723
8739, 8723
8741, 8723
8723, 8724
8740, 8724
8753, 8724
8726, 8725
8743, 8725
8753, 8725
8761, 8725
8725, 8726
8727, 8726
8742, 8726
8755, 8726
8726, 8727
8728, 8727
8756, 8727
8757, 8727
8727, 8728
8729, 8728
8746, 8728
8758, 8728
8728, 8729
8730, 8729
8747, 8729
8729, 8730
8731, 8730
8730, 8731
8732, 8731
8749, 8731
8750, 8731
8754, 8731
8731, 8732
8733, 8732
8754, 8732
8732, 8733
8749, 8733
8750, 8733
8718, 8734
8735, 8734
8760, 8734
8717, 8735
8719, 8735
8734, 8735
8736, 8735
8720, 8736
8721, 8736
8735, 8736
8737, 8736
8721, 8737
8736, 8737
8738, 8737
8737, 8738
8739, 8738
8723, 8739
8738, 8739
8740, 8739
8722, 8740
8724, 8740
8739, 8740
8741, 8740
8723, 8741
8740, 8741
8761, 8741
8726, 8742
8743, 8742
8753, 8742
8761, 8742
8725, 8743
8742, 8743
8755, 8743
8763, 8743
8756, 8744
8764, 8744
8765, 8744
8746, 8745
8758, 8745
8766, 8745
8728, 8746
8745, 8746
8747, 8746
8729, 8747
8746, 8747
8748, 8747
8747, 8748
8749, 8748
8754, 8748
8762, 8748
8731, 8749
8733, 8749
8748, 8749
8750, 8749
8754, 8749
8762, 8749
8731, 8750
8733, 8750
8749, 8750
8752, 8751
8760, 8751
8718, 8752
8751, 8752
8759, 8752
8724, 8753
8725, 8753
8742, 8753
8731, 8754
8732, 8754
8748, 8754
8749, 8754
8726, 8755
8743, 8755
8756, 8755
8764, 8755
8727, 8756
8744, 8756
8755, 8756
8763, 8756
8727, 8757
8758, 8757
8766, 8757
8728, 8758
8745, 8758
8757, 8758
8765, 8758
8766, 8758
8752, 8759
8760, 8759
8734, 8760
8751, 8760
8759, 8760
8725, 8761
8741, 8761
8742, 8761
8748, 8762
8749, 8762
8743, 8763
8756, 8763
8764, 8763
8744, 8764
8755, 8764
8763, 8764
8744, 8765
8758, 8765
8766, 8765
8745, 8766
8757, 8766
8758, 8766
8765, 8766
