12084, 12083
12085, 12083
12089, 12083
12090, 12083
12083, 12084
12085, 12084
12090, 12084
12094, 12084
12083, 12085
12084, 12085
12089, 12085
12094, 12085
12087, 12086
12092, 12086
12086, 12087
12088, 12087
12091, 12087
12093, 12087
12087, 12088
12089, 12088
12092, 12088
12094, 12088
12083, 12089
12085, 12089
12088, 12089
12090, 12089
12093, 12089
12094, 12089
12083, 12090
12084, 12090
12089, 12090
12094, 12090
12087, 12091
12092, 12091
12086, 12092
12088, 12092
12091, 12092
12093, 12092
12087, 12093
12089, 12093
12092, 12093
12094, 12093
12084, 12094
12085, 12094
12088, 12094
12089, 12094
12090, 12094
12093, 12094
