4675, 4674
4679, 4674
4681, 4674
4674, 4675
4679, 4675
4681, 4675
4683, 4675
4677, 4676
4681, 4676
4685, 4676
4676, 4677
4679, 4677
4687, 4677
4679, 4678
4681, 4678
4689, 4678
4674, 4679
4675, 4679
4677, 4679
4678, 4679
4691, 4679
4681, 4680
4674, 4681
4675, 4681
4676, 4681
4678, 4681
4680, 4681
4684, 4681
4688, 4681
4683, 4682
4687, 4682
4690, 4682
4691, 4682
4675, 4683
4682, 4683
4686, 4683
4687, 4683
4690, 4683
4691, 4683
4681, 4684
4685, 4684
4676, 4685
4684, 4685
4688, 4685
4683, 4686
4687, 4686
4690, 4686
4677, 4687
4682, 4687
4683, 4687
4686, 4687
4691, 4687
4681, 4688
4685, 4688
4689, 4688
4678, 4689
4688, 4689
4682, 4690
4683, 4690
4686, 4690
4691, 4690
4679, 4691
4682, 4691
4683, 4691
4687, 4691
4690, 4691
