16608, 16594
16619, 16594
16620, 16594
16596, 16595
16608, 16595
16616, 16595
16620, 16595
16595, 16596
16597, 16596
16609, 16596
16596, 16597
16609, 16597
16621, 16597
16599, 16598
16609, 16598
16621, 16598
16622, 16598
16598, 16599
16610, 16599
16622, 16599
16611, 16600
16618, 16600
16624, 16600
16625, 16600
16611, 16601
16612, 16601
16626, 16601
16627, 16601
16603, 16602
16612, 16602
16613, 16602
16602, 16603
16613, 16603
16628, 16603
16613, 16604
16628, 16604
16629, 16604
16630, 16604
16614, 16605
16615, 16605
16630, 16605
16631, 16605
16607, 16606
16615, 16606
16632, 16606
16606, 16607
16632, 16607
16633, 16607
16634, 16607
16594, 16608
16595, 16608
16616, 16608
16619, 16608
16620, 16608
16596, 16609
16597, 16609
16598, 16609
16621, 16609
16599, 16610
16617, 16610
16623, 16610
16600, 16611
16601, 16611
16626, 16611
16627, 16611
16601, 16612
16602, 16612
16627, 16612
16602, 16613
16603, 16613
16604, 16613
16628, 16613
16605, 16614
16629, 16614
16630, 16614
16631, 16614
16605, 16615
16606, 16615
16632, 16615
16595, 16616
16608, 16616
16620, 16616
16610, 16617
16623, 16617
16624, 16617
16600, 16618
16623, 16618
16624, 16618
16625, 16618
16594, 16619
16608, 16619
16620, 16619
16594, 16620
16595, 16620
16608, 16620
16616, 16620
16619, 16620
16597, 16621
16598, 16621
16609, 16621
16622, 16621
16598, 16622
16599, 16622
16621, 16622
16610, 16623
16617, 16623
16618, 16623
16624, 16623
16600, 16624
16617, 16624
16618, 16624
16623, 16624
16625, 16624
16600, 16625
16618, 16625
16624, 16625
16601, 16626
16611, 16626
16627, 16626
16601, 16627
16611, 16627
16612, 16627
16626, 16627
16603, 16628
16604, 16628
16613, 16628
16604, 16629
16614, 16629
16630, 16629
16604, 16630
16605, 16630
16614, 16630
16629, 16630
16631, 16630
16605, 16631
16614, 16631
16630, 16631
16606, 16632
16607, 16632
16615, 16632
16633, 16632
16634, 16632
16607, 16633
16632, 16633
16634, 16633
16607, 16634
16632, 16634
16633, 16634
