19102, 19101
19118, 19101
19135, 19101
19101, 19102
19118, 19102
19121, 19102
19104, 19103
19105, 19103
19111, 19103
19133, 19103
19103, 19104
19105, 19104
19111, 19104
19124, 19104
19103, 19105
19104, 19105
19113, 19105
19115, 19105
19125, 19105
19130, 19105
19114, 19106
19128, 19106
19130, 19106
19147, 19106
19126, 19107
19129, 19107
19146, 19107
19117, 19108
19134, 19108
19151, 19108
19110, 19109
19118, 19109
19135, 19109
19109, 19110
19118, 19110
19121, 19110
19135, 19110
19138, 19110
19103, 19111
19104, 19111
19112, 19111
19124, 19111
19141, 19111
19150, 19111
19111, 19112
19124, 19112
19141, 19112
19105, 19113
19114, 19113
19125, 19113
19132, 19113
19142, 19113
19149, 19113
19106, 19114
19113, 19114
19115, 19114
19130, 19114
19147, 19114
19105, 19115
19114, 19115
19145, 19115
19147, 19115
19129, 19116
19146, 19116
19148, 19116
19108, 19117
19151, 19117
19101, 19118
19102, 19118
19109, 19118
19110, 19118
19120, 19119
19122, 19119
19139, 19119
19119, 19120
19121, 19120
19138, 19120
19102, 19121
19110, 19121
19120, 19121
19137, 19121
19119, 19122
19123, 19122
19136, 19122
19140, 19122
19122, 19123
19133, 19123
19139, 19123
19150, 19123
19104, 19124
19111, 19124
19112, 19124
19125, 19124
19132, 19124
19105, 19125
19113, 19125
19124, 19125
19132, 19125
19141, 19125
19149, 19125
19107, 19126
19127, 19126
19131, 19126
19144, 19126
19148, 19126
19126, 19127
19131, 19127
19134, 19127
19151, 19127
19106, 19128
19129, 19128
19146, 19128
19107, 19129
19116, 19129
19128, 19129
19145, 19129
19105, 19130
19106, 19130
19114, 19130
19126, 19131
19127, 19131
19143, 19131
19144, 19131
19113, 19132
19124, 19132
19125, 19132
19141, 19132
19142, 19132
19103, 19133
19123, 19133
19140, 19133
19108, 19134
19127, 19134
19144, 19134
19151, 19134
19101, 19135
19109, 19135
19110, 19135
19122, 19136
19137, 19136
19139, 19136
19121, 19137
19136, 19137
19138, 19137
19110, 19138
19120, 19138
19137, 19138
19119, 19139
19123, 19139
19136, 19139
19140, 19139
19122, 19140
19133, 19140
19139, 19140
19150, 19140
19111, 19141
19112, 19141
19125, 19141
19132, 19141
19142, 19141
19113, 19142
19132, 19142
19141, 19142
19149, 19142
19131, 19143
19144, 19143
19148, 19143
19126, 19144
19131, 19144
19134, 19144
19143, 19144
19151, 19144
19115, 19145
19129, 19145
19146, 19145
19107, 19146
19116, 19146
19128, 19146
19145, 19146
19106, 19147
19114, 19147
19115, 19147
19116, 19148
19126, 19148
19143, 19148
19113, 19149
19125, 19149
19142, 19149
19111, 19150
19123, 19150
19140, 19150
19108, 19151
19117, 19151
19127, 19151
19134, 19151
19144, 19151
