15129, 15116
15130, 15116
15136, 15116
15118, 15117
15124, 15117
15127, 15117
15131, 15117
15117, 15118
15119, 15118
15123, 15118
15127, 15118
15128, 15118
15135, 15118
15118, 15119
15121, 15119
15122, 15119
15123, 15119
15128, 15119
15129, 15120
15130, 15120
15136, 15120
15119, 15121
15122, 15121
15123, 15121
15131, 15121
15134, 15121
15119, 15122
15121, 15122
15123, 15122
15134, 15122
15135, 15122
15118, 15123
15119, 15123
15121, 15123
15122, 15123
15135, 15123
15117, 15124
15125, 15124
15132, 15124
15124, 15125
15126, 15125
15131, 15125
15133, 15125
15125, 15126
15130, 15126
15132, 15126
15117, 15127
15118, 15127
15128, 15127
15135, 15127
15118, 15128
15119, 15128
15127, 15128
15134, 15128
15116, 15129
15120, 15129
15130, 15129
15137, 15129
15116, 15130
15120, 15130
15126, 15130
15129, 15130
15136, 15130
15137, 15130
15117, 15131
15121, 15131
15125, 15131
15132, 15131
15124, 15132
15126, 15132
15131, 15132
15133, 15132
15125, 15133
15132, 15133
15137, 15133
15121, 15134
15122, 15134
15128, 15134
15135, 15134
15118, 15135
15122, 15135
15123, 15135
15127, 15135
15134, 15135
15116, 15136
15120, 15136
15130, 15136
15137, 15136
15129, 15137
15130, 15137
15133, 15137
15136, 15137
