11147, 11146
11167, 11146
11168, 11146
11146, 11147
11168, 11147
11169, 11147
11171, 11147
11149, 11148
11150, 11148
11170, 11148
11148, 11149
11150, 11149
11170, 11149
11172, 11149
11148, 11150
11149, 11150
11151, 11150
11152, 11150
11172, 11150
11173, 11150
11150, 11151
11152, 11151
11153, 11151
11154, 11151
11173, 11151
11150, 11152
11151, 11152
11153, 11152
11154, 11152
11151, 11153
11152, 11153
11154, 11153
11151, 11154
11152, 11154
11153, 11154
11155, 11154
11154, 11155
11156, 11155
11157, 11155
11155, 11156
11157, 11156
11158, 11156
11155, 11157
11156, 11157
11158, 11157
11156, 11158
11157, 11158
11159, 11158
11160, 11158
11158, 11159
11160, 11159
11161, 11159
11162, 11159
11158, 11160
11159, 11160
11161, 11160
11162, 11160
11163, 11160
11159, 11161
11160, 11161
11162, 11161
11163, 11161
11164, 11161
11159, 11162
11160, 11162
11161, 11162
11163, 11162
11164, 11162
11160, 11163
11161, 11163
11162, 11163
11164, 11163
11161, 11164
11162, 11164
11163, 11164
11166, 11165
11167, 11165
11168, 11165
11165, 11166
11167, 11166
11168, 11166
11146, 11167
11165, 11167
11166, 11167
11168, 11167
11169, 11167
11146, 11168
11147, 11168
11165, 11168
11166, 11168
11167, 11168
11169, 11168
11147, 11169
11167, 11169
11168, 11169
11171, 11169
11148, 11170
11149, 11170
11171, 11170
11147, 11171
11169, 11171
11170, 11171
11149, 11172
11150, 11172
11173, 11172
11150, 11173
11151, 11173
11172, 11173
