4558, 4552
4559, 4552
4568, 4552
4554, 4553
4570, 4553
4571, 4553
4572, 4553
4575, 4553
4577, 4553
4553, 4554
4565, 4554
4572, 4554
4577, 4554
4580, 4554
4560, 4555
4566, 4555
4567, 4555
4581, 4555
4586, 4555
4557, 4556
4562, 4556
4563, 4556
4564, 4556
4583, 4556
4585, 4556
4556, 4557
4564, 4557
4585, 4557
4588, 4557
4552, 4558
4559, 4558
4578, 4558
4586, 4558
4590, 4558
4552, 4559
4558, 4559
4560, 4559
4566, 4559
4555, 4560
4559, 4560
4561, 4560
4569, 4560
4581, 4560
4560, 4561
4562, 4561
4568, 4561
4556, 4562
4561, 4562
4563, 4562
4564, 4562
4556, 4563
4562, 4563
4564, 4563
4556, 4564
4557, 4564
4562, 4564
4563, 4564
4565, 4564
4572, 4564
4554, 4565
4564, 4565
4572, 4565
4555, 4566
4559, 4566
4567, 4566
4568, 4566
4555, 4567
4566, 4567
4568, 4567
4552, 4568
4561, 4568
4566, 4568
4567, 4568
4569, 4568
4560, 4569
4568, 4569
4570, 4569
4553, 4570
4569, 4570
4571, 4570
4572, 4570
4553, 4571
4570, 4571
4572, 4571
4553, 4572
4554, 4572
4564, 4572
4565, 4572
4570, 4572
4571, 4572
4574, 4573
4578, 4573
4582, 4573
4573, 4574
4576, 4574
4581, 4574
4553, 4575
4576, 4575
4577, 4575
4584, 4575
4585, 4575
4574, 4576
4575, 4576
4583, 4576
4553, 4577
4554, 4577
4575, 4577
4580, 4577
4583, 4577
4588, 4577
4558, 4578
4573, 4578
4579, 4578
4590, 4578
4578, 4579
4586, 4579
4589, 4579
4590, 4579
4554, 4580
4577, 4580
4585, 4580
4588, 4580
4555, 4581
4560, 4581
4574, 4581
4582, 4581
4573, 4582
4581, 4582
4584, 4582
4556, 4583
4576, 4583
4577, 4583
4584, 4583
4585, 4583
4575, 4584
4582, 4584
4583, 4584
4556, 4585
4557, 4585
4575, 4585
4580, 4585
4583, 4585
4588, 4585
4555, 4586
4558, 4586
4579, 4586
4587, 4586
4590, 4586
4586, 4587
4589, 4587
4590, 4587
4557, 4588
4577, 4588
4580, 4588
4585, 4588
4579, 4589
4587, 4589
4590, 4589
4558, 4590
4578, 4590
4579, 4590
4586, 4590
4587, 4590
4589, 4590
