5.000000,  7.209250, 13.980000, -0.140000,  0.601000, 41.800000,  2.000000,  3.000000,  0.000000,  1.000000,  2.000000,  2.000000,  2.000000,  2.000000,  1.000000,  2.000000,  3.000000,  0.000000, 1, 0, 0
5.000000,  7.837521, 11.470000,  0.670000,  0.530000, 37.200000,  3.000000,  1.000000,  1.000000,  0.000000,  4.000000,  1.000000,  2.000000,  3.000000,  0.000000,  3.000000,  1.000000,  1.000000, 1, 0, 0
8.000000, 10.765516, 37.490000,  1.540000,  1.793000, 65.100000,  1.000000,  4.000000,  3.000000,  3.000000,  2.000000,  3.000000,  3.000000,  1.000000,  4.000000,  0.000000,  5.000000,  3.000000, 1, 0, 0
3.000000,  5.653529, 10.320000, -1.950000,  0.461000, 31.500000,  1.000000,  1.000000,  1.000000,  2.000000,  1.000000,  0.000000,  0.000000,  1.000000,  2.000000,  1.000000,  1.000000,  1.000000, 1, 0, 0
15.000000, 21.596846, 54.360000,  2.460000,  2.500000,126.800000,  4.000000,  6.000000,  5.000000,  6.000000,  4.000000,  5.000000,  6.000000,  3.000000,  6.000000,  3.000000,  7.000000,  5.000000, 1, 0, 0
6.000000,  9.663255, 10.160000, -3.610000,  0.410000, 59.800000,  6.000000,  0.000000,  0.000000,  2.000000,  4.000000,  0.000000,  0.000000,  4.000000,  2.000000,  6.000000,  0.000000,  0.000000, 1, 0, 0
14.000000, 19.208495, 54.600000,  5.610000,  2.548000,108.700000,  3.000000,  6.000000,  5.000000,  4.000000,  4.000000,  6.000000,  7.000000,  3.000000,  4.000000,  2.000000,  7.000000,  5.000000, 1, 0, 0
20.000000, 28.578385, 60.510000, -1.350000,  2.769000,175.000000,  8.000000,  7.000000,  5.000000,  7.000000,  9.000000,  4.000000,  5.000000,  8.000000,  7.000000,  8.000000,  7.000000,  5.000000, 1, 0, 0
13.000000, 18.835235, 45.890000,  1.510000,  2.121000,114.000000,  4.000000,  5.000000,  4.000000,  6.000000,  3.000000,  4.000000,  4.000000,  3.000000,  6.000000,  4.000000,  5.000000,  4.000000, 1, 0, 0
8.000000, 11.011585, 25.990000,  0.150000,  1.207000, 68.100000,  5.000000,  0.000000,  3.000000,  2.000000,  5.000000,  1.000000,  2.000000,  4.000000,  2.000000,  4.000000,  1.000000,  3.000000, 1, 0, 0
15.000000, 20.720535, 50.890000, -4.250000,  2.318000,138.500000,  6.000000,  4.000000,  5.000000,  7.000000,  5.000000,  3.000000,  3.000000,  5.000000,  7.000000,  6.000000,  4.000000,  5.000000, 1, 0, 0
3.000000,  5.535193, 10.090000, -0.390000,  0.460000, 23.000000,  2.000000,  0.000000,  1.000000,  0.000000,  2.000000,  1.000000,  1.000000,  2.000000,  0.000000,  2.000000,  0.000000,  1.000000, 1, 0, 0
12.000000, 15.950388, 43.400000,  3.050000,  1.965000, 98.800000,  5.000000,  4.000000,  3.000000,  4.000000,  3.000000,  5.000000,  6.000000,  2.000000,  4.000000,  4.000000,  5.000000,  3.000000, 1, 0, 0
14.000000, 20.018222, 40.490000,  0.260000,  1.842000,119.600000,  6.000000,  4.000000,  4.000000,  3.000000,  8.000000,  3.000000,  4.000000,  6.000000,  4.000000,  6.000000,  4.000000,  4.000000, 1, 0, 0
16.000000, 22.233420, 56.050000,  0.440000,  2.576000,136.400000,  6.000000,  5.000000,  5.000000,  5.000000,  6.000000,  5.000000,  5.000000,  5.000000,  6.000000,  6.000000,  5.000000,  5.000000, 1, 0, 0
12.000000, 14.926846, 46.590000,  0.910000,  2.097000,104.300000,  4.000000,  6.000000,  2.000000,  5.000000,  2.000000,  5.000000,  5.000000,  2.000000,  5.000000,  3.000000,  7.000000,  2.000000, 1, 0, 0
8.000000, 22.620980, 32.100000,  7.540000,  1.517000, 47.800000,  2.000000,  4.000000,  2.000000,  0.000000,  2.000000,  6.000000,  6.000000,  2.000000,  0.000000,  1.000000,  5.000000,  2.000000, 0, 1, 0
3.000000,  6.903983, 12.000000,  4.760000,  0.558000, 15.300000,  0.000000,  3.000000,  0.000000,  0.000000,  0.000000,  3.000000,  3.000000,  0.000000,  0.000000,  0.000000,  3.000000,  0.000000, 0, 1, 0
4.000000, 10.073691, 13.900000,  3.710000,  0.658000, 25.000000,  2.000000,  1.000000,  1.000000,  0.000000,  2.000000,  2.000000,  3.000000,  1.000000,  0.000000,  1.000000,  2.000000,  1.000000, 0, 1, 0
5.000000, 13.377982, 15.770000,  3.540000,  0.731000, 36.600000,  1.000000,  3.000000,  1.000000,  1.000000,  1.000000,  3.000000,  3.000000,  1.000000,  1.000000,  1.000000,  3.000000,  1.000000, 0, 1, 0
8.000000, 18.378610, 27.730000,  3.390000,  1.287000, 58.900000,  3.000000,  2.000000,  3.000000,  1.000000,  4.000000,  3.000000,  4.000000,  3.000000,  1.000000,  3.000000,  2.000000,  3.000000, 0, 1, 0
4.000000,  9.853704,  9.150000,  1.830000,  0.445000, 27.500000,  3.000000,  1.000000,  0.000000,  0.000000,  2.000000,  2.000000,  2.000000,  2.000000,  0.000000,  1.000000,  3.000000,  0.000000, 0, 1, 0
6.000000, 15.885701, 22.680000,  5.590000,  1.043000, 41.000000,  2.000000,  3.000000,  1.000000,  1.000000,  1.000000,  4.000000,  5.000000,  0.000000,  1.000000,  1.000000,  4.000000,  1.000000, 0, 1, 0
7.000000, 19.382125, 21.490000,  4.790000,  1.004000, 45.300000,  2.000000,  4.000000,  1.000000,  0.000000,  2.000000,  5.000000,  5.000000,  2.000000,  0.000000,  2.000000,  4.000000,  1.000000, 0, 1, 0
8.000000, 22.620980, 32.100000,  7.540000,  1.517000, 47.800000,  2.000000,  4.000000,  2.000000,  0.000000,  2.000000,  6.000000,  6.000000,  2.000000,  0.000000,  1.000000,  5.000000,  2.000000, 0, 1, 0
3.000000,  6.903983, 12.000000,  4.760000,  0.558000, 15.300000,  0.000000,  3.000000,  0.000000,  0.000000,  0.000000,  3.000000,  3.000000,  0.000000,  0.000000,  0.000000,  3.000000,  0.000000, 0, 1, 0
8.000000, 22.620980, 32.100000,  7.540000,  1.517000, 47.800000,  2.000000,  4.000000,  2.000000,  0.000000,  2.000000,  6.000000,  6.000000,  2.000000,  0.000000,  1.000000,  5.000000,  2.000000, 0, 1, 0
