3853, 3852
3855, 3852
3863, 3852
3866, 3852
3852, 3853
3863, 3853
3871, 3853
3872, 3853
3857, 3854
3864, 3854
3852, 3855
3866, 3855
3867, 3855
3868, 3855
3868, 3856
3873, 3856
3854, 3857
3858, 3857
3859, 3857
3862, 3857
3864, 3857
3865, 3857
3869, 3857
3857, 3858
3862, 3858
3863, 3858
3865, 3858
3866, 3858
3870, 3858
3857, 3859
3864, 3859
3869, 3859
3866, 3860
3867, 3860
3872, 3860
3873, 3860
3868, 3861
3873, 3861
3857, 3862
3858, 3862
3864, 3862
3865, 3862
3869, 3862
3870, 3862
3852, 3863
3853, 3863
3858, 3863
3866, 3863
3870, 3863
3854, 3864
3857, 3864
3859, 3864
3862, 3864
3857, 3865
3858, 3865
3862, 3865
3869, 3865
3852, 3866
3855, 3866
3858, 3866
3860, 3866
3863, 3866
3867, 3866
3855, 3867
3860, 3867
3866, 3867
3855, 3868
3856, 3868
3861, 3868
3871, 3868
3872, 3868
3873, 3868
3857, 3869
3859, 3869
3862, 3869
3865, 3869
3870, 3869
3858, 3870
3862, 3870
3863, 3870
3869, 3870
3853, 3871
3868, 3871
3872, 3871
3853, 3872
3860, 3872
3868, 3872
3871, 3872
3856, 3873
3860, 3873
3861, 3873
3868, 3873
