20.000000, 28.825517, 77.560000, -0.130000,  3.514000,173.100000,  4.000000,  9.000000,  7.000000,  8.000000,  6.000000,  6.000000,  8.000000,  4.000000,  8.000000,  4.000000,  9.000000,  7.000000, 1, 0, 0
5.000000,  7.030166, 21.050000,  1.580000,  0.982000, 39.700000,  0.000000,  3.000000,  2.000000,  2.000000,  0.000000,  3.000000,  3.000000,  0.000000,  2.000000,  0.000000,  3.000000,  2.000000, 1, 0, 0
20.000000, 28.586836, 77.130000, -5.280000,  3.482000,186.100000,  5.000000,  8.000000,  7.000000, 10.000000,  6.000000,  4.000000,  5.000000,  5.000000, 10.000000,  4.000000,  9.000000,  7.000000, 1, 0, 0
7.000000, 10.392200, 24.970000,  3.080000,  1.133000, 49.000000,  2.000000,  4.000000,  1.000000,  1.000000,  2.000000,  4.000000,  4.000000,  2.000000,  1.000000,  2.000000,  4.000000,  1.000000, 1, 0, 0
25.000000, 35.987468, 86.180000,  3.640000,  4.004000,198.300000, 10.000000,  7.000000,  8.000000,  5.000000, 10.000000, 10.000000, 10.000000,  9.000000,  6.000000,  9.000000,  8.000000,  8.000000, 1, 0, 0
5.000000,  8.150680, 10.550000, -1.390000,  0.462000, 48.600000,  4.000000,  0.000000,  1.000000,  2.000000,  3.000000,  0.000000,  0.000000,  3.000000,  2.000000,  4.000000,  0.000000,  1.000000, 1, 0, 0
25.000000, 35.912175, 96.900000,  3.820000,  4.532000,212.700000,  7.000000,  8.000000, 10.000000,  8.000000,  9.000000,  8.000000,  8.000000,  7.000000, 10.000000,  5.000000, 10.000000, 10.000000, 1, 0, 0
4.000000,  5.761298,  7.200000, -1.600000,  0.310000, 32.300000,  3.000000,  1.000000,  0.000000,  0.000000,  3.000000,  1.000000,  1.000000,  3.000000,  0.000000,  3.000000,  1.000000,  0.000000, 1, 0, 0
5.000000,  6.184531, 15.200000,  1.770000,  0.718000, 38.100000,  2.000000,  1.000000,  2.000000,  1.000000,  2.000000,  2.000000,  2.000000,  2.000000,  1.000000,  2.000000,  1.000000,  2.000000, 1, 0, 0
13.000000, 15.873029, 48.170000,  2.930000,  2.183000,105.800000,  5.000000,  5.000000,  3.000000,  4.000000,  3.000000,  6.000000,  7.000000,  2.000000,  4.000000,  4.000000,  6.000000,  3.000000, 1, 0, 0
12.000000, 15.121258, 51.950000,  1.960000,  2.474000, 96.400000,  3.000000,  5.000000,  4.000000,  4.000000,  3.000000,  5.000000,  5.000000,  3.000000,  4.000000,  2.000000,  6.000000,  4.000000, 1, 0, 0
13.000000, 18.076792, 46.620000,  3.650000,  2.161000, 99.800000,  6.000000,  2.000000,  5.000000,  1.000000,  8.000000,  4.000000,  6.000000,  5.000000,  2.000000,  5.000000,  3.000000,  5.000000, 1, 0, 0
11.000000, 15.482482, 46.130000,  5.000000,  2.183000, 85.400000,  3.000000,  2.000000,  6.000000,  2.000000,  5.000000,  4.000000,  5.000000,  3.000000,  3.000000,  2.000000,  3.000000,  6.000000, 1, 0, 0
3.000000,  5.371626,  6.630000, -0.970000,  0.298000, 23.300000,  3.000000,  0.000000,  0.000000,  0.000000,  2.000000,  1.000000,  1.000000,  2.000000,  0.000000,  2.000000,  1.000000,  0.000000, 1, 0, 0
10.000000, 13.968908, 36.630000,  3.800000,  1.736000, 74.700000,  3.000000,  4.000000,  3.000000,  2.000000,  4.000000,  4.000000,  5.000000,  3.000000,  2.000000,  3.000000,  4.000000,  3.000000, 1, 0, 0
10.000000, 14.264573, 36.660000,  1.450000,  1.733000, 82.900000,  3.000000,  4.000000,  3.000000,  3.000000,  4.000000,  3.000000,  3.000000,  3.000000,  4.000000,  1.000000,  6.000000,  3.000000, 1, 0, 0
3.000000,  5.689763,  6.780000, -0.030000,  0.291000, 27.200000,  2.000000,  1.000000,  0.000000,  1.000000,  1.000000,  1.000000,  1.000000,  1.000000,  1.000000,  2.000000,  1.000000,  0.000000, 1, 0, 0
12.000000, 16.596437, 42.930000,  0.590000,  1.961000, 94.300000,  4.000000,  5.000000,  3.000000,  3.000000,  4.000000,  5.000000,  6.000000,  3.000000,  3.000000,  3.000000,  6.000000,  3.000000, 1, 0, 0
10.000000, 14.459328, 26.580000, -3.150000,  1.221000, 86.500000,  6.000000,  3.000000,  1.000000,  3.000000,  4.000000,  3.000000,  3.000000,  4.000000,  3.000000,  3.000000,  6.000000,  1.000000, 1, 0, 0
11.000000, 15.927420,  0.000000,  0.000000,  0.000000,  0.000000,  0.000000,  0.000000,  0.000000,  0.000000,  0.000000,  0.000000,  0.000000,  0.000000,  0.000000,  0.000000,  0.000000,  0.000000, 1, 0, 0
12.000000, 16.408178,  0.000000,  0.000000,  0.000000,  0.000000,  0.000000,  0.000000,  0.000000,  0.000000,  0.000000,  0.000000,  0.000000,  0.000000,  0.000000,  0.000000,  0.000000,  0.000000, 1, 0, 0
5.000000,  6.729051,  0.000000,  0.000000,  0.000000,  0.000000,  0.000000,  0.000000,  0.000000,  0.000000,  0.000000,  0.000000,  0.000000,  0.000000,  0.000000,  0.000000,  0.000000,  0.000000, 1, 0, 0
6.000000,  9.345300,  0.000000,  0.000000,  0.000000,  0.000000,  0.000000,  0.000000,  0.000000,  0.000000,  0.000000,  0.000000,  0.000000,  0.000000,  0.000000,  0.000000,  0.000000,  0.000000, 1, 0, 0
6.000000,  8.442169,  0.000000,  0.000000,  0.000000,  0.000000,  0.000000,  0.000000,  0.000000,  0.000000,  0.000000,  0.000000,  0.000000,  0.000000,  0.000000,  0.000000,  0.000000,  0.000000, 1, 0, 0
6.000000,  8.863522,  0.000000,  0.000000,  0.000000,  0.000000,  0.000000,  0.000000,  0.000000,  0.000000,  0.000000,  0.000000,  0.000000,  0.000000,  0.000000,  0.000000,  0.000000,  0.000000, 1, 0, 0
8.000000, 11.262324,  0.000000,  0.000000,  0.000000,  0.000000,  0.000000,  0.000000,  0.000000,  0.000000,  0.000000,  0.000000,  0.000000,  0.000000,  0.000000,  0.000000,  0.000000,  0.000000, 1, 0, 0
6.000000,  8.516072,  0.000000,  0.000000,  0.000000,  0.000000,  0.000000,  0.000000,  0.000000,  0.000000,  0.000000,  0.000000,  0.000000,  0.000000,  0.000000,  0.000000,  0.000000,  0.000000, 1, 0, 0
3.000000,  7.036548, 12.730000, -0.050000,  0.585000, 24.000000,  1.000000,  1.000000,  1.000000,  1.000000,  1.000000,  1.000000,  1.000000,  1.000000,  1.000000,  1.000000,  1.000000,  1.000000, 0, 1, 0
3.000000,  6.439092, 12.720000, -0.370000,  0.585000, 26.700000,  0.000000,  2.000000,  1.000000,  2.000000,  0.000000,  1.000000,  1.000000,  0.000000,  2.000000,  0.000000,  2.000000,  1.000000, 0, 1, 0
4.000000, 10.471176, 16.430000,  2.790000,  0.775000, 32.800000,  0.000000,  2.000000,  2.000000,  1.000000,  1.000000,  2.000000,  2.000000,  0.000000,  2.000000,  0.000000,  2.000000,  2.000000, 0, 1, 0
6.000000, 16.658277, 16.810000,  0.340000,  0.759000, 45.200000,  3.000000,  3.000000,  0.000000,  1.000000,  2.000000,  3.000000,  3.000000,  2.000000,  1.000000,  2.000000,  4.000000,  0.000000, 0, 1, 0
6.000000, 17.692553, 27.750000,  3.820000,  1.300000, 42.500000,  2.000000,  1.000000,  3.000000,  1.000000,  2.000000,  3.000000,  4.000000,  1.000000,  1.000000,  1.000000,  2.000000,  3.000000, 0, 1, 0
2.000000,  3.815249,  4.780000, -1.120000,  0.197000, 20.400000,  1.000000,  1.000000,  0.000000,  1.000000,  1.000000,  0.000000,  0.000000,  1.000000,  1.000000,  1.000000,  1.000000,  0.000000, 0, 1, 0
2.000000,  3.810165,  0.000000,  0.000000,  0.000000,  0.000000,  0.000000,  0.000000,  0.000000,  0.000000,  0.000000,  0.000000,  0.000000,  0.000000,  0.000000,  0.000000,  0.000000,  0.000000, 0, 1, 0
2.000000,  3.832471,  0.000000,  0.000000,  0.000000,  0.000000,  0.000000,  0.000000,  0.000000,  0.000000,  0.000000,  0.000000,  0.000000,  0.000000,  0.000000,  0.000000,  0.000000,  0.000000, 0, 1, 0
5.000000, 11.353365,  0.000000,  0.000000,  0.000000,  0.000000,  0.000000,  0.000000,  0.000000,  0.000000,  0.000000,  0.000000,  0.000000,  0.000000,  0.000000,  0.000000,  0.000000,  0.000000, 0, 1, 0
6.000000, 16.305594,  0.000000,  0.000000,  0.000000,  0.000000,  0.000000,  0.000000,  0.000000,  0.000000,  0.000000,  0.000000,  0.000000,  0.000000,  0.000000,  0.000000,  0.000000,  0.000000, 0, 1, 0
5.000000, 13.355555,  0.000000,  0.000000,  0.000000,  0.000000,  0.000000,  0.000000,  0.000000,  0.000000,  0.000000,  0.000000,  0.000000,  0.000000,  0.000000,  0.000000,  0.000000,  0.000000, 0, 1, 0
4.000000, 10.062940,  0.000000,  0.000000,  0.000000,  0.000000,  0.000000,  0.000000,  0.000000,  0.000000,  0.000000,  0.000000,  0.000000,  0.000000,  0.000000,  0.000000,  0.000000,  0.000000, 0, 1, 0
