14610, 14609
14625, 14609
14626, 14609
14609, 14610
14618, 14610
14625, 14610
14626, 14610
14612, 14611
14624, 14611
14631, 14611
14632, 14611
14611, 14612
14631, 14612
14632, 14612
14614, 14613
14618, 14613
14624, 14613
14626, 14613
14627, 14613
14633, 14613
14613, 14614
14615, 14614
14619, 14614
14628, 14614
14629, 14614
14634, 14614
14614, 14615
14616, 14615
14620, 14615
14622, 14615
14629, 14615
14630, 14615
14636, 14615
14615, 14616
14617, 14616
14621, 14616
14623, 14616
14630, 14616
14636, 14616
14616, 14617
14622, 14617
14610, 14618
14613, 14618
14619, 14618
14624, 14618
14614, 14619
14618, 14619
14624, 14619
14632, 14619
14633, 14619
14615, 14620
14634, 14620
14635, 14620
14616, 14621
14622, 14621
14635, 14621
14636, 14621
14615, 14622
14617, 14622
14621, 14622
14623, 14622
14636, 14622
14616, 14623
14622, 14623
14611, 14624
14613, 14624
14618, 14624
14619, 14624
14609, 14625
14610, 14625
14626, 14625
14627, 14625
14609, 14626
14610, 14626
14613, 14626
14625, 14626
14627, 14626
14629, 14626
14613, 14627
14625, 14627
14626, 14627
14628, 14627
14631, 14627
14632, 14627
14635, 14627
14614, 14628
14627, 14628
14629, 14628
14630, 14628
14631, 14628
14635, 14628
14614, 14629
14615, 14629
14626, 14629
14628, 14629
14630, 14629
14615, 14630
14616, 14630
14628, 14630
14629, 14630
14635, 14630
14611, 14631
14612, 14631
14627, 14631
14628, 14631
14632, 14631
14633, 14631
14611, 14632
14612, 14632
14619, 14632
14627, 14632
14631, 14632
14633, 14632
14613, 14633
14619, 14633
14631, 14633
14632, 14633
14634, 14633
14614, 14634
14620, 14634
14633, 14634
14620, 14635
14621, 14635
14627, 14635
14628, 14635
14630, 14635
14615, 14636
14616, 14636
14621, 14636
14622, 14636
