4269, 4263
4274, 4263
4275, 4263
4265, 4264
4266, 4264
4267, 4264
4271, 4264
4273, 4264
4264, 4265
4266, 4265
4267, 4265
4268, 4265
4273, 4265
4277, 4265
4264, 4266
4265, 4266
4267, 4266
4268, 4266
4276, 4266
4264, 4267
4265, 4267
4266, 4267
4268, 4267
4265, 4268
4266, 4268
4267, 4268
4263, 4269
4270, 4269
4272, 4269
4274, 4269
4275, 4269
4269, 4270
4271, 4270
4272, 4270
4274, 4270
4275, 4270
4264, 4271
4270, 4271
4272, 4271
4273, 4271
4277, 4271
4269, 4272
4270, 4272
4271, 4272
4273, 4272
4264, 4273
4265, 4273
4271, 4273
4272, 4273
4276, 4273
4277, 4273
4278, 4273
4263, 4274
4269, 4274
4270, 4274
4275, 4274
4263, 4275
4269, 4275
4270, 4275
4274, 4275
4266, 4276
4273, 4276
4277, 4276
4278, 4276
4265, 4277
4271, 4277
4273, 4277
4276, 4277
4278, 4277
4273, 4278
4276, 4278
4277, 4278
