1860, 1855
1865, 1855
1869, 1855
1857, 1856
1858, 1856
1859, 1856
1868, 1856
1856, 1857
1858, 1857
1859, 1857
1861, 1857
1868, 1857
1856, 1858
1857, 1858
1859, 1858
1861, 1858
1862, 1858
1863, 1858
1864, 1858
1856, 1859
1857, 1859
1858, 1859
1855, 1860
1865, 1860
1869, 1860
1857, 1861
1858, 1861
1862, 1861
1872, 1861
1858, 1862
1861, 1862
1863, 1862
1864, 1862
1858, 1863
1862, 1863
1864, 1863
1858, 1864
1862, 1864
1863, 1864
1855, 1865
1860, 1865
1866, 1865
1869, 1865
1870, 1865
1865, 1866
1867, 1866
1869, 1866
1870, 1866
1871, 1866
1866, 1867
1868, 1867
1871, 1867
1872, 1867
1856, 1868
1857, 1868
1867, 1868
1872, 1868
1855, 1869
1860, 1869
1865, 1869
1866, 1869
1870, 1869
1865, 1870
1866, 1870
1869, 1870
1871, 1870
1866, 1871
1867, 1871
1870, 1871
1872, 1871
1861, 1872
1867, 1872
1868, 1872
1871, 1872
