18656, 18655
18657, 18655
18671, 18655
18679, 18655
18681, 18655
18655, 18656
18657, 18656
18658, 18656
18655, 18657
18656, 18657
18658, 18657
18656, 18658
18657, 18658
18659, 18658
18671, 18658
18658, 18659
18660, 18659
18661, 18659
18678, 18659
18681, 18659
18659, 18660
18661, 18660
18678, 18660
18659, 18661
18660, 18661
18677, 18661
18663, 18662
18676, 18662
18677, 18662
18662, 18663
18664, 18663
18675, 18663
18676, 18663
18663, 18664
18665, 18664
18675, 18664
18664, 18665
18666, 18665
18667, 18665
18674, 18665
18675, 18665
18665, 18666
18667, 18666
18668, 18666
18673, 18666
18674, 18666
18665, 18667
18666, 18667
18668, 18667
18673, 18667
18674, 18667
18666, 18668
18667, 18668
18669, 18668
18673, 18668
18668, 18669
18670, 18669
18672, 18669
18680, 18669
18669, 18670
18672, 18670
18680, 18670
18655, 18671
18658, 18671
18678, 18671
18679, 18671
18681, 18671
18669, 18672
18670, 18672
18680, 18672
18666, 18673
18667, 18673
18668, 18673
18674, 18673
18665, 18674
18666, 18674
18667, 18674
18673, 18674
18663, 18675
18664, 18675
18665, 18675
18676, 18675
18662, 18676
18663, 18676
18675, 18676
18661, 18677
18662, 18677
18678, 18677
18659, 18678
18660, 18678
18671, 18678
18677, 18678
18655, 18679
18671, 18679
18681, 18679
18669, 18680
18670, 18680
18672, 18680
18655, 18681
18659, 18681
18671, 18681
18679, 18681
