8122, 8121
8123, 8121
8136, 8121
8121, 8122
8123, 8122
8124, 8122
8136, 8122
8121, 8123
8122, 8123
8124, 8123
8136, 8123
8138, 8123
8122, 8124
8123, 8124
8125, 8124
8126, 8124
8138, 8124
8124, 8125
8126, 8125
8138, 8125
8124, 8126
8125, 8126
8138, 8126
8139, 8126
8128, 8127
8129, 8127
8139, 8127
8127, 8128
8129, 8128
8130, 8128
8139, 8128
8127, 8129
8128, 8129
8130, 8129
8131, 8129
8140, 8129
8128, 8130
8129, 8130
8131, 8130
8140, 8130
8141, 8130
8129, 8131
8130, 8131
8132, 8131
8141, 8131
8142, 8131
8131, 8132
8133, 8132
8134, 8132
8144, 8132
8132, 8133
8134, 8133
8135, 8133
8144, 8133
8132, 8134
8133, 8134
8135, 8134
8137, 8134
8144, 8134
8133, 8135
8134, 8135
8137, 8135
8121, 8136
8122, 8136
8123, 8136
8134, 8137
8135, 8137
8144, 8137
8123, 8138
8124, 8138
8125, 8138
8126, 8138
8126, 8139
8127, 8139
8128, 8139
8129, 8140
8130, 8140
8141, 8140
8142, 8140
8130, 8141
8131, 8141
8140, 8141
8142, 8141
8143, 8141
8131, 8142
8140, 8142
8141, 8142
8143, 8142
8144, 8142
8141, 8143
8142, 8143
8144, 8143
8132, 8144
8133, 8144
8134, 8144
8137, 8144
8142, 8144
8143, 8144
