11119, 11118
11139, 11118
11140, 11118
11142, 11118
11118, 11119
11120, 11119
11121, 11119
11143, 11119
11119, 11120
11121, 11120
11122, 11120
11119, 11121
11120, 11121
11122, 11121
11123, 11121
11144, 11121
11120, 11122
11121, 11122
11123, 11122
11124, 11122
11145, 11122
11121, 11123
11122, 11123
11124, 11123
11125, 11123
11122, 11124
11123, 11124
11125, 11124
11123, 11125
11124, 11125
11126, 11125
11125, 11126
11127, 11126
11128, 11126
11126, 11127
11128, 11127
11129, 11127
11126, 11128
11127, 11128
11129, 11128
11127, 11129
11128, 11129
11130, 11129
11129, 11130
11131, 11130
11132, 11130
11130, 11131
11132, 11131
11133, 11131
11134, 11131
11135, 11131
11130, 11132
11131, 11132
11133, 11132
11131, 11133
11132, 11133
11134, 11133
11135, 11133
11131, 11134
11133, 11134
11135, 11134
11131, 11135
11133, 11135
11134, 11135
11137, 11136
11138, 11136
11139, 11136
11136, 11137
11138, 11137
11139, 11137
11140, 11137
11136, 11138
11137, 11138
11139, 11138
11140, 11138
11118, 11139
11136, 11139
11137, 11139
11138, 11139
11140, 11139
11118, 11140
11137, 11140
11138, 11140
11139, 11140
11142, 11140
11142, 11141
11143, 11141
11144, 11141
11118, 11142
11140, 11142
11141, 11142
11143, 11142
11119, 11143
11141, 11143
11142, 11143
11144, 11143
11145, 11143
11121, 11144
11141, 11144
11143, 11144
11145, 11144
11122, 11145
11143, 11145
11144, 11145
