12126, 12125
12130, 12125
12125, 12126
12129, 12126
12133, 12126
12134, 12126
12128, 12127
12132, 12127
12135, 12127
12127, 12128
12131, 12128
12132, 12128
12126, 12129
12130, 12129
12125, 12130
12129, 12130
12133, 12130
12136, 12130
12128, 12131
12132, 12131
12137, 12131
12127, 12132
12128, 12132
12131, 12132
12126, 12133
12130, 12133
12139, 12133
12126, 12134
12135, 12134
12137, 12134
12138, 12134
12139, 12134
12127, 12135
12134, 12135
12136, 12135
12137, 12135
12130, 12136
12135, 12136
12137, 12136
12138, 12136
12139, 12136
12131, 12137
12134, 12137
12135, 12137
12136, 12137
12134, 12138
12136, 12138
12139, 12138
12133, 12139
12134, 12139
12136, 12139
12138, 12139
