7507, 7506
7526, 7506
7527, 7506
7506, 7507
7508, 7507
7527, 7507
7530, 7507
7507, 7508
7509, 7508
7510, 7508
7530, 7508
7508, 7509
7510, 7509
7511, 7509
7512, 7509
7508, 7510
7509, 7510
7511, 7510
7512, 7510
7531, 7510
7509, 7511
7510, 7511
7512, 7511
7509, 7512
7510, 7512
7511, 7512
7531, 7512
7514, 7513
7515, 7513
7516, 7513
7531, 7513
7513, 7514
7515, 7514
7516, 7514
7531, 7514
7513, 7515
7514, 7515
7516, 7515
7517, 7515
7513, 7516
7514, 7516
7515, 7516
7517, 7516
7515, 7517
7516, 7517
7518, 7517
7519, 7517
7517, 7518
7519, 7518
7520, 7518
7517, 7519
7518, 7519
7520, 7519
7521, 7519
7518, 7520
7519, 7520
7521, 7520
7519, 7521
7520, 7521
7522, 7521
7529, 7521
7521, 7522
7523, 7522
7524, 7522
7528, 7522
7535, 7522
7522, 7523
7524, 7523
7525, 7523
7522, 7524
7523, 7524
7525, 7524
7533, 7524
7523, 7525
7524, 7525
7533, 7525
7536, 7525
7506, 7526
7527, 7526
7530, 7526
7506, 7527
7507, 7527
7526, 7527
7530, 7527
7522, 7528
7529, 7528
7534, 7528
7535, 7528
7521, 7529
7528, 7529
7534, 7529
7535, 7529
7507, 7530
7508, 7530
7526, 7530
7527, 7530
7510, 7531
7512, 7531
7513, 7531
7514, 7531
7533, 7532
7536, 7532
7537, 7532
7524, 7533
7525, 7533
7532, 7533
7536, 7533
7537, 7533
7528, 7534
7529, 7534
7535, 7534
7522, 7535
7528, 7535
7529, 7535
7534, 7535
7525, 7536
7532, 7536
7533, 7536
7537, 7536
7532, 7537
7533, 7537
7536, 7537
