18605, 18604
18606, 18604
18620, 18604
18604, 18605
18606, 18605
18604, 18606
18605, 18606
18607, 18606
18637, 18606
18606, 18607
18608, 18607
18623, 18607
18636, 18607
18638, 18607
18607, 18608
18609, 18608
18610, 18608
18622, 18608
18624, 18608
18638, 18608
18608, 18609
18610, 18609
18623, 18609
18625, 18609
18608, 18610
18609, 18610
18624, 18610
18639, 18610
18612, 18611
18626, 18611
18628, 18611
18639, 18611
18640, 18611
18611, 18612
18627, 18612
18640, 18612
18644, 18612
18614, 18613
18628, 18613
18629, 18613
18644, 18613
18613, 18614
18615, 18614
18614, 18615
18616, 18615
18631, 18615
18643, 18615
18615, 18616
18630, 18616
18642, 18616
18643, 18616
18618, 18617
18633, 18617
18642, 18617
18617, 18618
18619, 18618
18632, 18618
18634, 18618
18641, 18618
18618, 18619
18633, 18619
18634, 18619
18641, 18619
18604, 18620
18621, 18620
18620, 18621
18622, 18621
18645, 18621
18608, 18622
18621, 18622
18623, 18622
18646, 18622
18650, 18622
18607, 18623
18609, 18623
18622, 18623
18624, 18623
18625, 18623
18646, 18623
18608, 18624
18610, 18624
18623, 18624
18625, 18624
18609, 18625
18623, 18625
18624, 18625
18626, 18625
18647, 18625
18611, 18626
18625, 18626
18627, 18626
18647, 18626
18612, 18627
18626, 18627
18628, 18627
18648, 18627
18611, 18628
18613, 18628
18627, 18628
18629, 18628
18648, 18628
18654, 18628
18613, 18629
18628, 18629
18630, 18629
18654, 18629
18616, 18630
18629, 18630
18631, 18630
18653, 18630
18615, 18631
18630, 18631
18652, 18631
18653, 18631
18618, 18632
18633, 18632
18652, 18632
18617, 18633
18619, 18633
18632, 18633
18634, 18633
18651, 18633
18618, 18634
18619, 18634
18633, 18634
18651, 18634
18636, 18635
18637, 18635
18645, 18635
18650, 18635
18607, 18636
18635, 18636
18638, 18636
18646, 18636
18649, 18636
18650, 18636
18606, 18637
18635, 18637
18649, 18637
18607, 18638
18608, 18638
18636, 18638
18639, 18638
18647, 18638
18650, 18638
18610, 18639
18611, 18639
18638, 18639
18646, 18639
18611, 18640
18612, 18640
18644, 18640
18648, 18640
18654, 18640
18618, 18641
18619, 18641
18642, 18641
18652, 18641
18616, 18642
18617, 18642
18641, 18642
18643, 18642
18651, 18642
18653, 18642
18615, 18643
18616, 18643
18642, 18643
18652, 18643
18612, 18644
18613, 18644
18640, 18644
18648, 18644
18654, 18644
18621, 18645
18635, 18645
18649, 18645
18622, 18646
18623, 18646
18636, 18646
18639, 18646
18647, 18646
18650, 18646
18625, 18647
18626, 18647
18638, 18647
18646, 18647
18627, 18648
18628, 18648
18640, 18648
18644, 18648
18654, 18648
18636, 18649
18637, 18649
18645, 18649
18650, 18649
18622, 18650
18635, 18650
18636, 18650
18638, 18650
18646, 18650
18649, 18650
18633, 18651
18634, 18651
18642, 18651
18652, 18651
18631, 18652
18632, 18652
18641, 18652
18643, 18652
18651, 18652
18653, 18652
18630, 18653
18631, 18653
18642, 18653
18652, 18653
18628, 18654
18629, 18654
18640, 18654
18644, 18654
18648, 18654
