6285, 6284
6293, 6284
6295, 6284
6303, 6284
6307, 6284
6284, 6285
6293, 6285
6301, 6285
6307, 6285
6292, 6286
6293, 6286
6301, 6286
6291, 6287
6294, 6287
6299, 6287
6294, 6288
6296, 6288
6302, 6288
6304, 6288
6290, 6289
6298, 6289
6308, 6289
6289, 6290
6297, 6290
6298, 6290
6305, 6290
6306, 6290
6287, 6291
6292, 6291
6299, 6291
6300, 6291
6286, 6292
6291, 6292
6299, 6292
6300, 6292
6284, 6293
6285, 6293
6286, 6293
6301, 6293
6287, 6294
6288, 6294
6296, 6294
6302, 6294
6284, 6295
6303, 6295
6307, 6295
6288, 6296
6294, 6296
6302, 6296
6304, 6296
6308, 6296
6290, 6297
6305, 6297
6306, 6297
6289, 6298
6290, 6298
6308, 6298
6287, 6299
6291, 6299
6292, 6299
6300, 6299
6291, 6300
6292, 6300
6299, 6300
6285, 6301
6286, 6301
6293, 6301
6288, 6302
6294, 6302
6296, 6302
6284, 6303
6295, 6303
6307, 6303
6288, 6304
6296, 6304
6308, 6304
6290, 6305
6297, 6305
6306, 6305
6290, 6306
6297, 6306
6305, 6306
6284, 6307
6285, 6307
6295, 6307
6303, 6307
6289, 6308
6296, 6308
6298, 6308
6304, 6308
