7201, 7184
7202, 7184
7207, 7184
7186, 7185
7187, 7185
7188, 7185
7199, 7185
7203, 7185
7185, 7186
7187, 7186
7188, 7186
7204, 7186
7185, 7187
7186, 7187
7188, 7187
7212, 7187
7185, 7188
7186, 7188
7187, 7188
7189, 7188
7190, 7188
7211, 7188
7212, 7188
7188, 7189
7190, 7189
7191, 7189
7211, 7189
7188, 7190
7189, 7190
7191, 7190
7210, 7190
7189, 7191
7190, 7191
7192, 7191
7210, 7191
7213, 7191
7191, 7192
7193, 7192
7213, 7192
7214, 7192
7192, 7193
7194, 7193
7195, 7193
7214, 7193
7215, 7193
7193, 7194
7195, 7194
7196, 7194
7215, 7194
7193, 7195
7194, 7195
7196, 7195
7209, 7195
7194, 7196
7195, 7196
7208, 7196
7209, 7196
7198, 7197
7202, 7197
7207, 7197
7197, 7198
7202, 7198
7207, 7198
7185, 7199
7200, 7199
7203, 7199
7204, 7199
7212, 7199
7199, 7200
7201, 7200
7203, 7200
7204, 7200
7205, 7200
7206, 7200
7184, 7201
7200, 7201
7202, 7201
7205, 7201
7206, 7201
7184, 7202
7197, 7202
7198, 7202
7201, 7202
7207, 7202
7185, 7203
7199, 7203
7200, 7203
7204, 7203
7186, 7204
7199, 7204
7200, 7204
7203, 7204
7212, 7204
7200, 7205
7201, 7205
7206, 7205
7200, 7206
7201, 7206
7205, 7206
7184, 7207
7197, 7207
7198, 7207
7202, 7207
7196, 7208
7209, 7208
7215, 7208
7195, 7209
7196, 7209
7208, 7209
7215, 7209
7190, 7210
7191, 7210
7211, 7210
7213, 7210
7188, 7211
7189, 7211
7210, 7211
7212, 7211
7187, 7212
7188, 7212
7199, 7212
7204, 7212
7211, 7212
7191, 7213
7192, 7213
7210, 7213
7214, 7213
7192, 7214
7193, 7214
7213, 7214
7215, 7214
7193, 7215
7194, 7215
7208, 7215
7209, 7215
7214, 7215
