7128, 7127
7129, 7127
7137, 7127
7127, 7128
7129, 7128
7136, 7128
7138, 7128
7151, 7128
7127, 7129
7128, 7129
7130, 7129
7152, 7129
7129, 7130
7131, 7130
7132, 7130
7140, 7130
7152, 7130
7130, 7131
7132, 7131
7133, 7131
7139, 7131
7140, 7131
7153, 7131
7130, 7132
7131, 7132
7133, 7132
7150, 7132
7153, 7132
7131, 7133
7132, 7133
7134, 7133
7142, 7133
7149, 7133
7150, 7133
7133, 7134
7135, 7134
7148, 7134
7149, 7134
7134, 7135
7144, 7135
7145, 7135
7148, 7135
7128, 7136
7137, 7136
7138, 7136
7154, 7136
7158, 7136
7127, 7137
7136, 7137
7138, 7137
7158, 7137
7128, 7138
7136, 7138
7137, 7138
7159, 7138
7131, 7139
7140, 7139
7141, 7139
7159, 7139
7130, 7140
7131, 7140
7139, 7140
7141, 7140
7160, 7140
7139, 7141
7140, 7141
7142, 7141
7157, 7141
7160, 7141
7133, 7142
7141, 7142
7143, 7142
7157, 7142
7142, 7143
7144, 7143
7145, 7143
7156, 7143
7135, 7144
7143, 7144
7145, 7144
7148, 7144
7155, 7144
7156, 7144
7135, 7145
7143, 7145
7144, 7145
7155, 7145
7147, 7146
7151, 7146
7154, 7146
7146, 7147
7151, 7147
7158, 7147
7134, 7148
7135, 7148
7144, 7148
7149, 7148
7156, 7148
7133, 7149
7134, 7149
7148, 7149
7155, 7149
7132, 7150
7133, 7150
7153, 7150
7160, 7150
7128, 7151
7146, 7151
7147, 7151
7154, 7151
7129, 7152
7130, 7152
7153, 7152
7160, 7152
7131, 7153
7132, 7153
7150, 7153
7152, 7153
7157, 7153
7159, 7153
7160, 7153
7136, 7154
7146, 7154
7151, 7154
7158, 7154
7144, 7155
7145, 7155
7149, 7155
7156, 7155
7143, 7156
7144, 7156
7148, 7156
7155, 7156
7141, 7157
7142, 7157
7153, 7157
7160, 7157
7136, 7158
7137, 7158
7147, 7158
7154, 7158
7138, 7159
7139, 7159
7153, 7159
7160, 7159
7140, 7160
7141, 7160
7150, 7160
7152, 7160
7153, 7160
7157, 7160
7159, 7160
