4343, 4342
4344, 4342
4345, 4342
4350, 4342
4342, 4343
4344, 4343
4345, 4343
4355, 4343
4342, 4344
4343, 4344
4345, 4344
4347, 4344
4342, 4345
4343, 4345
4344, 4345
4352, 4345
4353, 4345
4349, 4346
4351, 4346
4354, 4346
4344, 4347
4348, 4347
4352, 4347
4353, 4347
4355, 4347
4347, 4348
4352, 4348
4353, 4348
4346, 4349
4350, 4349
4351, 4349
4354, 4349
4355, 4349
4342, 4350
4349, 4350
4354, 4350
4355, 4350
4346, 4351
4349, 4351
4354, 4351
4345, 4352
4347, 4352
4348, 4352
4353, 4352
4355, 4352
4345, 4353
4347, 4353
4348, 4353
4352, 4353
4346, 4354
4349, 4354
4350, 4354
4351, 4354
4343, 4355
4347, 4355
4349, 4355
4350, 4355
4352, 4355
