19485, 19482
19490, 19483
19508, 19483
19510, 19483
19504, 19484
19509, 19484
19482, 19485
19486, 19485
19502, 19485
19485, 19486
19513, 19486
19490, 19487
19511, 19487
19513, 19487
19504, 19488
19512, 19488
19514, 19489
19483, 19490
19487, 19490
19494, 19490
19514, 19490
19516, 19490
19492, 19491
19498, 19491
19507, 19491
19515, 19491
19491, 19492
19507, 19492
19519, 19493
19490, 19494
19517, 19494
19519, 19494
19504, 19495
19518, 19495
19520, 19496
19520, 19497
19522, 19497
19491, 19498
19504, 19498
19507, 19498
19521, 19498
19508, 19499
19525, 19499
19526, 19499
19527, 19499
19523, 19500
19525, 19500
19504, 19501
19507, 19501
19524, 19501
19485, 19502
19526, 19502
19527, 19503
19529, 19503
19484, 19504
19488, 19504
19495, 19504
19498, 19504
19501, 19504
19528, 19504
19506, 19505
19532, 19505
19505, 19506
19530, 19506
19532, 19506
19491, 19507
19492, 19507
19498, 19507
19501, 19507
19531, 19507
19483, 19508
19499, 19508
19513, 19508
19519, 19508
19525, 19508
19526, 19508
19532, 19508
19484, 19509
19510, 19509
19512, 19509
19518, 19509
19524, 19509
19531, 19509
19483, 19510
19509, 19510
19511, 19510
19517, 19510
19523, 19510
19530, 19510
19487, 19511
19510, 19511
19512, 19511
19516, 19511
19522, 19511
19529, 19511
19488, 19512
19509, 19512
19511, 19512
19515, 19512
19521, 19512
19528, 19512
19486, 19513
19487, 19513
19508, 19513
19514, 19513
19520, 19513
19525, 19513
19526, 19513
19527, 19513
19532, 19513
19489, 19514
19490, 19514
19513, 19514
19519, 19514
19525, 19514
19532, 19514
19491, 19515
19512, 19515
19516, 19515
19518, 19515
19524, 19515
19531, 19515
19490, 19516
19511, 19516
19515, 19516
19517, 19516
19523, 19516
19530, 19516
19494, 19517
19510, 19517
19516, 19517
19518, 19517
19495, 19518
19509, 19518
19515, 19518
19517, 19518
19493, 19519
19494, 19519
19508, 19519
19514, 19519
19496, 19520
19497, 19520
19513, 19520
19498, 19521
19512, 19521
19522, 19521
19497, 19522
19511, 19522
19521, 19522
19500, 19523
19510, 19523
19516, 19523
19524, 19523
19501, 19524
19509, 19524
19515, 19524
19523, 19524
19499, 19525
19500, 19525
19508, 19525
19513, 19525
19514, 19525
19499, 19526
19502, 19526
19508, 19526
19513, 19526
19527, 19526
19499, 19527
19503, 19527
19513, 19527
19526, 19527
19504, 19528
19512, 19528
19529, 19528
19503, 19529
19511, 19529
19528, 19529
19506, 19530
19510, 19530
19516, 19530
19531, 19530
19507, 19531
19509, 19531
19515, 19531
19530, 19531
19505, 19532
19506, 19532
19508, 19532
19513, 19532
19514, 19532
