316, 294
317, 294
319, 294
296, 295
317, 295
320, 295
295, 296
297, 296
318, 296
320, 296
296, 297
318, 297
322, 297
299, 298
321, 298
323, 298
298, 299
321, 299
324, 299
301, 300
324, 300
325, 300
300, 301
302, 301
315, 301
325, 301
301, 302
303, 302
314, 302
315, 302
302, 303
314, 303
315, 303
305, 304
306, 304
314, 304
304, 305
306, 305
307, 305
314, 305
304, 306
305, 306
307, 306
308, 306
305, 307
306, 307
308, 307
306, 308
307, 308
309, 308
308, 309
310, 309
311, 309
309, 310
311, 310
312, 310
313, 310
309, 311
310, 311
312, 311
313, 311
310, 312
311, 312
313, 312
310, 313
311, 313
312, 313
302, 314
303, 314
304, 314
305, 314
301, 315
302, 315
303, 315
294, 316
317, 316
319, 316
294, 317
295, 317
316, 317
319, 317
320, 317
296, 318
297, 318
322, 318
294, 319
316, 319
317, 319
295, 320
296, 320
317, 320
298, 321
299, 321
323, 321
297, 322
318, 322
323, 322
298, 323
321, 323
322, 323
299, 324
300, 324
325, 324
300, 325
301, 325
324, 325
