7217, 7216
7236, 7216
7237, 7216
7216, 7217
7218, 7217
7219, 7217
7237, 7217
7238, 7217
7217, 7218
7219, 7218
7220, 7218
7245, 7218
7217, 7219
7218, 7219
7220, 7219
7221, 7219
7239, 7219
7218, 7220
7219, 7220
7221, 7220
7222, 7220
7246, 7220
7219, 7221
7220, 7221
7222, 7221
7223, 7221
7247, 7221
7220, 7222
7221, 7222
7223, 7222
7247, 7222
7248, 7222
7221, 7223
7222, 7223
7224, 7223
7240, 7223
7248, 7223
7223, 7224
7225, 7224
7226, 7224
7240, 7224
7224, 7225
7226, 7225
7227, 7225
7224, 7226
7225, 7226
7227, 7226
7228, 7226
7229, 7226
7225, 7227
7226, 7227
7228, 7227
7229, 7227
7241, 7227
7226, 7228
7227, 7228
7229, 7228
7241, 7228
7226, 7229
7227, 7229
7228, 7229
7230, 7229
7242, 7229
7229, 7230
7231, 7230
7232, 7230
7242, 7230
7243, 7230
7230, 7231
7232, 7231
7233, 7231
7243, 7231
7244, 7231
7230, 7232
7231, 7232
7233, 7232
7234, 7232
7235, 7232
7244, 7232
7231, 7233
7232, 7233
7234, 7233
7235, 7233
7232, 7234
7233, 7234
7235, 7234
7232, 7235
7233, 7235
7234, 7235
7216, 7236
7237, 7236
7238, 7236
7245, 7236
7216, 7237
7217, 7237
7236, 7237
7238, 7237
7245, 7237
7217, 7238
7236, 7238
7237, 7238
7239, 7238
7245, 7238
7219, 7239
7238, 7239
7245, 7239
7246, 7239
7247, 7239
7223, 7240
7224, 7240
7241, 7240
7247, 7240
7248, 7240
7227, 7241
7228, 7241
7240, 7241
7242, 7241
7229, 7242
7230, 7242
7241, 7242
7243, 7242
7244, 7242
7230, 7243
7231, 7243
7242, 7243
7244, 7243
7231, 7244
7232, 7244
7242, 7244
7243, 7244
7218, 7245
7236, 7245
7237, 7245
7238, 7245
7239, 7245
7246, 7245
7220, 7246
7239, 7246
7245, 7246
7247, 7246
7248, 7246
7221, 7247
7222, 7247
7239, 7247
7240, 7247
7246, 7247
7248, 7247
7222, 7248
7223, 7248
7240, 7248
7246, 7248
7247, 7248
