17170, 17146
17178, 17146
17179, 17146
17148, 17147
17158, 17147
17170, 17147
17178, 17147
17179, 17147
17147, 17148
17149, 17148
17158, 17148
17170, 17148
17171, 17148
17178, 17148
17148, 17149
17171, 17149
17172, 17149
17180, 17149
17163, 17150
17172, 17150
17173, 17150
17181, 17150
17152, 17151
17173, 17151
17182, 17151
17151, 17152
17163, 17152
17173, 17152
17174, 17152
17182, 17152
17154, 17153
17174, 17153
17183, 17153
17153, 17154
17174, 17154
17175, 17154
17183, 17154
17184, 17154
17175, 17155
17176, 17155
17184, 17155
17185, 17155
17157, 17156
17176, 17156
17177, 17156
17185, 17156
17186, 17156
17156, 17157
17177, 17157
17186, 17157
17147, 17158
17148, 17158
17159, 17158
17158, 17159
17160, 17159
17170, 17159
17178, 17159
17179, 17159
17159, 17160
17161, 17160
17170, 17160
17178, 17160
17180, 17160
17187, 17160
17160, 17161
17171, 17161
17180, 17161
17181, 17161
17172, 17162
17181, 17162
17182, 17162
17150, 17163
17152, 17163
17164, 17163
17182, 17163
17163, 17164
17165, 17164
17166, 17164
17183, 17164
17164, 17165
17166, 17165
17174, 17165
17183, 17165
17164, 17166
17165, 17166
17167, 17166
17184, 17166
17166, 17167
17168, 17167
17175, 17167
17184, 17167
17185, 17167
17167, 17168
17169, 17168
17176, 17168
17185, 17168
17186, 17168
17168, 17169
17186, 17169
17146, 17170
17147, 17170
17148, 17170
17159, 17170
17160, 17170
17178, 17170
17187, 17170
17148, 17171
17149, 17171
17161, 17171
17172, 17171
17181, 17171
17149, 17172
17150, 17172
17162, 17172
17171, 17172
17180, 17172
17150, 17173
17151, 17173
17152, 17173
17152, 17174
17153, 17174
17154, 17174
17165, 17174
17154, 17175
17155, 17175
17167, 17175
17155, 17176
17156, 17176
17168, 17176
17156, 17177
17157, 17177
17146, 17178
17147, 17178
17148, 17178
17159, 17178
17160, 17178
17170, 17178
17179, 17178
17187, 17178
17146, 17179
17147, 17179
17159, 17179
17178, 17179
17187, 17179
17149, 17180
17160, 17180
17161, 17180
17172, 17180
17181, 17180
17150, 17181
17161, 17181
17162, 17181
17171, 17181
17180, 17181
17151, 17182
17152, 17182
17162, 17182
17163, 17182
17153, 17183
17154, 17183
17164, 17183
17165, 17183
17154, 17184
17155, 17184
17166, 17184
17167, 17184
17155, 17185
17156, 17185
17167, 17185
17168, 17185
17156, 17186
17157, 17186
17168, 17186
17169, 17186
17160, 17187
17170, 17187
17178, 17187
17179, 17187
