18056, 18055
18057, 18055
18062, 18055
18055, 18056
18057, 18056
18067, 18056
18055, 18057
18056, 18057
18067, 18057
18059, 18058
18074, 18058
18078, 18058
18091, 18058
18058, 18059
18073, 18059
18074, 18059
18066, 18060
18079, 18060
18092, 18060
18062, 18061
18063, 18061
18055, 18062
18061, 18062
18063, 18062
18061, 18063
18062, 18063
18080, 18063
18074, 18064
18078, 18064
18087, 18064
18091, 18064
18073, 18065
18074, 18065
18086, 18065
18087, 18065
18060, 18066
18092, 18066
18056, 18067
18057, 18067
18075, 18067
18088, 18067
18069, 18068
18076, 18068
18082, 18068
18068, 18069
18077, 18069
18081, 18069
18090, 18069
18071, 18070
18077, 18070
18084, 18070
18070, 18071
18078, 18071
18083, 18071
18091, 18071
18073, 18072
18079, 18072
18086, 18072
18092, 18072
18059, 18073
18065, 18073
18072, 18073
18074, 18073
18087, 18073
18058, 18074
18059, 18074
18064, 18074
18065, 18074
18073, 18074
18087, 18074
18067, 18075
18076, 18075
18080, 18075
18089, 18075
18068, 18076
18075, 18076
18088, 18076
18069, 18077
18070, 18077
18082, 18077
18058, 18078
18064, 18078
18071, 18078
18084, 18078
18060, 18079
18072, 18079
18085, 18079
18092, 18079
18063, 18080
18075, 18080
18088, 18080
18069, 18081
18082, 18081
18089, 18081
18068, 18082
18077, 18082
18081, 18082
18090, 18082
18071, 18083
18084, 18083
18090, 18083
18070, 18084
18078, 18084
18083, 18084
18091, 18084
18079, 18085
18086, 18085
18092, 18085
18065, 18086
18072, 18086
18085, 18086
18064, 18087
18065, 18087
18073, 18087
18074, 18087
18067, 18088
18076, 18088
18080, 18088
18089, 18088
18075, 18089
18081, 18089
18088, 18089
18069, 18090
18082, 18090
18083, 18090
18058, 18091
18064, 18091
18071, 18091
18084, 18091
18060, 18092
18066, 18092
18072, 18092
18079, 18092
18085, 18092
