13648, 13647
13649, 13647
13650, 13647
13647, 13648
13649, 13648
13650, 13648
13647, 13649
13648, 13649
13650, 13649
13647, 13650
13648, 13650
13649, 13650
13651, 13650
13652, 13650
13650, 13651
13652, 13651
13653, 13651
13650, 13652
13651, 13652
13653, 13652
13654, 13652
13655, 13652
13651, 13653
13652, 13653
13654, 13653
13655, 13653
13652, 13654
13653, 13654
13655, 13654
13652, 13655
13653, 13655
13654, 13655
13657, 13656
13658, 13656
13659, 13656
13656, 13657
13658, 13657
13659, 13657
13656, 13658
13657, 13658
13659, 13658
13656, 13659
13657, 13659
13658, 13659
13660, 13659
13659, 13660
13661, 13660
13662, 13660
13660, 13661
13662, 13661
13663, 13661
13660, 13662
13661, 13662
13663, 13662
13664, 13662
13665, 13662
13661, 13663
13662, 13663
13664, 13663
13665, 13663
13662, 13664
13663, 13664
13665, 13664
13662, 13665
13663, 13665
13664, 13665
