12.000000, 16.448603, 43.910000,  2.230000,  1.974000,102.300000,  4.000000,  6.000000,  2.000000,  5.000000,  2.000000,  5.000000,  5.000000,  2.000000,  5.000000,  4.000000,  6.000000,  2.000000, 1, 0, 0
16.000000, 21.450755, 47.030000,  3.100000,  2.184000,131.400000,  7.000000,  6.000000,  3.000000,  4.000000,  6.000000,  6.000000,  6.000000,  5.000000,  5.000000,  6.000000,  7.000000,  3.000000, 1, 0, 0
3.000000,  5.431704, 10.490000,  0.630000,  0.490000, 25.200000,  1.000000,  1.000000,  1.000000,  1.000000,  1.000000,  1.000000,  1.000000,  1.000000,  1.000000,  0.000000,  2.000000,  1.000000, 1, 0, 0
13.000000, 18.617605, 51.990000,  2.090000,  2.332000,115.800000,  2.000000,  8.000000,  3.000000,  6.000000,  2.000000,  5.000000,  6.000000,  1.000000,  6.000000,  2.000000,  8.000000,  3.000000, 1, 0, 0
17.000000, 23.581504, 60.930000,  2.740000,  2.751000,143.200000,  6.000000,  7.000000,  4.000000,  5.000000,  7.000000,  5.000000,  7.000000,  4.000000,  6.000000,  6.000000,  7.000000,  4.000000, 1, 0, 0
8.000000, 11.027783, 36.960000, -1.390000,  1.679000, 75.500000,  1.000000,  4.000000,  3.000000,  5.000000,  2.000000,  1.000000,  2.000000,  1.000000,  5.000000,  0.000000,  5.000000,  3.000000, 1, 0, 0
12.000000, 16.270633, 47.510000,  0.760000,  2.166000,105.000000,  1.000000,  7.000000,  4.000000,  6.000000,  1.000000,  5.000000,  5.000000,  1.000000,  6.000000,  1.000000,  7.000000,  4.000000, 1, 0, 0
3.000000,  5.401654, 11.430000,  3.940000,  0.547000, 16.800000,  0.000000,  2.000000,  1.000000,  0.000000,  0.000000,  3.000000,  3.000000,  0.000000,  0.000000,  0.000000,  2.000000,  1.000000, 1, 0, 0
11.000000, 15.217330, 38.210000,  2.640000,  1.744000, 89.300000,  6.000000,  2.000000,  3.000000,  2.000000,  5.000000,  4.000000,  5.000000,  3.000000,  3.000000,  5.000000,  3.000000,  3.000000, 1, 0, 0
3.000000,  5.352843, 13.670000,  1.350000,  0.627000, 22.400000,  0.000000,  2.000000,  1.000000,  1.000000,  0.000000,  2.000000,  2.000000,  0.000000,  1.000000,  0.000000,  2.000000,  1.000000, 1, 0, 0
11.000000, 15.561893, 49.270000,  1.770000,  2.279000, 97.500000,  2.000000,  5.000000,  4.000000,  6.000000,  1.000000,  4.000000,  5.000000,  0.000000,  6.000000,  2.000000,  5.000000,  4.000000, 1, 0, 0
9.000000, 11.631635, 36.220000,  1.770000,  1.669000, 73.900000,  1.000000,  5.000000,  3.000000,  4.000000,  1.000000,  4.000000,  4.000000,  1.000000,  4.000000,  1.000000,  5.000000,  3.000000, 1, 0, 0
7.000000,  9.454265, 27.990000, -0.080000,  1.307000, 59.800000,  2.000000,  2.000000,  3.000000,  3.000000,  2.000000,  2.000000,  2.000000,  2.000000,  3.000000,  2.000000,  2.000000,  3.000000, 1, 0, 0
11.000000, 15.620150, 40.730000,  2.420000,  1.896000, 91.100000,  4.000000,  3.000000,  4.000000,  4.000000,  3.000000,  4.000000,  4.000000,  3.000000,  4.000000,  3.000000,  4.000000,  4.000000, 1, 0, 0
15.000000, 21.682648, 49.210000, -2.480000,  2.194000,136.300000,  5.000000,  8.000000,  2.000000,  7.000000,  3.000000,  5.000000,  5.000000,  3.000000,  7.000000,  4.000000,  9.000000,  2.000000, 1, 0, 0
3.000000,  5.278113, 10.930000, -0.230000,  0.503000, 26.000000,  1.000000,  1.000000,  1.000000,  1.000000,  1.000000,  1.000000,  1.000000,  1.000000,  1.000000,  0.000000,  2.000000,  1.000000, 1, 0, 0
3.000000,  5.289632,  3.720000, -0.870000,  0.177000, 25.100000,  3.000000,  0.000000,  0.000000,  0.000000,  3.000000,  0.000000,  0.000000,  3.000000,  0.000000,  2.000000,  1.000000,  0.000000, 1, 0, 0
4.000000,  5.460341, 14.490000,  2.650000,  0.678000, 25.200000,  1.000000,  2.000000,  1.000000,  0.000000,  1.000000,  3.000000,  3.000000,  1.000000,  0.000000,  1.000000,  2.000000,  1.000000, 1, 0, 0
5.000000,  8.180928, 15.870000, -1.370000,  0.703000, 46.400000,  3.000000,  1.000000,  1.000000,  2.000000,  2.000000,  1.000000,  1.000000,  2.000000,  2.000000,  2.000000,  2.000000,  1.000000, 1, 0, 0
4.000000, 10.706929, 19.280000,  0.420000,  0.919000, 34.700000,  1.000000,  0.000000,  3.000000,  1.000000,  2.000000,  1.000000,  1.000000,  1.000000,  2.000000,  1.000000,  0.000000,  3.000000, 0, 1, 0
4.000000, 10.172953, 13.330000,  0.040000,  0.628000, 32.500000,  1.000000,  3.000000,  0.000000,  2.000000,  0.000000,  2.000000,  2.000000,  0.000000,  2.000000,  0.000000,  4.000000,  0.000000, 0, 1, 0
4.000000,  9.361717, 13.250000,  1.220000,  0.589000, 33.200000,  2.000000,  1.000000,  1.000000,  1.000000,  2.000000,  1.000000,  2.000000,  1.000000,  1.000000,  2.000000,  1.000000,  1.000000, 0, 1, 0
4.000000,  9.980873, 13.560000,  1.510000,  0.651000, 29.000000,  2.000000,  1.000000,  1.000000,  1.000000,  1.000000,  2.000000,  2.000000,  1.000000,  1.000000,  1.000000,  2.000000,  1.000000, 0, 1, 0
5.000000, 10.983700, 23.600000,  4.770000,  1.101000, 32.700000,  0.000000,  3.000000,  2.000000,  1.000000,  1.000000,  3.000000,  4.000000,  0.000000,  1.000000,  0.000000,  3.000000,  2.000000, 0, 1, 0
3.000000,  7.010203, 13.190000,  2.830000,  0.615000, 19.400000,  1.000000,  1.000000,  1.000000,  0.000000,  2.000000,  1.000000,  2.000000,  1.000000,  0.000000,  0.000000,  2.000000,  1.000000, 0, 1, 0
5.000000, 12.861125, 15.290000,  0.430000,  0.714000, 38.600000,  3.000000,  1.000000,  1.000000,  0.000000,  3.000000,  2.000000,  2.000000,  2.000000,  1.000000,  2.000000,  2.000000,  1.000000, 0, 1, 0
5.000000, 13.415050, 26.220000, -0.200000,  1.210000, 44.700000,  0.000000,  2.000000,  3.000000,  3.000000,  1.000000,  1.000000,  2.000000,  0.000000,  3.000000,  0.000000,  2.000000,  3.000000, 0, 1, 0
5.000000, 12.349701, 17.490000,  2.900000,  0.816000, 36.000000,  1.000000,  3.000000,  1.000000,  1.000000,  1.000000,  3.000000,  3.000000,  1.000000,  1.000000,  0.000000,  4.000000,  1.000000, 0, 1, 0
5.000000, 13.733812, 22.640000,  3.150000,  1.037000, 41.100000,  1.000000,  3.000000,  1.000000,  2.000000,  0.000000,  3.000000,  3.000000,  0.000000,  2.000000,  1.000000,  3.000000,  1.000000, 0, 1, 0
6.000000, 16.849457, 20.960000,  1.130000,  0.972000, 46.200000,  2.000000,  2.000000,  2.000000,  1.000000,  2.000000,  3.000000,  3.000000,  2.000000,  1.000000,  1.000000,  3.000000,  2.000000, 0, 1, 0
6.000000, 15.362183, 23.290000, -0.100000,  1.094000, 49.300000,  2.000000,  2.000000,  2.000000,  2.000000,  2.000000,  2.000000,  2.000000,  2.000000,  2.000000,  1.000000,  3.000000,  2.000000, 0, 1, 0
3.000000,  7.026018, 12.910000, -0.430000,  0.582000, 28.700000,  0.000000,  2.000000,  1.000000,  2.000000,  0.000000,  1.000000,  1.000000,  0.000000,  2.000000,  0.000000,  2.000000,  1.000000, 0, 1, 0
3.000000,  6.865355, 11.770000,  2.530000,  0.545000, 22.400000,  0.000000,  2.000000,  1.000000,  1.000000,  0.000000,  2.000000,  2.000000,  0.000000,  1.000000,  0.000000,  2.000000,  1.000000, 0, 1, 0
9.000000, 23.667847, 30.390000,  2.000000,  1.398000, 72.400000,  2.000000,  5.000000,  2.000000,  3.000000,  2.000000,  4.000000,  4.000000,  2.000000,  3.000000,  2.000000,  5.000000,  2.000000, 0, 1, 0
9.000000, 23.509568, 35.100000,  4.700000,  1.615000, 66.000000,  2.000000,  5.000000,  2.000000,  2.000000,  3.000000,  4.000000,  5.000000,  2.000000,  2.000000,  1.000000,  6.000000,  2.000000, 0, 1, 0
8.000000, 19.272628, 26.290000,  0.760000,  1.234000, 64.700000,  3.000000,  3.000000,  2.000000,  2.000000,  3.000000,  3.000000,  3.000000,  3.000000,  2.000000,  2.000000,  4.000000,  2.000000, 0, 1, 0
4.000000, 10.313838, 14.790000,  2.430000,  0.716000, 25.900000,  2.000000,  0.000000,  2.000000,  0.000000,  2.000000,  2.000000,  3.000000,  1.000000,  0.000000,  1.000000,  1.000000,  2.000000, 0, 1, 0
4.000000,  9.219665, 16.730000,  1.620000,  0.806000, 29.000000,  1.000000,  1.000000,  2.000000,  1.000000,  1.000000,  2.000000,  2.000000,  1.000000,  1.000000,  1.000000,  1.000000,  2.000000, 0, 1, 0
5.000000, 11.114491, 17.690000, -1.550000,  0.779000, 49.100000,  1.000000,  3.000000,  1.000000,  3.000000,  1.000000,  1.000000,  1.000000,  1.000000,  3.000000,  1.000000,  3.000000,  1.000000, 0, 1, 0
4.000000,  9.658931, 14.920000,  3.160000,  0.712000, 24.500000,  2.000000,  1.000000,  1.000000,  0.000000,  1.000000,  3.000000,  3.000000,  1.000000,  0.000000,  1.000000,  2.000000,  1.000000, 0, 1, 0
