10475, 10466
10482, 10466
10468, 10467
10479, 10467
10486, 10467
10467, 10468
10469, 10468
10473, 10468
10468, 10469
10472, 10469
10473, 10469
10475, 10470
10478, 10470
10482, 10470
10485, 10470
10472, 10471
10473, 10471
10486, 10471
10469, 10472
10471, 10472
10473, 10472
10468, 10473
10469, 10473
10471, 10473
10472, 10473
10475, 10474
10480, 10474
10487, 10474
10466, 10475
10470, 10475
10474, 10475
10478, 10475
10477, 10476
10479, 10476
10483, 10476
10484, 10476
10486, 10476
10476, 10477
10478, 10477
10485, 10477
10470, 10478
10475, 10478
10477, 10478
10482, 10478
10484, 10478
10467, 10479
10476, 10479
10483, 10479
10474, 10480
10481, 10480
10487, 10480
10480, 10481
10487, 10481
10466, 10482
10470, 10482
10478, 10482
10487, 10482
10476, 10483
10479, 10483
10484, 10483
10486, 10483
10476, 10484
10478, 10484
10483, 10484
10485, 10484
10470, 10485
10477, 10485
10484, 10485
10467, 10486
10471, 10486
10476, 10486
10483, 10486
10474, 10487
10480, 10487
10481, 10487
10482, 10487
