8502, 8501
8515, 8501
8501, 8502
8503, 8502
8514, 8502
8502, 8503
8504, 8503
8517, 8503
8503, 8504
8505, 8504
8516, 8504
8504, 8505
8506, 8505
8519, 8505
8505, 8506
8507, 8506
8518, 8506
8520, 8506
8506, 8507
8508, 8507
8509, 8507
8519, 8507
8527, 8507
8507, 8508
8509, 8508
8527, 8508
8529, 8508
8507, 8509
8508, 8509
8510, 8509
8527, 8509
8528, 8509
8529, 8509
8530, 8509
8509, 8510
8511, 8510
8512, 8510
8524, 8510
8528, 8510
8510, 8511
8512, 8511
8523, 8511
8510, 8512
8511, 8512
8513, 8512
8526, 8512
8512, 8513
8525, 8513
8526, 8513
8502, 8514
8515, 8514
8501, 8515
8514, 8515
8516, 8515
8504, 8516
8515, 8516
8517, 8516
8503, 8517
8516, 8517
8518, 8517
8506, 8518
8517, 8518
8519, 8518
8505, 8519
8507, 8519
8518, 8519
8520, 8519
8506, 8520
8519, 8520
8521, 8520
8522, 8520
8529, 8520
8520, 8521
8522, 8521
8529, 8521
8520, 8522
8521, 8522
8523, 8522
8530, 8522
8511, 8523
8522, 8523
8524, 8523
8525, 8523
8530, 8523
8510, 8524
8523, 8524
8525, 8524
8513, 8525
8523, 8525
8524, 8525
8526, 8525
8512, 8526
8513, 8526
8525, 8526
8507, 8527
8508, 8527
8509, 8527
8528, 8527
8530, 8527
8509, 8528
8510, 8528
8527, 8528
8530, 8528
8508, 8529
8509, 8529
8520, 8529
8521, 8529
8509, 8530
8522, 8530
8523, 8530
8527, 8530
8528, 8530
