15766, 15761
15779, 15761
15781, 15761
15788, 15761
15776, 15762
15785, 15762
15794, 15762
15776, 15763
15782, 15763
15785, 15763
15779, 15764
15788, 15764
15790, 15764
15797, 15764
15776, 15765
15785, 15765
15791, 15765
15794, 15765
15761, 15766
15772, 15766
15779, 15766
15788, 15766
15797, 15766
15799, 15766
15800, 15767
15803, 15767
15772, 15768
15779, 15768
15788, 15768
15797, 15768
15806, 15768
15808, 15768
15809, 15769
15812, 15769
15772, 15770
15815, 15770
15817, 15770
15818, 15771
15821, 15771
15766, 15772
15768, 15772
15770, 15772
15824, 15772
15826, 15772
15776, 15773
15778, 15773
15777, 15774
15780, 15774
15781, 15775
15762, 15776
15763, 15776
15765, 15776
15773, 15776
15774, 15777
15778, 15777
15773, 15778
15777, 15778
15761, 15779
15764, 15779
15766, 15779
15768, 15779
15780, 15779
15774, 15780
15779, 15780
15761, 15781
15775, 15781
15826, 15781
15763, 15782
15787, 15782
15786, 15783
15789, 15783
15790, 15784
15762, 15785
15763, 15785
15765, 15785
15783, 15786
15787, 15786
15782, 15787
15786, 15787
15761, 15788
15764, 15788
15766, 15788
15768, 15788
15789, 15788
15783, 15789
15788, 15789
15764, 15790
15784, 15790
15826, 15790
15765, 15791
15796, 15791
15795, 15792
15798, 15792
15799, 15793
15762, 15794
15765, 15794
15792, 15795
15796, 15795
15791, 15796
15795, 15796
15764, 15797
15766, 15797
15768, 15797
15798, 15797
15792, 15798
15797, 15798
15766, 15799
15793, 15799
15826, 15799
15767, 15800
15805, 15800
15804, 15801
15807, 15801
15808, 15802
15767, 15803
15801, 15804
15805, 15804
15800, 15805
15804, 15805
15768, 15806
15807, 15806
15801, 15807
15806, 15807
15768, 15808
15802, 15808
15769, 15809
15814, 15809
15813, 15810
15816, 15810
15817, 15811
15769, 15812
15810, 15813
15814, 15813
15809, 15814
15813, 15814
15770, 15815
15816, 15815
15810, 15816
15815, 15816
15770, 15817
15811, 15817
15771, 15818
15823, 15818
15822, 15819
15825, 15819
15826, 15820
15771, 15821
15819, 15822
15823, 15822
15818, 15823
15822, 15823
15772, 15824
15825, 15824
15819, 15825
15824, 15825
15772, 15826
15781, 15826
15790, 15826
15799, 15826
15820, 15826
