7682, 7681
7681, 7682
7690, 7682
7701, 7682
7702, 7682
7701, 7683
7703, 7683
7688, 7684
7704, 7684
7686, 7685
7691, 7685
7700, 7685
7705, 7685
7707, 7685
7685, 7686
7702, 7686
7706, 7686
7707, 7686
7701, 7687
7706, 7687
7708, 7687
7684, 7688
7689, 7688
7693, 7688
7709, 7688
7688, 7689
7693, 7689
7682, 7690
7710, 7690
7712, 7690
7685, 7691
7702, 7691
7711, 7691
7712, 7691
7711, 7692
7713, 7692
7688, 7693
7689, 7693
7694, 7693
7698, 7693
7699, 7693
7714, 7693
7693, 7694
7698, 7694
7699, 7694
7696, 7695
7700, 7695
7705, 7695
7710, 7695
7715, 7695
7717, 7695
7695, 7696
7716, 7696
7717, 7696
7701, 7697
7706, 7697
7716, 7697
7718, 7697
7693, 7698
7694, 7698
7699, 7698
7719, 7698
7693, 7699
7694, 7699
7698, 7699
7685, 7700
7695, 7700
7702, 7700
7682, 7701
7683, 7701
7687, 7701
7697, 7701
7682, 7702
7686, 7702
7691, 7702
7700, 7702
7683, 7703
7704, 7703
7684, 7704
7703, 7704
7719, 7704
7685, 7705
7695, 7705
7686, 7706
7687, 7706
7697, 7706
7685, 7707
7686, 7707
7687, 7708
7709, 7708
7688, 7709
7708, 7709
7719, 7709
7690, 7710
7695, 7710
7691, 7711
7692, 7711
7690, 7712
7691, 7712
7692, 7713
7714, 7713
7693, 7714
7713, 7714
7719, 7714
7695, 7715
7696, 7716
7697, 7716
7695, 7717
7696, 7717
7697, 7718
7719, 7718
7698, 7719
7704, 7719
7709, 7719
7714, 7719
7718, 7719
