16819, 16818
16832, 16818
16818, 16819
16820, 16819
16831, 16819
16845, 16819
16846, 16819
16819, 16820
16821, 16820
16844, 16820
16845, 16820
16820, 16821
16822, 16821
16844, 16821
16851, 16821
16821, 16822
16823, 16822
16851, 16822
16822, 16823
16824, 16823
16825, 16823
16823, 16824
16825, 16824
16826, 16824
16850, 16824
16823, 16825
16824, 16825
16826, 16825
16839, 16825
16850, 16825
16824, 16826
16825, 16826
16838, 16826
16840, 16826
16849, 16826
16828, 16827
16839, 16827
16841, 16827
16849, 16827
16827, 16828
16840, 16828
16848, 16828
16830, 16829
16843, 16829
16847, 16829
16848, 16829
16829, 16830
16842, 16830
16843, 16830
16847, 16830
16819, 16831
16832, 16831
16854, 16831
16818, 16832
16831, 16832
16833, 16832
16853, 16832
16854, 16832
16832, 16833
16834, 16833
16852, 16833
16853, 16833
16833, 16834
16835, 16834
16852, 16834
16859, 16834
16834, 16835
16836, 16835
16859, 16835
16835, 16836
16837, 16836
16838, 16836
16836, 16837
16838, 16837
16839, 16837
16858, 16837
16826, 16838
16836, 16838
16837, 16838
16839, 16838
16858, 16838
16825, 16839
16827, 16839
16837, 16839
16838, 16839
16857, 16839
16826, 16840
16828, 16840
16841, 16840
16857, 16840
16827, 16841
16840, 16841
16856, 16841
16830, 16842
16843, 16842
16855, 16842
16856, 16842
16829, 16843
16830, 16843
16842, 16843
16855, 16843
16820, 16844
16821, 16844
16851, 16844
16859, 16844
16819, 16845
16820, 16845
16846, 16845
16854, 16845
16819, 16846
16845, 16846
16853, 16846
16829, 16847
16830, 16847
16848, 16847
16856, 16847
16828, 16848
16829, 16848
16847, 16848
16855, 16848
16826, 16849
16827, 16849
16850, 16849
16858, 16849
16824, 16850
16825, 16850
16849, 16850
16857, 16850
16821, 16851
16822, 16851
16844, 16851
16852, 16851
16859, 16851
16833, 16852
16834, 16852
16851, 16852
16859, 16852
16832, 16853
16833, 16853
16846, 16853
16854, 16853
16831, 16854
16832, 16854
16845, 16854
16853, 16854
16842, 16855
16843, 16855
16848, 16855
16856, 16855
16841, 16856
16842, 16856
16847, 16856
16855, 16856
16839, 16857
16840, 16857
16850, 16857
16858, 16857
16837, 16858
16838, 16858
16849, 16858
16857, 16858
16834, 16859
16835, 16859
16844, 16859
16851, 16859
16852, 16859
