11094, 11093
11095, 11093
11096, 11093
11107, 11093
11108, 11093
11093, 11094
11095, 11094
11096, 11094
11107, 11094
11108, 11094
11111, 11094
11093, 11095
11094, 11095
11096, 11095
11097, 11095
11113, 11095
11093, 11096
11094, 11096
11095, 11096
11097, 11096
11098, 11096
11112, 11096
11095, 11097
11096, 11097
11098, 11097
11114, 11097
11096, 11098
11097, 11098
11099, 11098
11100, 11098
11114, 11098
11116, 11098
11098, 11099
11100, 11099
11101, 11099
11115, 11099
11098, 11100
11099, 11100
11101, 11100
11102, 11100
11099, 11101
11100, 11101
11102, 11101
11100, 11102
11101, 11102
11103, 11102
11102, 11103
11104, 11103
11105, 11103
11106, 11103
11103, 11104
11105, 11104
11106, 11104
11103, 11105
11104, 11105
11106, 11105
11103, 11106
11104, 11106
11105, 11106
11093, 11107
11094, 11107
11108, 11107
11093, 11108
11094, 11108
11107, 11108
11110, 11109
11111, 11109
11113, 11109
11109, 11110
11111, 11110
11113, 11110
11094, 11111
11109, 11111
11110, 11111
11112, 11111
11113, 11111
11096, 11112
11111, 11112
11113, 11112
11114, 11112
11095, 11113
11109, 11113
11110, 11113
11111, 11113
11112, 11113
11097, 11114
11098, 11114
11112, 11114
11115, 11114
11116, 11114
11117, 11114
11099, 11115
11114, 11115
11116, 11115
11117, 11115
11098, 11116
11114, 11116
11115, 11116
11117, 11116
11114, 11117
11115, 11117
11116, 11117
