9263, 9242
9274, 9243
9277, 9243
9282, 9244
9285, 9244
9246, 9245
9260, 9245
9281, 9245
9245, 9246
9259, 9246
9278, 9246
9248, 9247
9261, 9247
9262, 9247
9286, 9247
9247, 9248
9261, 9248
9250, 9249
9263, 9249
9287, 9249
9290, 9249
9249, 9250
9291, 9250
9294, 9250
9299, 9251
9302, 9251
9253, 9252
9267, 9252
9298, 9252
9252, 9253
9266, 9253
9295, 9253
9255, 9254
9269, 9254
9303, 9254
9254, 9255
9268, 9255
9269, 9255
9263, 9256
9304, 9256
9307, 9256
9308, 9257
9311, 9257
9316, 9258
9319, 9258
9246, 9259
9260, 9259
9315, 9259
9245, 9260
9259, 9260
9312, 9260
9247, 9261
9248, 9261
9262, 9261
9320, 9261
9247, 9262
9261, 9262
9242, 9263
9249, 9263
9256, 9263
9264, 9263
9321, 9263
9324, 9263
9263, 9264
9325, 9264
9328, 9264
9333, 9265
9336, 9265
9253, 9266
9267, 9266
9332, 9266
9252, 9267
9266, 9267
9329, 9267
9255, 9268
9269, 9268
9337, 9268
9254, 9269
9255, 9269
9268, 9269
9271, 9270
9273, 9270
9270, 9271
9272, 9271
9271, 9272
9274, 9272
9270, 9273
9243, 9274
9272, 9274
9276, 9275
9282, 9275
9275, 9276
9277, 9276
9243, 9277
9276, 9277
9246, 9278
9279, 9278
9278, 9279
9280, 9279
9279, 9280
9286, 9280
9245, 9281
9283, 9281
9244, 9282
9275, 9282
9281, 9283
9284, 9283
9283, 9284
9285, 9284
9244, 9285
9284, 9285
9247, 9286
9280, 9286
9337, 9286
9249, 9287
9288, 9287
9287, 9288
9289, 9288
9288, 9289
9291, 9289
9249, 9290
9250, 9291
9289, 9291
9293, 9292
9299, 9292
9292, 9293
9294, 9293
9250, 9294
9293, 9294
9253, 9295
9296, 9295
9295, 9296
9297, 9296
9296, 9297
9303, 9297
9252, 9298
9300, 9298
9251, 9299
9292, 9299
9298, 9300
9301, 9300
9300, 9301
9302, 9301
9251, 9302
9301, 9302
9254, 9303
9297, 9303
9337, 9303
9256, 9304
9305, 9304
9304, 9305
9306, 9305
9305, 9306
9308, 9306
9256, 9307
9257, 9308
9306, 9308
9310, 9309
9316, 9309
9309, 9310
9311, 9310
9257, 9311
9310, 9311
9260, 9312
9313, 9312
9312, 9313
9314, 9313
9313, 9314
9320, 9314
9259, 9315
9317, 9315
9258, 9316
9309, 9316
9315, 9317
9318, 9317
9317, 9318
9319, 9318
9258, 9319
9318, 9319
9261, 9320
9314, 9320
9337, 9320
9263, 9321
9322, 9321
9321, 9322
9323, 9322
9322, 9323
9325, 9323
9263, 9324
9264, 9325
9323, 9325
9327, 9326
9333, 9326
9326, 9327
9328, 9327
9264, 9328
9327, 9328
9267, 9329
9330, 9329
9329, 9330
9331, 9330
9330, 9331
9337, 9331
9266, 9332
9334, 9332
9265, 9333
9326, 9333
9332, 9334
9335, 9334
9334, 9335
9336, 9335
9265, 9336
9335, 9336
9268, 9337
9286, 9337
9303, 9337
9320, 9337
9331, 9337
