387, 386
412, 386
413, 386
386, 387
388, 387
412, 387
413, 387
387, 388
389, 388
411, 388
412, 388
388, 389
411, 389
417, 389
391, 390
416, 390
421, 390
390, 391
392, 391
420, 391
422, 391
391, 392
393, 392
394, 392
418, 392
392, 393
394, 393
418, 393
392, 394
393, 394
419, 394
396, 395
419, 395
423, 395
424, 395
395, 396
414, 396
424, 396
398, 397
414, 397
415, 397
397, 398
414, 398
415, 398
400, 399
415, 399
425, 399
399, 400
401, 400
425, 400
426, 400
400, 401
402, 401
426, 401
401, 402
403, 402
426, 402
402, 403
404, 403
405, 403
403, 404
405, 404
406, 404
403, 405
404, 405
406, 405
407, 405
404, 406
405, 406
407, 406
408, 406
405, 407
406, 407
408, 407
409, 407
410, 407
406, 408
407, 408
409, 408
410, 408
407, 409
408, 409
410, 409
407, 410
408, 410
409, 410
388, 411
389, 411
417, 411
386, 412
387, 412
388, 412
413, 412
386, 413
387, 413
412, 413
396, 414
397, 414
398, 414
397, 415
398, 415
399, 415
425, 415
390, 416
417, 416
420, 416
421, 416
389, 417
411, 417
416, 417
421, 417
392, 418
393, 418
420, 418
422, 418
394, 419
395, 419
423, 419
424, 419
391, 420
416, 420
418, 420
421, 420
422, 420
390, 421
416, 421
417, 421
420, 421
422, 421
391, 422
418, 422
420, 422
421, 422
395, 423
419, 423
424, 423
395, 424
396, 424
419, 424
423, 424
399, 425
400, 425
415, 425
400, 426
401, 426
402, 426
