15.000000, 21.082348, 58.820000, -0.130000,  2.709000,133.600000,  3.000000,  7.000000,  5.000000,  6.000000,  5.000000,  4.000000,  5.000000,  2.000000,  8.000000,  3.000000,  7.000000,  5.000000, 1, 0, 0
11.000000, 15.879380, 39.380000, -4.920000,  1.819000,100.700000,  4.000000,  5.000000,  2.000000,  6.000000,  4.000000,  1.000000,  1.000000,  4.000000,  6.000000,  3.000000,  6.000000,  2.000000, 1, 0, 0
7.000000,  9.759307, 17.250000,  1.040000,  0.773000, 57.000000,  4.000000,  2.000000,  1.000000,  1.000000,  5.000000,  1.000000,  2.000000,  4.000000,  1.000000,  4.000000,  2.000000,  1.000000, 1, 0, 0
9.000000, 11.999910, 32.890000,  1.210000,  1.528000, 68.300000,  3.000000,  4.000000,  2.000000,  2.000000,  3.000000,  4.000000,  4.000000,  3.000000,  2.000000,  2.000000,  5.000000,  2.000000, 1, 0, 0
6.000000,  9.024852, 27.060000, -0.140000,  1.257000, 54.400000,  2.000000,  0.000000,  4.000000,  3.000000,  1.000000,  2.000000,  2.000000,  1.000000,  3.000000,  2.000000,  0.000000,  4.000000, 1, 0, 0
5.000000,  7.109515, 27.620000,  0.250000,  1.257000, 46.500000,  0.000000,  1.000000,  4.000000,  3.000000,  2.000000,  0.000000,  2.000000,  0.000000,  3.000000,  0.000000,  1.000000,  4.000000, 1, 0, 0
14.000000, 20.319251, 56.440000, -4.540000,  2.564000,138.500000,  3.000000,  6.000000,  5.000000,  8.000000,  4.000000,  2.000000,  2.000000,  3.000000,  9.000000,  3.000000,  6.000000,  5.000000, 1, 0, 0
16.000000, 22.219764, 55.350000,  1.490000,  2.504000,132.700000,  5.000000,  7.000000,  4.000000,  4.000000,  6.000000,  6.000000,  6.000000,  5.000000,  5.000000,  5.000000,  7.000000,  4.000000, 1, 0, 0
4.000000,  8.451956, 13.870000, -2.410000,  0.609000, 40.200000,  2.000000,  1.000000,  1.000000,  2.000000,  2.000000,  0.000000,  0.000000,  2.000000,  2.000000,  1.000000,  2.000000,  1.000000, 1, 0, 0
15.000000, 21.098961, 58.820000, -0.130000,  2.709000,133.600000,  3.000000,  7.000000,  5.000000,  6.000000,  5.000000,  4.000000,  5.000000,  2.000000,  8.000000,  3.000000,  7.000000,  5.000000, 1, 0, 0
11.000000, 15.712068, 39.380000, -4.920000,  1.819000,100.700000,  4.000000,  5.000000,  2.000000,  6.000000,  4.000000,  1.000000,  1.000000,  4.000000,  6.000000,  3.000000,  6.000000,  2.000000, 1, 0, 0
7.000000,  9.764284, 17.250000,  1.040000,  0.773000, 57.000000,  4.000000,  2.000000,  1.000000,  1.000000,  5.000000,  1.000000,  2.000000,  4.000000,  1.000000,  4.000000,  2.000000,  1.000000, 1, 0, 0
9.000000, 11.999203, 32.890000,  1.210000,  1.528000, 68.300000,  3.000000,  4.000000,  2.000000,  2.000000,  3.000000,  4.000000,  4.000000,  3.000000,  2.000000,  2.000000,  5.000000,  2.000000, 1, 0, 0
5.000000,  7.735844, 24.210000,  0.580000,  1.097000, 44.000000,  1.000000,  1.000000,  3.000000,  2.000000,  3.000000,  0.000000,  2.000000,  1.000000,  2.000000,  0.000000,  2.000000,  3.000000, 1, 0, 0
11.000000, 15.060380, 46.280000, -1.490000,  2.154000,105.300000,  2.000000,  4.000000,  5.000000,  6.000000,  3.000000,  2.000000,  2.000000,  2.000000,  7.000000,  2.000000,  4.000000,  5.000000, 1, 0, 0
16.000000, 22.234680, 55.350000,  1.490000,  2.504000,132.700000,  5.000000,  7.000000,  4.000000,  4.000000,  6.000000,  6.000000,  6.000000,  5.000000,  5.000000,  5.000000,  7.000000,  4.000000, 1, 0, 0
4.000000,  8.470977, 13.870000, -2.410000,  0.609000, 40.200000,  2.000000,  1.000000,  1.000000,  2.000000,  2.000000,  0.000000,  0.000000,  2.000000,  2.000000,  1.000000,  2.000000,  1.000000, 1, 0, 0
4.000000,  9.954935, 10.920000, -0.020000,  0.487000, 31.000000,  3.000000,  1.000000,  0.000000,  0.000000,  3.000000,  1.000000,  1.000000,  3.000000,  0.000000,  2.000000,  2.000000,  0.000000, 0, 1, 0
4.000000, 10.792095, 10.550000, -0.240000,  0.474000, 33.000000,  2.000000,  2.000000,  0.000000,  1.000000,  2.000000,  1.000000,  1.000000,  2.000000,  1.000000,  2.000000,  2.000000,  0.000000, 0, 1, 0
4.000000, 10.361960, 15.890000,  4.750000,  0.756000, 21.900000,  0.000000,  3.000000,  1.000000,  0.000000,  0.000000,  4.000000,  4.000000,  0.000000,  0.000000,  0.000000,  3.000000,  1.000000, 0, 1, 0
4.000000, 10.124326, 17.080000,  5.350000,  0.827000, 23.900000,  1.000000,  2.000000,  1.000000,  0.000000,  1.000000,  3.000000,  3.000000,  1.000000,  0.000000,  1.000000,  2.000000,  1.000000, 0, 1, 0
8.000000, 22.163068, 19.550000,  0.660000,  0.880000, 67.000000,  4.000000,  3.000000,  1.000000,  2.000000,  4.000000,  2.000000,  2.000000,  4.000000,  2.000000,  4.000000,  3.000000,  1.000000, 0, 1, 0
8.000000, 22.475654, 32.950000,  3.290000,  1.559000, 64.200000,  2.000000,  2.000000,  4.000000,  2.000000,  3.000000,  3.000000,  3.000000,  2.000000,  3.000000,  2.000000,  2.000000,  4.000000, 0, 1, 0
9.000000, 19.185256, 29.940000,  3.030000,  1.307000, 74.000000,  3.000000,  6.000000,  0.000000,  3.000000,  1.000000,  5.000000,  5.000000,  1.000000,  3.000000,  3.000000,  6.000000,  0.000000, 0, 1, 0
2.000000,  3.803973,  5.660000,  0.280000,  0.276000, 18.500000,  1.000000,  0.000000,  1.000000,  0.000000,  2.000000,  0.000000,  0.000000,  1.000000,  1.000000,  1.000000,  0.000000,  1.000000, 0, 1, 0
4.000000, 10.165273, 21.160000,  1.320000,  1.020000, 32.300000,  0.000000,  2.000000,  2.000000,  2.000000,  0.000000,  2.000000,  2.000000,  0.000000,  2.000000,  0.000000,  2.000000,  2.000000, 0, 1, 0
5.000000, 13.618318, 18.880000,  0.340000,  0.873000, 36.700000,  3.000000,  1.000000,  1.000000,  0.000000,  3.000000,  2.000000,  2.000000,  3.000000,  0.000000,  3.000000,  1.000000,  1.000000, 0, 1, 0
5.000000, 13.522624, 18.680000, -0.480000,  0.862000, 43.800000,  2.000000,  1.000000,  2.000000,  1.000000,  4.000000,  0.000000,  1.000000,  2.000000,  2.000000,  2.000000,  1.000000,  2.000000, 0, 1, 0
4.000000, 10.404001, 15.380000,  2.450000,  0.733000, 28.200000,  1.000000,  2.000000,  1.000000,  0.000000,  2.000000,  2.000000,  2.000000,  1.000000,  1.000000,  0.000000,  3.000000,  1.000000, 0, 1, 0
4.000000,  9.764133, 15.570000, -1.280000,  0.718000, 41.300000,  1.000000,  1.000000,  2.000000,  2.000000,  2.000000,  0.000000,  0.000000,  1.000000,  3.000000,  1.000000,  1.000000,  2.000000, 0, 1, 0
4.000000,  7.882508, 15.330000, -0.150000,  0.693000, 32.900000,  2.000000,  1.000000,  1.000000,  1.000000,  2.000000,  1.000000,  1.000000,  2.000000,  1.000000,  2.000000,  1.000000,  1.000000, 0, 1, 0
3.000000,  6.811463, 11.730000, -0.060000,  0.539000, 25.000000,  1.000000,  1.000000,  1.000000,  1.000000,  1.000000,  1.000000,  1.000000,  1.000000,  1.000000,  1.000000,  1.000000,  1.000000, 0, 1, 0
3.000000,  7.238118,  8.950000,  0.060000,  0.412000, 23.500000,  1.000000,  2.000000,  0.000000,  1.000000,  1.000000,  1.000000,  1.000000,  1.000000,  1.000000,  1.000000,  2.000000,  0.000000, 0, 1, 0
4.000000,  9.953300, 10.920000, -0.020000,  0.487000, 31.000000,  3.000000,  1.000000,  0.000000,  0.000000,  3.000000,  1.000000,  1.000000,  3.000000,  0.000000,  2.000000,  2.000000,  0.000000, 0, 1, 0
4.000000, 10.784052, 10.550000, -0.240000,  0.474000, 33.000000,  2.000000,  2.000000,  0.000000,  1.000000,  2.000000,  1.000000,  1.000000,  2.000000,  1.000000,  2.000000,  2.000000,  0.000000, 0, 1, 0
4.000000, 10.354590, 15.890000,  4.750000,  0.756000, 21.900000,  0.000000,  3.000000,  1.000000,  0.000000,  0.000000,  4.000000,  4.000000,  0.000000,  0.000000,  0.000000,  3.000000,  1.000000, 0, 1, 0
4.000000, 10.131630, 17.080000,  5.350000,  0.827000, 23.900000,  1.000000,  2.000000,  1.000000,  0.000000,  1.000000,  3.000000,  3.000000,  1.000000,  0.000000,  1.000000,  2.000000,  1.000000, 0, 1, 0
8.000000, 22.153043, 19.550000,  0.660000,  0.880000, 67.000000,  4.000000,  3.000000,  1.000000,  2.000000,  4.000000,  2.000000,  2.000000,  4.000000,  2.000000,  4.000000,  3.000000,  1.000000, 0, 1, 0
8.000000, 22.483039, 32.950000,  3.290000,  1.559000, 64.200000,  2.000000,  2.000000,  4.000000,  2.000000,  3.000000,  3.000000,  3.000000,  2.000000,  3.000000,  2.000000,  2.000000,  4.000000, 0, 1, 0
9.000000, 19.179764, 29.940000,  3.030000,  1.307000, 74.000000,  3.000000,  6.000000,  0.000000,  3.000000,  1.000000,  5.000000,  5.000000,  1.000000,  3.000000,  3.000000,  6.000000,  0.000000, 0, 1, 0
2.000000,  3.806033,  5.660000,  0.280000,  0.276000, 18.500000,  1.000000,  0.000000,  1.000000,  0.000000,  2.000000,  0.000000,  0.000000,  1.000000,  1.000000,  1.000000,  0.000000,  1.000000, 0, 1, 0
4.000000, 10.174992, 21.160000,  1.320000,  1.020000, 32.300000,  0.000000,  2.000000,  2.000000,  2.000000,  0.000000,  2.000000,  2.000000,  0.000000,  2.000000,  0.000000,  2.000000,  2.000000, 0, 1, 0
5.000000, 13.629985, 18.880000,  0.340000,  0.873000, 36.700000,  3.000000,  1.000000,  1.000000,  0.000000,  3.000000,  2.000000,  2.000000,  3.000000,  0.000000,  3.000000,  1.000000,  1.000000, 0, 1, 0
5.000000, 13.521690, 18.680000, -0.480000,  0.862000, 43.800000,  2.000000,  1.000000,  2.000000,  1.000000,  4.000000,  0.000000,  1.000000,  2.000000,  2.000000,  2.000000,  1.000000,  2.000000, 0, 1, 0
4.000000, 10.404589, 15.380000,  2.450000,  0.733000, 28.200000,  1.000000,  2.000000,  1.000000,  0.000000,  2.000000,  2.000000,  2.000000,  1.000000,  1.000000,  0.000000,  3.000000,  1.000000, 0, 1, 0
4.000000,  9.756743, 15.570000, -1.280000,  0.718000, 41.300000,  1.000000,  1.000000,  2.000000,  2.000000,  2.000000,  0.000000,  0.000000,  1.000000,  3.000000,  1.000000,  1.000000,  2.000000, 0, 1, 0
4.000000,  7.907405, 15.330000, -0.150000,  0.693000, 32.900000,  2.000000,  1.000000,  1.000000,  1.000000,  2.000000,  1.000000,  1.000000,  2.000000,  1.000000,  2.000000,  1.000000,  1.000000, 0, 1, 0
3.000000,  6.803845, 11.730000, -0.060000,  0.539000, 25.000000,  1.000000,  1.000000,  1.000000,  1.000000,  1.000000,  1.000000,  1.000000,  1.000000,  1.000000,  1.000000,  1.000000,  1.000000, 0, 1, 0
3.000000,  7.232360,  8.950000,  0.060000,  0.412000, 23.500000,  1.000000,  2.000000,  0.000000,  1.000000,  1.000000,  1.000000,  1.000000,  1.000000,  1.000000,  1.000000,  2.000000,  0.000000, 0, 1, 0
