14275, 14274
14276, 14274
14283, 14274
14274, 14275
14276, 14275
14277, 14275
14282, 14275
14274, 14276
14275, 14276
14277, 14276
14283, 14276
14275, 14277
14276, 14277
14280, 14277
14283, 14277
14284, 14277
14285, 14277
14286, 14277
14279, 14278
14280, 14278
14283, 14278
14278, 14279
14280, 14279
14281, 14279
14277, 14280
14278, 14280
14279, 14280
14281, 14280
14279, 14281
14280, 14281
14285, 14281
14290, 14281
14275, 14282
14283, 14282
14284, 14282
14274, 14283
14276, 14283
14277, 14283
14278, 14283
14282, 14283
14284, 14283
14285, 14283
14277, 14284
14282, 14284
14283, 14284
14285, 14284
14277, 14285
14281, 14285
14283, 14285
14284, 14285
14298, 14285
14277, 14286
14287, 14286
14297, 14286
14298, 14286
14286, 14287
14288, 14287
14290, 14287
14292, 14287
14295, 14287
14296, 14287
14297, 14287
14287, 14288
14289, 14288
14291, 14288
14292, 14288
14294, 14288
14295, 14288
14296, 14288
14288, 14289
14293, 14289
14294, 14289
14281, 14290
14287, 14290
14291, 14290
14297, 14290
14298, 14290
14288, 14291
14290, 14291
14292, 14291
14296, 14291
14287, 14292
14288, 14292
14291, 14292
14293, 14292
14295, 14292
14289, 14293
14292, 14293
14294, 14293
14288, 14294
14289, 14294
14293, 14294
14295, 14294
14287, 14295
14288, 14295
14292, 14295
14294, 14295
14296, 14295
14287, 14296
14288, 14296
14291, 14296
14295, 14296
14297, 14296
14286, 14297
14287, 14297
14290, 14297
14296, 14297
14298, 14297
14285, 14298
14286, 14298
14290, 14298
14297, 14298
