7055, 7054
7056, 7054
7067, 7054
7054, 7055
7056, 7055
7057, 7055
7080, 7055
7054, 7056
7055, 7056
7057, 7056
7079, 7056
7055, 7057
7056, 7057
7058, 7057
7059, 7057
7060, 7057
7079, 7057
7057, 7058
7059, 7058
7060, 7058
7078, 7058
7057, 7059
7058, 7059
7060, 7059
7078, 7059
7057, 7060
7058, 7060
7059, 7060
7061, 7060
7062, 7060
7071, 7060
7081, 7060
7060, 7061
7062, 7061
7063, 7061
7081, 7061
7060, 7062
7061, 7062
7063, 7062
7061, 7063
7062, 7063
7064, 7063
7065, 7063
7082, 7063
7063, 7064
7065, 7064
7082, 7064
7083, 7064
7063, 7065
7064, 7065
7076, 7065
7083, 7065
7067, 7066
7080, 7066
7086, 7066
7054, 7067
7066, 7067
7068, 7067
7080, 7067
7086, 7067
7067, 7068
7079, 7068
7080, 7068
7085, 7068
7086, 7068
7070, 7069
7071, 7069
7072, 7069
7079, 7069
7085, 7069
7069, 7070
7071, 7070
7072, 7070
7084, 7070
7060, 7071
7069, 7071
7070, 7071
7072, 7071
7084, 7071
7069, 7072
7070, 7072
7071, 7072
7073, 7072
7074, 7072
7087, 7072
7072, 7073
7074, 7073
7075, 7073
7087, 7073
7072, 7074
7073, 7074
7075, 7074
7073, 7075
7074, 7075
7082, 7075
7088, 7075
7065, 7076
7077, 7076
7083, 7076
7088, 7076
7089, 7076
7076, 7077
7089, 7077
7058, 7078
7059, 7078
7081, 7078
7087, 7078
7056, 7079
7057, 7079
7068, 7079
7069, 7079
7055, 7080
7066, 7080
7067, 7080
7068, 7080
7060, 7081
7061, 7081
7078, 7081
7084, 7081
7063, 7082
7064, 7082
7075, 7082
7083, 7082
7064, 7083
7065, 7083
7076, 7083
7082, 7083
7088, 7083
7089, 7083
7070, 7084
7071, 7084
7081, 7084
7087, 7084
7068, 7085
7069, 7085
7066, 7086
7067, 7086
7068, 7086
7072, 7087
7073, 7087
7078, 7087
7084, 7087
7075, 7088
7076, 7088
7083, 7088
7076, 7089
7077, 7089
7083, 7089
