1815, 1814
1820, 1814
1824, 1814
1814, 1815
1819, 1815
1824, 1815
1825, 1815
1827, 1815
1817, 1816
1822, 1816
1826, 1816
1829, 1816
1816, 1817
1818, 1817
1823, 1817
1817, 1818
1822, 1818
1823, 1818
1815, 1819
1820, 1819
1814, 1820
1819, 1820
1827, 1820
1822, 1821
1823, 1821
1829, 1821
1816, 1822
1818, 1822
1821, 1822
1823, 1822
1817, 1823
1818, 1823
1821, 1823
1822, 1823
1814, 1824
1815, 1824
1825, 1824
1828, 1824
1815, 1825
1824, 1825
1826, 1825
1827, 1825
1828, 1825
1829, 1825
1816, 1826
1825, 1826
1828, 1826
1829, 1826
1815, 1827
1820, 1827
1825, 1827
1828, 1827
1824, 1828
1825, 1828
1826, 1828
1827, 1828
1829, 1828
1816, 1829
1821, 1829
1825, 1829
1826, 1829
1828, 1829
