18563, 18562
18586, 18562
18562, 18563
18564, 18563
18574, 18563
18587, 18563
18596, 18563
18563, 18564
18565, 18564
18575, 18564
18588, 18564
18564, 18565
18566, 18565
18578, 18565
18588, 18565
18565, 18566
18567, 18566
18568, 18566
18589, 18566
18566, 18567
18568, 18567
18569, 18567
18589, 18567
18566, 18568
18567, 18568
18569, 18568
18590, 18568
18567, 18569
18568, 18569
18570, 18569
18590, 18569
18591, 18569
18569, 18570
18571, 18570
18591, 18570
18592, 18570
18570, 18571
18572, 18571
18573, 18571
18592, 18571
18593, 18571
18571, 18572
18573, 18572
18585, 18572
18593, 18572
18571, 18573
18572, 18573
18584, 18573
18585, 18573
18563, 18574
18575, 18574
18596, 18574
18603, 18574
18564, 18575
18574, 18575
18576, 18575
18596, 18575
18575, 18576
18577, 18576
18597, 18576
18576, 18577
18578, 18577
18579, 18577
18597, 18577
18565, 18578
18577, 18578
18579, 18578
18580, 18578
18598, 18578
18577, 18579
18578, 18579
18580, 18579
18581, 18579
18598, 18579
18578, 18580
18579, 18580
18581, 18580
18599, 18580
18579, 18581
18580, 18581
18582, 18581
18599, 18581
18600, 18581
18581, 18582
18583, 18582
18600, 18582
18601, 18582
18582, 18583
18584, 18583
18585, 18583
18601, 18583
18602, 18583
18573, 18584
18583, 18584
18585, 18584
18602, 18584
18572, 18585
18573, 18585
18583, 18585
18584, 18585
18562, 18586
18587, 18586
18594, 18586
18596, 18586
18603, 18586
18563, 18587
18586, 18587
18594, 18587
18564, 18588
18565, 18588
18589, 18588
18598, 18588
18566, 18589
18567, 18589
18588, 18589
18590, 18589
18597, 18589
18599, 18589
18568, 18590
18569, 18590
18589, 18590
18591, 18590
18598, 18590
18600, 18590
18569, 18591
18570, 18591
18590, 18591
18599, 18591
18570, 18592
18571, 18592
18593, 18592
18602, 18592
18571, 18593
18572, 18593
18592, 18593
18601, 18593
18586, 18594
18587, 18594
18595, 18594
18596, 18594
18603, 18594
18594, 18595
18603, 18595
18563, 18596
18574, 18596
18575, 18596
18586, 18596
18594, 18596
18576, 18597
18577, 18597
18589, 18597
18598, 18597
18578, 18598
18579, 18598
18588, 18598
18590, 18598
18597, 18598
18599, 18598
18580, 18599
18581, 18599
18589, 18599
18591, 18599
18598, 18599
18600, 18599
18581, 18600
18582, 18600
18590, 18600
18599, 18600
18582, 18601
18583, 18601
18593, 18601
18602, 18601
18583, 18602
18584, 18602
18592, 18602
18601, 18602
18574, 18603
18586, 18603
18594, 18603
18595, 18603
