13779, 13762
13789, 13762
13764, 13763
13772, 13763
13782, 13763
13787, 13763
13763, 13764
13765, 13764
13769, 13764
13764, 13765
13778, 13765
13783, 13765
13778, 13766
13783, 13766
13788, 13766
13793, 13766
13776, 13767
13784, 13767
13787, 13767
13769, 13768
13775, 13768
13777, 13768
13787, 13768
13764, 13769
13768, 13769
13774, 13769
13788, 13769
13777, 13770
13778, 13770
13788, 13770
13779, 13771
13789, 13771
13792, 13771
13763, 13772
13773, 13772
13782, 13772
13792, 13772
13772, 13773
13783, 13773
13788, 13773
13793, 13773
13769, 13774
13778, 13774
13793, 13774
13768, 13775
13794, 13775
13797, 13775
13767, 13776
13777, 13776
13797, 13776
13768, 13777
13770, 13777
13776, 13777
13798, 13777
13765, 13778
13766, 13778
13770, 13778
13774, 13778
13798, 13778
13762, 13779
13771, 13779
13780, 13779
13782, 13779
13779, 13780
13781, 13780
13780, 13781
13763, 13782
13772, 13782
13779, 13782
13765, 13783
13766, 13783
13773, 13783
13788, 13783
13798, 13783
13767, 13784
13785, 13784
13784, 13785
13786, 13785
13785, 13786
13763, 13787
13767, 13787
13768, 13787
13766, 13788
13769, 13788
13770, 13788
13773, 13788
13783, 13788
13793, 13788
13798, 13788
13762, 13789
13771, 13789
13790, 13789
13789, 13790
13791, 13790
13790, 13791
13771, 13792
13772, 13792
13766, 13793
13773, 13793
13774, 13793
13788, 13793
13798, 13793
13775, 13794
13795, 13794
13794, 13795
13796, 13795
13795, 13796
13775, 13797
13776, 13797
13777, 13798
13778, 13798
13783, 13798
13788, 13798
13793, 13798
