2923, 2900
2925, 2900
2928, 2900
2902, 2901
2926, 2901
2927, 2901
2901, 2902
2903, 2902
2927, 2902
2902, 2903
2904, 2903
2927, 2903
2903, 2904
2905, 2904
2906, 2904
2904, 2905
2906, 2905
2907, 2905
2904, 2906
2905, 2906
2907, 2906
2905, 2907
2906, 2907
2908, 2907
2909, 2907
2907, 2908
2909, 2908
2924, 2908
2907, 2909
2908, 2909
2910, 2909
2924, 2909
2909, 2910
2911, 2910
2924, 2910
2910, 2911
2912, 2911
2922, 2911
2911, 2912
2922, 2912
2930, 2912
2922, 2913
2930, 2913
2931, 2913
2915, 2914
2921, 2914
2931, 2914
2914, 2915
2921, 2915
2932, 2915
2917, 2916
2932, 2916
2933, 2916
2916, 2917
2918, 2917
2919, 2917
2920, 2917
2933, 2917
2917, 2918
2919, 2918
2920, 2918
2933, 2918
2917, 2919
2918, 2919
2920, 2919
2917, 2920
2918, 2920
2919, 2920
2914, 2921
2915, 2921
2931, 2921
2932, 2921
2911, 2922
2912, 2922
2913, 2922
2930, 2922
2900, 2923
2925, 2923
2928, 2923
2908, 2924
2909, 2924
2910, 2924
2900, 2925
2923, 2925
2928, 2925
2929, 2925
2901, 2926
2928, 2926
2929, 2926
2901, 2927
2902, 2927
2903, 2927
2900, 2928
2923, 2928
2925, 2928
2926, 2928
2929, 2928
2925, 2929
2926, 2929
2928, 2929
2912, 2930
2913, 2930
2922, 2930
2913, 2931
2914, 2931
2921, 2931
2915, 2932
2916, 2932
2921, 2932
2916, 2933
2917, 2933
2918, 2933
