3630, 3629
3631, 3629
3644, 3629
3645, 3629
3629, 3630
3631, 3630
3632, 3630
3644, 3630
3629, 3631
3630, 3631
3632, 3631
3643, 3631
3630, 3632
3631, 3632
3634, 3632
3643, 3632
3646, 3632
3634, 3633
3635, 3633
3646, 3633
3632, 3634
3633, 3634
3635, 3634
3646, 3634
3647, 3634
3633, 3635
3634, 3635
3636, 3635
3647, 3635
3635, 3636
3637, 3636
3647, 3636
3636, 3637
3647, 3637
3648, 3637
3648, 3638
3650, 3638
3652, 3638
3649, 3639
3651, 3639
3654, 3639
3642, 3640
3649, 3640
3653, 3640
3655, 3640
3642, 3641
3653, 3641
3655, 3641
3640, 3642
3641, 3642
3653, 3642
3631, 3643
3632, 3643
3644, 3643
3645, 3643
3646, 3643
3629, 3644
3630, 3644
3643, 3644
3645, 3644
3629, 3645
3643, 3645
3644, 3645
3632, 3646
3633, 3646
3634, 3646
3643, 3646
3634, 3647
3635, 3647
3636, 3647
3637, 3647
3637, 3648
3638, 3648
3650, 3648
3639, 3649
3640, 3649
3651, 3649
3654, 3649
3655, 3649
3638, 3650
3648, 3650
3652, 3650
3639, 3651
3649, 3651
3652, 3651
3654, 3651
3638, 3652
3650, 3652
3651, 3652
3654, 3652
3640, 3653
3641, 3653
3642, 3653
3655, 3653
3639, 3654
3649, 3654
3651, 3654
3652, 3654
3640, 3655
3641, 3655
3649, 3655
3653, 3655
