16665, 16664
16666, 16664
16700, 16664
16708, 16664
16716, 16664
16664, 16665
16666, 16665
16700, 16665
16664, 16666
16665, 16666
16667, 16666
16699, 16666
16666, 16667
16698, 16667
16699, 16667
16707, 16667
16715, 16667
16698, 16668
16702, 16668
16706, 16668
16714, 16668
16702, 16669
16703, 16669
16710, 16669
16718, 16669
16682, 16670
16703, 16670
16704, 16670
16711, 16670
16712, 16670
16719, 16670
16720, 16670
16672, 16671
16683, 16671
16704, 16671
16671, 16672
16693, 16672
16705, 16672
16713, 16672
16721, 16672
16674, 16673
16675, 16673
16701, 16673
16705, 16673
16713, 16673
16673, 16674
16675, 16674
16701, 16674
16673, 16675
16674, 16675
16696, 16675
16677, 16676
16678, 16676
16687, 16676
16708, 16676
16676, 16677
16678, 16677
16679, 16677
16708, 16677
16676, 16678
16677, 16678
16679, 16678
16707, 16678
16677, 16679
16678, 16679
16680, 16679
16706, 16679
16707, 16679
16679, 16680
16681, 16680
16706, 16680
16710, 16680
16680, 16681
16692, 16681
16710, 16681
16711, 16681
16670, 16682
16692, 16682
16703, 16682
16711, 16682
16712, 16682
16671, 16683
16684, 16683
16693, 16683
16712, 16683
16713, 16683
16683, 16684
16685, 16684
16686, 16684
16709, 16684
16713, 16684
16684, 16685
16686, 16685
16695, 16685
16709, 16685
16684, 16686
16685, 16686
16697, 16686
16676, 16687
16688, 16687
16716, 16687
16687, 16688
16700, 16688
16708, 16688
16715, 16688
16716, 16688
16699, 16689
16707, 16689
16714, 16689
16715, 16689
16691, 16690
16698, 16690
16706, 16690
16714, 16690
16718, 16690
16690, 16691
16718, 16691
16719, 16691
16681, 16692
16682, 16692
16719, 16692
16720, 16692
16672, 16693
16683, 16693
16694, 16693
16720, 16693
16693, 16694
16695, 16694
16721, 16694
16685, 16695
16694, 16695
16717, 16695
16721, 16695
16675, 16696
16697, 16696
16701, 16696
16709, 16696
16717, 16696
16686, 16697
16696, 16697
16701, 16697
16709, 16697
16667, 16698
16668, 16698
16690, 16698
16666, 16699
16667, 16699
16689, 16699
16664, 16700
16665, 16700
16688, 16700
16673, 16701
16674, 16701
16696, 16701
16697, 16701
16668, 16702
16669, 16702
16669, 16703
16670, 16703
16682, 16703
16670, 16704
16671, 16704
16672, 16705
16673, 16705
16721, 16705
16668, 16706
16679, 16706
16680, 16706
16690, 16706
16667, 16707
16678, 16707
16679, 16707
16689, 16707
16664, 16708
16676, 16708
16677, 16708
16688, 16708
16684, 16709
16685, 16709
16696, 16709
16697, 16709
16669, 16710
16680, 16710
16681, 16710
16670, 16711
16681, 16711
16682, 16711
16670, 16712
16682, 16712
16683, 16712
16672, 16713
16673, 16713
16683, 16713
16684, 16713
16721, 16713
16668, 16714
16689, 16714
16690, 16714
16667, 16715
16688, 16715
16689, 16715
16664, 16716
16687, 16716
16688, 16716
16695, 16717
16696, 16717
16669, 16718
16690, 16718
16691, 16718
16670, 16719
16691, 16719
16692, 16719
16670, 16720
16692, 16720
16693, 16720
16672, 16721
16694, 16721
16695, 16721
16705, 16721
16713, 16721
