15091, 15090
15095, 15090
15090, 15091
15094, 15091
15098, 15091
15103, 15091
15093, 15092
15098, 15092
15103, 15092
15092, 15093
15102, 15093
15111, 15093
15091, 15094
15095, 15094
15090, 15095
15094, 15095
15098, 15095
15103, 15095
15107, 15095
15097, 15096
15098, 15096
15103, 15096
15112, 15096
15096, 15097
15111, 15097
15091, 15098
15092, 15098
15095, 15098
15096, 15098
15103, 15098
15101, 15099
15104, 15099
15110, 15099
15104, 15100
15105, 15100
15106, 15100
15114, 15100
15115, 15100
15099, 15101
15102, 15101
15104, 15101
15111, 15101
15093, 15102
15101, 15102
15110, 15102
15091, 15103
15092, 15103
15095, 15103
15096, 15103
15098, 15103
15099, 15104
15100, 15104
15101, 15104
15110, 15104
15100, 15105
15106, 15105
15109, 15105
15115, 15105
15100, 15106
15105, 15106
15115, 15106
15095, 15107
15112, 15107
15110, 15108
15113, 15108
15105, 15109
15113, 15109
15114, 15109
15099, 15110
15102, 15110
15104, 15110
15108, 15110
15111, 15110
15093, 15111
15097, 15111
15101, 15111
15110, 15111
15096, 15112
15107, 15112
15108, 15113
15109, 15113
15100, 15114
15109, 15114
15115, 15114
15100, 15115
15105, 15115
15106, 15115
15114, 15115
