19331, 19330
19341, 19330
19330, 19331
19332, 19331
19342, 19331
19346, 19331
19331, 19332
19345, 19332
19350, 19332
19334, 19333
19339, 19333
19347, 19333
19333, 19334
19338, 19334
19343, 19334
19344, 19334
19336, 19335
19335, 19336
19346, 19336
19355, 19336
19365, 19336
19345, 19337
19356, 19337
19357, 19337
19366, 19337
19334, 19338
19339, 19338
19344, 19338
19364, 19338
19333, 19339
19338, 19339
19347, 19339
19341, 19340
19330, 19341
19340, 19341
19342, 19341
19365, 19341
19331, 19342
19341, 19342
19366, 19342
19367, 19342
19334, 19343
19344, 19343
19374, 19343
19334, 19344
19338, 19344
19343, 19344
19332, 19345
19337, 19345
19346, 19345
19355, 19345
19356, 19345
19365, 19345
19366, 19345
19331, 19346
19336, 19346
19345, 19346
19355, 19346
19365, 19346
19333, 19347
19339, 19347
19352, 19347
19360, 19347
19364, 19347
19370, 19347
19374, 19347
19351, 19348
19354, 19348
19359, 19348
19363, 19348
19369, 19348
19373, 19348
19353, 19349
19354, 19349
19358, 19349
19361, 19349
19362, 19349
19368, 19349
19371, 19349
19372, 19349
19332, 19350
19353, 19350
19357, 19350
19367, 19350
19348, 19351
19352, 19351
19360, 19351
19370, 19351
19347, 19352
19351, 19352
19364, 19352
19374, 19352
19349, 19353
19350, 19353
19348, 19354
19349, 19354
19358, 19354
19362, 19354
19368, 19354
19372, 19354
19336, 19355
19345, 19355
19346, 19355
19356, 19355
19366, 19355
19337, 19356
19345, 19356
19355, 19356
19337, 19357
19350, 19357
19361, 19357
19349, 19358
19354, 19358
19361, 19358
19362, 19358
19372, 19358
19348, 19359
19362, 19359
19363, 19359
19373, 19359
19347, 19360
19351, 19360
19363, 19360
19364, 19360
19349, 19361
19357, 19361
19358, 19361
19349, 19362
19354, 19362
19358, 19362
19359, 19362
19348, 19363
19359, 19363
19360, 19363
19369, 19363
19338, 19364
19347, 19364
19352, 19364
19360, 19364
19374, 19364
19336, 19365
19341, 19365
19345, 19365
19346, 19365
19366, 19365
19337, 19366
19342, 19366
19345, 19366
19355, 19366
19365, 19366
19342, 19367
19350, 19367
19371, 19367
19349, 19368
19354, 19368
19371, 19368
19372, 19368
19348, 19369
19363, 19369
19372, 19369
19373, 19369
19347, 19370
19351, 19370
19373, 19370
19374, 19370
19349, 19371
19367, 19371
19368, 19371
19349, 19372
19354, 19372
19358, 19372
19368, 19372
19369, 19372
19348, 19373
19359, 19373
19369, 19373
19370, 19373
19343, 19374
19347, 19374
19352, 19374
19364, 19374
19370, 19374
