4186, 4176
4190, 4176
4191, 4176
4192, 4176
4180, 4177
4182, 4177
4187, 4177
4179, 4178
4183, 4178
4184, 4178
4191, 4178
4192, 4178
4178, 4179
4183, 4179
4184, 4179
4177, 4180
4182, 4180
4185, 4180
4187, 4180
4188, 4180
4186, 4181
4188, 4181
4189, 4181
4177, 4182
4180, 4182
4187, 4182
4178, 4183
4179, 4183
4184, 4183
4191, 4183
4192, 4183
4178, 4184
4179, 4184
4183, 4184
4180, 4185
4187, 4185
4188, 4185
4176, 4186
4181, 4186
4189, 4186
4190, 4186
4177, 4187
4180, 4187
4182, 4187
4185, 4187
4188, 4187
4180, 4188
4181, 4188
4185, 4188
4187, 4188
4189, 4188
4181, 4189
4186, 4189
4188, 4189
4176, 4190
4186, 4190
4191, 4190
4192, 4190
4176, 4191
4178, 4191
4183, 4191
4190, 4191
4192, 4191
4176, 4192
4178, 4192
4183, 4192
4190, 4192
4191, 4192
