16780, 16779
16781, 16779
16782, 16779
16779, 16780
16781, 16780
16782, 16780
16793, 16780
16779, 16781
16780, 16781
16782, 16781
16792, 16781
16779, 16782
16780, 16782
16781, 16782
16783, 16782
16791, 16782
16792, 16782
16782, 16783
16784, 16783
16785, 16783
16791, 16783
16795, 16783
16783, 16784
16785, 16784
16786, 16784
16795, 16784
16796, 16784
16783, 16785
16784, 16785
16786, 16785
16787, 16785
16797, 16785
16798, 16785
16784, 16786
16785, 16786
16787, 16786
16788, 16786
16798, 16786
16785, 16787
16786, 16787
16788, 16787
16789, 16787
16790, 16787
16799, 16787
16786, 16788
16787, 16788
16789, 16788
16790, 16788
16794, 16788
16799, 16788
16787, 16789
16788, 16789
16790, 16789
16794, 16789
16787, 16790
16788, 16790
16789, 16790
16782, 16791
16783, 16791
16792, 16791
16793, 16791
16795, 16791
16796, 16791
16781, 16792
16782, 16792
16791, 16792
16793, 16792
16795, 16792
16780, 16793
16791, 16793
16792, 16793
16795, 16793
16788, 16794
16789, 16794
16797, 16794
16798, 16794
16799, 16794
16783, 16795
16784, 16795
16791, 16795
16792, 16795
16793, 16795
16796, 16795
16797, 16795
16784, 16796
16791, 16796
16795, 16796
16797, 16796
16798, 16796
16785, 16797
16794, 16797
16795, 16797
16796, 16797
16798, 16797
16799, 16797
16785, 16798
16786, 16798
16794, 16798
16796, 16798
16797, 16798
16799, 16798
16787, 16799
16788, 16799
16794, 16799
16797, 16799
16798, 16799
