11310, 11294
11311, 11294
11312, 11294
11296, 11295
11311, 11295
11312, 11295
11313, 11295
11315, 11295
11295, 11296
11313, 11296
11314, 11296
11315, 11296
11298, 11297
11299, 11297
11314, 11297
11297, 11298
11299, 11298
11314, 11298
11297, 11299
11298, 11299
11316, 11299
11317, 11299
11301, 11300
11302, 11300
11317, 11300
11300, 11301
11302, 11301
11303, 11301
11316, 11301
11317, 11301
11300, 11302
11301, 11302
11303, 11302
11301, 11303
11302, 11303
11304, 11303
11303, 11304
11305, 11304
11306, 11304
11304, 11305
11306, 11305
11307, 11305
11308, 11305
11304, 11306
11305, 11306
11307, 11306
11308, 11306
11309, 11306
11305, 11307
11306, 11307
11308, 11307
11309, 11307
11305, 11308
11306, 11308
11307, 11308
11309, 11308
11306, 11309
11307, 11309
11308, 11309
11294, 11310
11311, 11310
11312, 11310
11294, 11311
11295, 11311
11310, 11311
11312, 11311
11313, 11311
11294, 11312
11295, 11312
11310, 11312
11311, 11312
11313, 11312
11295, 11313
11296, 11313
11311, 11313
11312, 11313
11296, 11314
11297, 11314
11298, 11314
11315, 11314
11295, 11315
11296, 11315
11314, 11315
11299, 11316
11301, 11316
11317, 11316
11299, 11317
11300, 11317
11301, 11317
11316, 11317
