2407, 2395
2409, 2395
2410, 2395
2397, 2396
2410, 2396
2411, 2396
2412, 2396
2413, 2396
2396, 2397
2398, 2397
2411, 2397
2397, 2398
2399, 2398
2408, 2398
2411, 2398
2398, 2399
2408, 2399
2411, 2399
2401, 2400
2406, 2400
2408, 2400
2400, 2401
2405, 2401
2406, 2401
2403, 2402
2404, 2402
2405, 2402
2402, 2403
2404, 2403
2405, 2403
2402, 2404
2403, 2404
2405, 2404
2401, 2405
2402, 2405
2403, 2405
2404, 2405
2406, 2405
2400, 2406
2401, 2406
2405, 2406
2395, 2407
2409, 2407
2410, 2407
2398, 2408
2399, 2408
2400, 2408
2395, 2409
2407, 2409
2410, 2409
2412, 2409
2413, 2409
2395, 2410
2396, 2410
2407, 2410
2409, 2410
2412, 2410
2413, 2410
2396, 2411
2397, 2411
2398, 2411
2399, 2411
2396, 2412
2409, 2412
2410, 2412
2413, 2412
2396, 2413
2409, 2413
2410, 2413
2412, 2413
