18360, 18333
18370, 18333
18335, 18334
18347, 18334
18361, 18334
18371, 18334
18334, 18335
18346, 18335
18361, 18335
18362, 18335
18371, 18335
18372, 18335
18337, 18336
18349, 18336
18362, 18336
18372, 18336
18336, 18337
18348, 18337
18363, 18337
18339, 18338
18351, 18338
18363, 18338
18338, 18339
18350, 18339
18364, 18339
18341, 18340
18353, 18340
18364, 18340
18365, 18340
18340, 18341
18352, 18341
18365, 18341
18366, 18341
18343, 18342
18355, 18342
18366, 18342
18342, 18343
18344, 18343
18354, 18343
18356, 18343
18359, 18343
18343, 18344
18355, 18344
18356, 18344
18359, 18344
18346, 18345
18347, 18345
18370, 18345
18371, 18345
18335, 18346
18345, 18346
18347, 18346
18371, 18346
18334, 18347
18345, 18347
18346, 18347
18372, 18347
18337, 18348
18349, 18348
18372, 18348
18336, 18349
18348, 18349
18373, 18349
18339, 18350
18351, 18350
18373, 18350
18338, 18351
18350, 18351
18374, 18351
18341, 18352
18353, 18352
18374, 18352
18375, 18352
18340, 18353
18352, 18353
18375, 18353
18376, 18353
18343, 18354
18355, 18354
18376, 18354
18342, 18355
18344, 18355
18354, 18355
18356, 18355
18359, 18355
18369, 18355
18343, 18356
18344, 18356
18355, 18356
18369, 18356
18358, 18357
18368, 18357
18357, 18358
18360, 18358
18367, 18358
18370, 18358
18343, 18359
18344, 18359
18355, 18359
18366, 18359
18376, 18359
18333, 18360
18358, 18360
18361, 18360
18368, 18360
18334, 18361
18335, 18361
18360, 18361
18335, 18362
18336, 18362
18337, 18363
18338, 18363
18364, 18363
18374, 18363
18339, 18364
18340, 18364
18363, 18364
18365, 18364
18373, 18364
18375, 18364
18340, 18365
18341, 18365
18364, 18365
18374, 18365
18341, 18366
18342, 18366
18359, 18366
18369, 18366
18376, 18366
18358, 18367
18368, 18367
18357, 18368
18360, 18368
18367, 18368
18370, 18368
18355, 18369
18356, 18369
18366, 18369
18376, 18369
18333, 18370
18345, 18370
18358, 18370
18368, 18370
18334, 18371
18335, 18371
18345, 18371
18346, 18371
18335, 18372
18336, 18372
18347, 18372
18348, 18372
18349, 18373
18350, 18373
18364, 18373
18374, 18373
18351, 18374
18352, 18374
18363, 18374
18365, 18374
18373, 18374
18375, 18374
18352, 18375
18353, 18375
18364, 18375
18374, 18375
18353, 18376
18354, 18376
18359, 18376
18366, 18376
18369, 18376
