18131, 18130
18139, 18130
18141, 18130
18130, 18131
18139, 18131
18141, 18131
18133, 18132
18145, 18132
18147, 18132
18148, 18132
18132, 18133
18145, 18133
18147, 18133
18148, 18133
18135, 18134
18136, 18134
18145, 18134
18147, 18134
18156, 18134
18134, 18135
18136, 18135
18137, 18135
18145, 18135
18134, 18136
18135, 18136
18156, 18136
18135, 18137
18143, 18137
18156, 18137
18142, 18138
18143, 18138
18144, 18138
18146, 18138
18130, 18139
18131, 18139
18141, 18139
18151, 18139
18155, 18139
18148, 18140
18149, 18140
18153, 18140
18130, 18141
18131, 18141
18139, 18141
18151, 18141
18155, 18141
18138, 18142
18144, 18142
18146, 18142
18137, 18143
18138, 18143
18144, 18143
18146, 18143
18156, 18143
18138, 18144
18142, 18144
18143, 18144
18146, 18144
18132, 18145
18133, 18145
18134, 18145
18135, 18145
18147, 18145
18138, 18146
18142, 18146
18143, 18146
18144, 18146
18132, 18147
18133, 18147
18134, 18147
18145, 18147
18132, 18148
18133, 18148
18140, 18148
18140, 18149
18150, 18149
18152, 18149
18153, 18149
18149, 18150
18152, 18150
18153, 18150
18154, 18150
18139, 18151
18141, 18151
18155, 18151
18149, 18152
18150, 18152
18153, 18152
18154, 18152
18140, 18153
18149, 18153
18150, 18153
18152, 18153
18150, 18154
18152, 18154
18155, 18154
18139, 18155
18141, 18155
18151, 18155
18154, 18155
18134, 18156
18136, 18156
18137, 18156
18143, 18156
