8046, 8045
8047, 8045
8048, 8045
8045, 8046
8047, 8046
8048, 8046
8045, 8047
8046, 8047
8048, 8047
8045, 8048
8046, 8048
8047, 8048
8049, 8048
8050, 8048
8052, 8048
8048, 8049
8050, 8049
8051, 8049
8052, 8049
8048, 8050
8049, 8050
8051, 8050
8053, 8050
8049, 8051
8050, 8051
8052, 8051
8053, 8051
8048, 8052
8049, 8052
8051, 8052
8053, 8052
8050, 8053
8051, 8053
8052, 8053
8054, 8053
8053, 8054
8055, 8054
8056, 8054
8054, 8055
8056, 8055
8057, 8055
8054, 8056
8055, 8056
8057, 8056
8058, 8056
8055, 8057
8056, 8057
8058, 8057
8059, 8057
8065, 8057
8056, 8058
8057, 8058
8059, 8058
8065, 8058
8066, 8058
8057, 8059
8058, 8059
8060, 8059
8066, 8059
8067, 8059
8059, 8060
8061, 8060
8062, 8060
8063, 8060
8069, 8060
8060, 8061
8062, 8061
8063, 8061
8064, 8061
8060, 8062
8061, 8062
8063, 8062
8064, 8062
8060, 8063
8061, 8063
8062, 8063
8064, 8063
8069, 8063
8061, 8064
8062, 8064
8063, 8064
8057, 8065
8058, 8065
8066, 8065
8067, 8065
8058, 8066
8059, 8066
8065, 8066
8067, 8066
8068, 8066
8059, 8067
8065, 8067
8066, 8067
8068, 8067
8069, 8067
8066, 8068
8067, 8068
8069, 8068
8060, 8069
8063, 8069
8067, 8069
8068, 8069
