3746, 3745
3799, 3745
3800, 3745
3745, 3746
3763, 3746
3798, 3746
3802, 3746
3748, 3747
3802, 3747
3747, 3748
3749, 3748
3765, 3748
3783, 3748
3748, 3749
3750, 3749
3768, 3749
3749, 3750
3767, 3750
3804, 3750
3752, 3751
3803, 3751
3751, 3752
3769, 3752
3808, 3753
3755, 3754
3806, 3754
3807, 3754
3754, 3755
3805, 3755
3809, 3755
3757, 3756
3775, 3756
3809, 3756
3756, 3757
3758, 3757
3757, 3758
3759, 3758
3777, 3758
3795, 3758
3758, 3759
3776, 3759
3794, 3759
3811, 3759
3761, 3760
3779, 3760
3810, 3760
3760, 3761
3797, 3761
3801, 3762
3815, 3762
3746, 3763
3764, 3763
3813, 3763
3814, 3763
3763, 3764
3798, 3764
3812, 3764
3816, 3764
3748, 3765
3766, 3765
3816, 3765
3765, 3766
3767, 3766
3750, 3767
3766, 3767
3768, 3767
3786, 3767
3749, 3768
3767, 3768
3785, 3768
3818, 3768
3752, 3769
3770, 3769
3817, 3769
3769, 3770
3797, 3770
3822, 3771
3773, 3772
3820, 3772
3821, 3772
3772, 3773
3819, 3773
3823, 3773
3775, 3774
3823, 3774
3756, 3775
3774, 3775
3776, 3775
3792, 3775
3759, 3776
3775, 3776
3777, 3776
3758, 3777
3776, 3777
3825, 3777
3779, 3778
3824, 3778
3760, 3779
3778, 3779
3797, 3779
3829, 3780
3782, 3781
3827, 3781
3828, 3781
3781, 3782
3798, 3782
3805, 3782
3826, 3782
3830, 3782
3748, 3783
3784, 3783
3830, 3783
3783, 3784
3785, 3784
3768, 3785
3784, 3785
3786, 3785
3767, 3786
3785, 3786
3832, 3786
3788, 3787
3831, 3787
3787, 3788
3797, 3788
3836, 3789
3791, 3790
3834, 3790
3835, 3790
3790, 3791
3833, 3791
3837, 3791
3775, 3792
3793, 3792
3837, 3792
3792, 3793
3794, 3793
3759, 3794
3793, 3794
3795, 3794
3758, 3795
3794, 3795
3839, 3795
3797, 3796
3838, 3796
3761, 3797
3770, 3797
3779, 3797
3788, 3797
3796, 3797
3746, 3798
3764, 3798
3782, 3798
3799, 3798
3745, 3799
3798, 3799
3745, 3800
3801, 3800
3762, 3801
3800, 3801
3746, 3802
3747, 3802
3751, 3803
3804, 3803
3750, 3804
3803, 3804
3839, 3804
3755, 3805
3782, 3805
3806, 3805
3754, 3806
3805, 3806
3754, 3807
3808, 3807
3753, 3808
3807, 3808
3755, 3809
3756, 3809
3760, 3810
3811, 3810
3759, 3811
3810, 3811
3839, 3811
3764, 3812
3813, 3812
3763, 3813
3812, 3813
3763, 3814
3815, 3814
3762, 3815
3814, 3815
3764, 3816
3765, 3816
3769, 3817
3818, 3817
3768, 3818
3817, 3818
3839, 3818
3773, 3819
3820, 3819
3772, 3820
3819, 3820
3772, 3821
3822, 3821
3771, 3822
3821, 3822
3773, 3823
3774, 3823
3778, 3824
3825, 3824
3777, 3825
3824, 3825
3782, 3826
3827, 3826
3781, 3827
3826, 3827
3781, 3828
3829, 3828
3780, 3829
3828, 3829
3782, 3830
3783, 3830
3787, 3831
3832, 3831
3786, 3832
3831, 3832
3791, 3833
3834, 3833
3790, 3834
3833, 3834
3790, 3835
3836, 3835
3789, 3836
3835, 3836
3791, 3837
3792, 3837
3796, 3838
3839, 3838
3795, 3839
3804, 3839
3811, 3839
3818, 3839
3838, 3839
