11269, 11268
11270, 11268
11271, 11268
11268, 11269
11270, 11269
11271, 11269
11285, 11269
11286, 11269
11268, 11270
11269, 11270
11271, 11270
11287, 11270
11268, 11271
11269, 11271
11270, 11271
11272, 11271
11289, 11271
11271, 11272
11273, 11272
11288, 11272
11289, 11272
11272, 11273
11274, 11273
11290, 11273
11273, 11274
11275, 11274
11290, 11274
11292, 11274
11274, 11275
11276, 11275
11277, 11275
11291, 11275
11275, 11276
11277, 11276
11278, 11276
11275, 11277
11276, 11277
11278, 11277
11276, 11278
11277, 11278
11279, 11278
11278, 11279
11280, 11279
11281, 11279
11279, 11280
11281, 11280
11282, 11280
11283, 11280
11279, 11281
11280, 11281
11282, 11281
11283, 11281
11284, 11281
11280, 11282
11281, 11282
11283, 11282
11284, 11282
11280, 11283
11281, 11283
11282, 11283
11284, 11283
11281, 11284
11282, 11284
11283, 11284
11269, 11285
11286, 11285
11287, 11285
11269, 11286
11285, 11286
11287, 11286
11270, 11287
11285, 11287
11286, 11287
11288, 11287
11289, 11287
11272, 11288
11287, 11288
11289, 11288
11271, 11289
11272, 11289
11287, 11289
11288, 11289
11273, 11290
11274, 11290
11291, 11290
11292, 11290
11293, 11290
11275, 11291
11290, 11291
11292, 11291
11293, 11291
11274, 11292
11290, 11292
11291, 11292
11293, 11292
11290, 11293
11291, 11293
11292, 11293
