18770, 18769
18771, 18769
18785, 18769
18793, 18769
18796, 18769
18769, 18770
18771, 18770
18772, 18770
18769, 18771
18770, 18771
18772, 18771
18770, 18772
18771, 18772
18773, 18772
18785, 18772
18772, 18773
18774, 18773
18775, 18773
18792, 18773
18796, 18773
18773, 18774
18775, 18774
18792, 18774
18773, 18775
18774, 18775
18791, 18775
18777, 18776
18790, 18776
18791, 18776
18776, 18777
18778, 18777
18789, 18777
18790, 18777
18777, 18778
18779, 18778
18789, 18778
18778, 18779
18780, 18779
18781, 18779
18788, 18779
18789, 18779
18779, 18780
18781, 18780
18782, 18780
18788, 18780
18779, 18781
18780, 18781
18782, 18781
18787, 18781
18788, 18781
18795, 18781
18780, 18782
18781, 18782
18783, 18782
18795, 18782
18782, 18783
18784, 18783
18786, 18783
18794, 18783
18783, 18784
18786, 18784
18794, 18784
18769, 18785
18772, 18785
18792, 18785
18793, 18785
18796, 18785
18783, 18786
18784, 18786
18794, 18786
18781, 18787
18788, 18787
18795, 18787
18779, 18788
18780, 18788
18781, 18788
18787, 18788
18795, 18788
18777, 18789
18778, 18789
18779, 18789
18790, 18789
18776, 18790
18777, 18790
18789, 18790
18775, 18791
18776, 18791
18792, 18791
18773, 18792
18774, 18792
18785, 18792
18791, 18792
18769, 18793
18785, 18793
18796, 18793
18783, 18794
18784, 18794
18786, 18794
18781, 18795
18782, 18795
18787, 18795
18788, 18795
18769, 18796
18773, 18796
18785, 18796
18793, 18796
