5724, 5723
5732, 5723
5740, 5723
5723, 5724
5725, 5724
5733, 5724
5734, 5724
5724, 5725
5726, 5725
5727, 5725
5734, 5725
5735, 5725
5725, 5726
5727, 5726
5728, 5726
5735, 5726
5736, 5726
5725, 5727
5726, 5727
5728, 5727
5735, 5727
5736, 5727
5726, 5728
5727, 5728
5729, 5728
5737, 5728
5728, 5729
5730, 5729
5737, 5729
5738, 5729
5729, 5730
5738, 5730
5739, 5730
5741, 5731
5742, 5731
5723, 5732
5733, 5732
5740, 5732
5724, 5733
5732, 5733
5734, 5733
5740, 5733
5724, 5734
5725, 5734
5733, 5734
5735, 5734
5736, 5734
5725, 5735
5726, 5735
5727, 5735
5734, 5735
5736, 5735
5726, 5736
5727, 5736
5734, 5736
5735, 5736
5737, 5736
5728, 5737
5729, 5737
5736, 5737
5738, 5737
5729, 5738
5730, 5738
5737, 5738
5739, 5738
5730, 5739
5738, 5739
5741, 5739
5742, 5739
5723, 5740
5732, 5740
5733, 5740
5731, 5741
5739, 5741
5742, 5741
5731, 5742
5739, 5742
5741, 5742
