634, 633
653, 633
654, 633
633, 634
635, 634
636, 634
653, 634
654, 634
634, 635
636, 635
637, 635
654, 635
634, 636
635, 636
637, 636
638, 636
654, 636
655, 636
635, 637
636, 637
638, 637
639, 637
655, 637
636, 638
637, 638
639, 638
655, 638
637, 639
638, 639
640, 639
656, 639
639, 640
641, 640
642, 640
656, 640
657, 640
640, 641
642, 641
643, 641
658, 641
659, 641
640, 642
641, 642
643, 642
644, 642
659, 642
641, 643
642, 643
644, 643
660, 643
642, 644
643, 644
645, 644
646, 644
660, 644
644, 645
646, 645
647, 645
660, 645
644, 646
645, 646
647, 646
645, 647
646, 647
661, 647
649, 648
671, 648
672, 648
648, 649
667, 649
672, 649
673, 649
651, 650
652, 650
665, 650
666, 650
650, 651
652, 651
666, 651
650, 652
651, 652
662, 652
666, 652
633, 653
634, 653
654, 653
633, 654
634, 654
635, 654
636, 654
653, 654
655, 654
636, 655
637, 655
638, 655
654, 655
656, 655
639, 656
640, 656
655, 656
657, 656
658, 656
640, 657
656, 657
658, 657
659, 657
641, 658
656, 658
657, 658
659, 658
660, 658
641, 659
642, 659
657, 659
658, 659
660, 659
643, 660
644, 660
645, 660
658, 660
659, 660
647, 661
668, 661
671, 661
672, 661
652, 662
663, 662
664, 662
666, 662
662, 663
664, 663
666, 663
662, 664
663, 664
666, 664
650, 665
666, 665
669, 665
670, 665
650, 666
651, 666
652, 666
662, 666
663, 666
664, 666
665, 666
649, 667
671, 667
672, 667
673, 667
661, 668
671, 668
672, 668
665, 669
670, 669
673, 669
674, 669
665, 670
669, 670
673, 670
674, 670
648, 671
661, 671
667, 671
668, 671
672, 671
648, 672
649, 672
661, 672
667, 672
668, 672
671, 672
649, 673
667, 673
669, 673
670, 673
674, 673
669, 674
670, 674
673, 674
