18798, 18797
18799, 18797
18813, 18797
18797, 18798
18799, 18798
18800, 18798
18797, 18799
18798, 18799
18800, 18799
18798, 18800
18799, 18800
18801, 18800
18821, 18800
18800, 18801
18802, 18801
18812, 18801
18820, 18801
18801, 18802
18803, 18802
18819, 18802
18825, 18802
18826, 18802
18802, 18803
18818, 18803
18833, 18803
18834, 18803
18817, 18804
18818, 18804
18827, 18804
18828, 18804
18806, 18805
18807, 18805
18816, 18805
18817, 18805
18829, 18805
18805, 18806
18807, 18806
18808, 18806
18816, 18806
18805, 18807
18806, 18807
18808, 18807
18815, 18807
18816, 18807
18829, 18807
18830, 18807
18806, 18808
18807, 18808
18809, 18808
18815, 18808
18808, 18809
18810, 18809
18814, 18809
18831, 18809
18809, 18810
18814, 18810
18831, 18810
18812, 18811
18822, 18811
18823, 18811
18801, 18812
18811, 18812
18822, 18812
18823, 18812
18825, 18812
18797, 18813
18821, 18813
18822, 18813
18824, 18813
18832, 18813
18809, 18814
18810, 18814
18831, 18814
18807, 18815
18808, 18815
18816, 18815
18830, 18815
18805, 18816
18806, 18816
18807, 18816
18815, 18816
18829, 18816
18830, 18816
18804, 18817
18805, 18817
18818, 18817
18828, 18817
18803, 18818
18804, 18818
18817, 18818
18827, 18818
18828, 18818
18834, 18818
18802, 18819
18826, 18819
18833, 18819
18834, 18819
18801, 18820
18825, 18820
18800, 18821
18813, 18821
18824, 18821
18832, 18821
18811, 18822
18812, 18822
18813, 18822
18823, 18822
18811, 18823
18812, 18823
18822, 18823
18825, 18823
18813, 18824
18821, 18824
18832, 18824
18802, 18825
18812, 18825
18820, 18825
18823, 18825
18802, 18826
18819, 18826
18833, 18826
18834, 18826
18804, 18827
18818, 18827
18834, 18827
18804, 18828
18817, 18828
18818, 18828
18805, 18829
18807, 18829
18816, 18829
18807, 18830
18815, 18830
18816, 18830
18809, 18831
18810, 18831
18814, 18831
18813, 18832
18821, 18832
18824, 18832
18803, 18833
18819, 18833
18826, 18833
18834, 18833
18803, 18834
18818, 18834
18819, 18834
18826, 18834
18827, 18834
18833, 18834
