4135, 4128
4140, 4128
4141, 4128
4130, 4129
4135, 4129
4137, 4129
4138, 4129
4129, 4130
4137, 4130
4138, 4130
4132, 4131
4133, 4131
4134, 4131
4131, 4132
4133, 4132
4134, 4132
4131, 4133
4132, 4133
4134, 4133
4131, 4134
4132, 4134
4133, 4134
4128, 4135
4129, 4135
4138, 4135
4140, 4135
4141, 4135
4139, 4136
4140, 4136
4141, 4136
4129, 4137
4130, 4137
4138, 4137
4129, 4138
4130, 4138
4135, 4138
4137, 4138
4136, 4139
4140, 4139
4141, 4139
4128, 4140
4135, 4140
4136, 4140
4139, 4140
4141, 4140
4128, 4141
4135, 4141
4136, 4141
4139, 4141
4140, 4141
