4856, 4855
4862, 4855
4868, 4855
4855, 4856
4857, 4856
4862, 4856
4865, 4856
4856, 4857
4858, 4857
4864, 4857
4865, 4857
4857, 4858
4859, 4858
4860, 4858
4861, 4858
4864, 4858
4858, 4859
4860, 4859
4861, 4859
4858, 4860
4859, 4860
4861, 4860
4858, 4861
4859, 4861
4860, 4861
4855, 4862
4856, 4862
4865, 4862
4867, 4862
4868, 4862
4866, 4863
4867, 4863
4868, 4863
4857, 4864
4858, 4864
4865, 4864
4856, 4865
4857, 4865
4862, 4865
4864, 4865
4863, 4866
4867, 4866
4868, 4866
4862, 4867
4863, 4867
4866, 4867
4868, 4867
4855, 4868
4862, 4868
4863, 4868
4866, 4868
4867, 4868
