11651, 11650
11656, 11650
11650, 11651
11652, 11651
11656, 11651
11661, 11651
11663, 11651
11651, 11652
11653, 11652
11654, 11652
11663, 11652
11664, 11652
11652, 11653
11654, 11653
11664, 11653
11652, 11654
11653, 11654
11659, 11654
11660, 11654
11661, 11655
11662, 11655
11665, 11655
11666, 11655
11650, 11656
11651, 11656
11657, 11656
11658, 11656
11665, 11656
11656, 11657
11658, 11657
11663, 11657
11667, 11657
11656, 11658
11657, 11658
11659, 11658
11667, 11658
11668, 11658
11654, 11659
11658, 11659
11660, 11659
11664, 11659
11668, 11659
11654, 11660
11659, 11660
11668, 11660
11651, 11661
11655, 11661
11662, 11661
11663, 11661
11666, 11661
11667, 11661
11655, 11662
11661, 11662
11651, 11663
11652, 11663
11657, 11663
11661, 11663
11664, 11663
11665, 11663
11668, 11663
11652, 11664
11653, 11664
11659, 11664
11663, 11664
11667, 11664
11668, 11664
11655, 11665
11656, 11665
11663, 11665
11667, 11665
11655, 11666
11661, 11666
11657, 11667
11658, 11667
11661, 11667
11664, 11667
11665, 11667
11668, 11667
11658, 11668
11659, 11668
11660, 11668
11663, 11668
11664, 11668
11667, 11668
