3.000000,  5.461877,  5.550000, -1.720000,  0.242000, 28.900000,  2.000000,  1.000000,  0.000000,  1.000000,  2.000000,  0.000000,  0.000000,  2.000000,  1.000000,  2.000000,  1.000000,  0.000000, 1, 0, 0
19.000000, 26.910067, 71.210000,  2.220000,  3.262000,167.100000,  4.000000,  8.000000,  7.000000,  6.000000,  7.000000,  6.000000,  7.000000,  3.000000,  9.000000,  4.000000,  8.000000,  7.000000, 1, 0, 0
3.000000,  5.214701, 10.270000, -0.660000,  0.457000, 27.400000,  2.000000,  0.000000,  1.000000,  1.000000,  1.000000,  1.000000,  1.000000,  1.000000,  1.000000,  2.000000,  0.000000,  1.000000, 1, 0, 0
3.000000,  5.411588, 11.080000,  2.040000,  0.549000, 20.300000,  1.000000,  1.000000,  1.000000,  0.000000,  1.000000,  2.000000,  2.000000,  1.000000,  0.000000,  1.000000,  1.000000,  1.000000, 1, 0, 0
4.000000,  4.658036, 20.930000,  3.010000,  1.017000, 29.100000,  1.000000,  1.000000,  2.000000,  1.000000,  1.000000,  2.000000,  2.000000,  1.000000,  1.000000,  0.000000,  2.000000,  2.000000, 1, 0, 0
17.000000, 24.980857, 67.490000, -2.700000,  3.107000,163.800000,  3.000000,  7.000000,  7.000000, 10.000000,  4.000000,  3.000000,  3.000000,  3.000000, 11.000000,  3.000000,  7.000000,  7.000000, 1, 0, 0
3.000000,  5.350307,  1.600000, -2.570000,  0.062000, 27.200000,  3.000000,  0.000000,  0.000000,  0.000000,  3.000000,  0.000000,  0.000000,  3.000000,  0.000000,  3.000000,  0.000000,  0.000000, 1, 0, 0
10.000000, 13.996099, 25.910000,  1.810000,  1.184000, 79.200000,  5.000000,  4.000000,  1.000000,  2.000000,  5.000000,  3.000000,  3.000000,  5.000000,  2.000000,  5.000000,  4.000000,  1.000000, 1, 0, 0
3.000000,  5.272029, 11.560000, -1.610000,  0.544000, 32.500000,  0.000000,  2.000000,  1.000000,  2.000000,  1.000000,  0.000000,  0.000000,  0.000000,  3.000000,  0.000000,  2.000000,  1.000000, 1, 0, 0
11.000000, 15.461340, 38.710000,  3.980000,  1.749000, 82.400000,  4.000000,  5.000000,  2.000000,  1.000000,  5.000000,  5.000000,  6.000000,  3.000000,  2.000000,  4.000000,  5.000000,  2.000000, 1, 0, 0
18.000000, 25.523904, 76.610000,  3.740000,  3.527000,152.900000,  5.000000,  4.000000,  9.000000,  7.000000,  6.000000,  5.000000,  7.000000,  4.000000,  7.000000,  4.000000,  5.000000,  9.000000, 1, 0, 0
7.000000,  9.945497, 30.360000, -3.920000,  1.368000, 76.300000,  1.000000,  2.000000,  4.000000,  6.000000,  1.000000,  0.000000,  0.000000,  1.000000,  6.000000,  1.000000,  2.000000,  4.000000, 1, 0, 0
9.000000, 12.252289, 30.050000, -1.780000,  1.338000, 84.400000,  3.000000,  4.000000,  2.000000,  5.000000,  2.000000,  2.000000,  2.000000,  2.000000,  5.000000,  3.000000,  4.000000,  2.000000, 1, 0, 0
7.000000,  9.971970, 19.720000,  5.170000,  0.921000, 45.100000,  3.000000,  4.000000,  0.000000,  0.000000,  3.000000,  4.000000,  4.000000,  3.000000,  0.000000,  2.000000,  5.000000,  0.000000, 1, 0, 0
15.000000, 20.976074, 52.520000,  1.570000,  2.420000,129.000000,  6.000000,  2.000000,  7.000000,  4.000000,  8.000000,  3.000000,  5.000000,  5.000000,  5.000000,  6.000000,  2.000000,  7.000000, 1, 0, 0
3.000000,  5.510065, 10.600000,  1.510000,  0.480000, 18.400000,  1.000000,  2.000000,  0.000000,  0.000000,  1.000000,  2.000000,  2.000000,  1.000000,  0.000000,  1.000000,  2.000000,  0.000000, 1, 0, 0
14.000000, 19.916333, 56.950000,  2.630000,  2.607000,115.400000,  3.000000,  6.000000,  5.000000,  5.000000,  6.000000,  3.000000,  6.000000,  3.000000,  5.000000,  3.000000,  6.000000,  5.000000, 1, 0, 0
18.000000, 26.519066, 71.760000,  0.820000,  3.317000,151.600000,  5.000000,  7.000000,  6.000000,  5.000000,  7.000000,  6.000000,  7.000000,  5.000000,  6.000000,  4.000000,  8.000000,  6.000000, 1, 0, 0
4.000000,  5.864162, 14.040000, -0.410000,  0.629000, 36.900000,  2.000000,  1.000000,  1.000000,  1.000000,  2.000000,  1.000000,  1.000000,  1.000000,  2.000000,  2.000000,  1.000000,  1.000000, 1, 0, 0
6.000000,  8.328906, 21.150000, -1.900000,  0.949000, 54.400000,  1.000000,  4.000000,  1.000000,  3.000000,  2.000000,  1.000000,  2.000000,  1.000000,  3.000000,  1.000000,  4.000000,  1.000000, 1, 0, 0
18.000000, 25.682425, 58.930000, -0.150000,  2.671000,158.900000,  6.000000,  8.000000,  4.000000,  7.000000,  5.000000,  6.000000,  6.000000,  4.000000,  8.000000,  6.000000,  8.000000,  4.000000, 1, 0, 0
22.000000, 31.459081, 78.440000,  5.570000,  3.631000,171.600000,  7.000000,  7.000000,  8.000000,  4.000000,  9.000000,  9.000000, 11.000000,  6.000000,  5.000000,  6.000000,  8.000000,  8.000000, 1, 0, 0
11.000000, 16.598985, 42.060000,  3.040000,  1.950000, 90.600000,  2.000000,  4.000000,  5.000000,  4.000000,  3.000000,  4.000000,  5.000000,  2.000000,  4.000000,  2.000000,  4.000000,  5.000000, 1, 0, 0
9.000000, 12.827057, 30.310000, -1.960000,  1.344000, 87.000000,  3.000000,  3.000000,  3.000000,  5.000000,  2.000000,  2.000000,  2.000000,  2.000000,  5.000000,  3.000000,  3.000000,  3.000000, 1, 0, 0
4.000000, 10.000375, 14.270000,  1.150000,  0.643000, 32.600000,  2.000000,  1.000000,  1.000000,  1.000000,  1.000000,  2.000000,  2.000000,  1.000000,  1.000000,  2.000000,  1.000000,  1.000000, 0, 1, 0
7.000000, 19.918870, 24.450000,  3.220000,  1.114000, 52.800000,  1.000000,  6.000000,  0.000000,  2.000000,  1.000000,  4.000000,  4.000000,  1.000000,  2.000000,  0.000000,  7.000000,  0.000000, 0, 1, 0
8.000000, 22.406685, 29.040000,  4.700000,  1.327000, 58.100000,  1.000000,  6.000000,  1.000000,  1.000000,  2.000000,  5.000000,  5.000000,  1.000000,  2.000000,  1.000000,  6.000000,  1.000000, 0, 1, 0
6.000000, 16.238196, 21.730000,  3.310000,  0.983000, 44.800000,  0.000000,  6.000000,  0.000000,  2.000000,  0.000000,  4.000000,  4.000000,  0.000000,  2.000000,  0.000000,  6.000000,  0.000000, 0, 1, 0
6.000000, 17.039229, 16.990000,  0.400000,  0.774000, 49.400000,  4.000000,  1.000000,  1.000000,  1.000000,  3.000000,  2.000000,  2.000000,  3.000000,  1.000000,  3.000000,  2.000000,  1.000000, 0, 1, 0
5.000000, 13.179209, 21.310000,  3.190000,  1.000000, 35.200000,  1.000000,  2.000000,  2.000000,  1.000000,  2.000000,  2.000000,  3.000000,  1.000000,  1.000000,  1.000000,  2.000000,  2.000000, 0, 1, 0
5.000000, 12.844874, 15.000000,  5.230000,  0.698000, 30.000000,  1.000000,  4.000000,  0.000000,  0.000000,  1.000000,  4.000000,  4.000000,  1.000000,  0.000000,  1.000000,  4.000000,  0.000000, 0, 1, 0
6.000000, 16.117737, 19.550000,  4.150000,  0.894000, 42.000000,  1.000000,  5.000000,  0.000000,  1.000000,  1.000000,  4.000000,  4.000000,  1.000000,  1.000000,  1.000000,  5.000000,  0.000000, 0, 1, 0
5.000000, 12.684344, 18.670000,  2.510000,  0.840000, 34.500000,  2.000000,  2.000000,  1.000000,  0.000000,  3.000000,  2.000000,  3.000000,  2.000000,  0.000000,  2.000000,  2.000000,  1.000000, 0, 1, 0
4.000000, 10.579180, 15.270000,  0.570000,  0.689000, 32.000000,  1.000000,  2.000000,  1.000000,  1.000000,  1.000000,  2.000000,  2.000000,  1.000000,  1.000000,  1.000000,  2.000000,  1.000000, 0, 1, 0
