13837, 13836
13848, 13836
13853, 13836
13836, 13837
13838, 13837
13839, 13837
13852, 13837
13853, 13837
13837, 13838
13839, 13838
13840, 13838
13846, 13838
13837, 13839
13838, 13839
13840, 13839
13841, 13839
13838, 13840
13839, 13840
13841, 13840
13842, 13840
13839, 13841
13840, 13841
13842, 13841
13840, 13842
13841, 13842
13843, 13842
13844, 13842
13845, 13842
13842, 13843
13844, 13843
13845, 13843
13842, 13844
13843, 13844
13845, 13844
13856, 13844
13842, 13845
13843, 13845
13844, 13845
13850, 13845
13856, 13845
13838, 13846
13847, 13846
13851, 13846
13852, 13846
13846, 13847
13848, 13847
13851, 13847
13852, 13847
13853, 13847
13836, 13848
13847, 13848
13852, 13848
13853, 13848
13850, 13849
13854, 13849
13855, 13849
13856, 13849
13857, 13849
13845, 13850
13849, 13850
13854, 13850
13856, 13850
13846, 13851
13847, 13851
13852, 13851
13837, 13852
13846, 13852
13847, 13852
13848, 13852
13851, 13852
13853, 13852
13836, 13853
13837, 13853
13847, 13853
13848, 13853
13852, 13853
13849, 13854
13850, 13854
13855, 13854
13856, 13854
13857, 13854
13849, 13855
13854, 13855
13857, 13855
13844, 13856
13845, 13856
13849, 13856
13850, 13856
13854, 13856
13849, 13857
13854, 13857
13855, 13857
