15997, 15996
15998, 15996
15999, 15996
15996, 15997
15998, 15997
15999, 15997
16009, 15997
16017, 15997
15996, 15998
15997, 15998
15999, 15998
16000, 15998
16010, 15998
15996, 15999
15997, 15999
15998, 15999
16000, 15999
16001, 15999
16010, 15999
15998, 16000
15999, 16000
16001, 16000
16011, 16000
15999, 16001
16000, 16001
16002, 16001
16011, 16001
16012, 16001
16001, 16002
16003, 16002
16004, 16002
16012, 16002
16013, 16002
16002, 16003
16004, 16003
16005, 16003
16013, 16003
16002, 16004
16003, 16004
16005, 16004
16014, 16004
16003, 16005
16004, 16005
16006, 16005
16014, 16005
16015, 16005
16005, 16006
16007, 16006
16008, 16006
16015, 16006
16016, 16006
16006, 16007
16008, 16007
16016, 16007
16006, 16008
16007, 16008
16015, 16008
15997, 16009
16010, 16009
16017, 16009
15998, 16010
15999, 16010
16009, 16010
16011, 16010
16012, 16010
16017, 16010
16000, 16011
16001, 16011
16010, 16011
16012, 16011
16013, 16011
16001, 16012
16002, 16012
16010, 16012
16011, 16012
16013, 16012
16002, 16013
16003, 16013
16011, 16013
16012, 16013
16014, 16013
16004, 16014
16005, 16014
16013, 16014
16015, 16014
16016, 16014
16005, 16015
16006, 16015
16008, 16015
16014, 16015
16016, 16015
16006, 16016
16007, 16016
16014, 16016
16015, 16016
15997, 16017
16009, 16017
16010, 16017
