14471, 14470
14478, 14470
14484, 14470
14470, 14471
14472, 14471
14476, 14471
14478, 14471
14471, 14472
14473, 14472
14475, 14472
14477, 14472
14478, 14472
14479, 14472
14484, 14472
14485, 14472
14472, 14473
14479, 14473
14485, 14473
14475, 14474
14478, 14474
14484, 14474
14472, 14475
14474, 14475
14476, 14475
14477, 14475
14478, 14475
14484, 14475
14471, 14476
14475, 14476
14477, 14476
14472, 14477
14475, 14477
14476, 14477
14485, 14477
14470, 14478
14471, 14478
14472, 14478
14474, 14478
14475, 14478
14472, 14479
14473, 14479
14480, 14479
14479, 14480
14481, 14480
14487, 14480
14480, 14481
14482, 14481
14486, 14481
14488, 14481
14481, 14482
14483, 14482
14487, 14482
14489, 14482
14482, 14483
14488, 14483
14489, 14483
14470, 14484
14472, 14484
14474, 14484
14475, 14484
14472, 14485
14473, 14485
14477, 14485
14486, 14485
14481, 14486
14485, 14486
14487, 14486
14480, 14487
14482, 14487
14486, 14487
14488, 14487
14481, 14488
14483, 14488
14487, 14488
14489, 14488
14482, 14489
14483, 14489
14488, 14489
