10885, 10884
10900, 10884
10884, 10885
10886, 10885
10887, 10885
10899, 10885
10915, 10885
10885, 10886
10887, 10886
10902, 10886
10917, 10886
10885, 10887
10886, 10887
10888, 10887
10919, 10887
10887, 10888
10889, 10888
10904, 10888
10918, 10888
10888, 10889
10890, 10889
10903, 10889
10920, 10889
10889, 10890
10891, 10890
10904, 10890
10920, 10890
10922, 10890
10890, 10891
10892, 10891
10893, 10891
10921, 10891
10891, 10892
10893, 10892
10894, 10892
10891, 10893
10892, 10893
10894, 10893
10892, 10894
10893, 10894
10895, 10894
10910, 10894
10894, 10895
10896, 10895
10910, 10895
10895, 10896
10897, 10896
10898, 10896
10913, 10896
10896, 10897
10898, 10897
10914, 10897
10896, 10898
10897, 10898
10913, 10898
10885, 10899
10900, 10899
10884, 10900
10899, 10900
10901, 10900
10902, 10900
10924, 10900
10900, 10901
10902, 10901
10903, 10901
10926, 10901
10886, 10902
10900, 10902
10901, 10902
10903, 10902
10928, 10902
10889, 10903
10901, 10903
10902, 10903
10904, 10903
10927, 10903
10888, 10904
10890, 10904
10903, 10904
10905, 10904
10929, 10904
10904, 10905
10906, 10905
10929, 10905
10931, 10905
10905, 10906
10907, 10906
10908, 10906
10930, 10906
10906, 10907
10908, 10907
10909, 10907
10906, 10908
10907, 10908
10909, 10908
10907, 10909
10908, 10909
10910, 10909
10894, 10910
10895, 10910
10909, 10910
10911, 10910
10912, 10910
10910, 10911
10912, 10911
10913, 10911
10910, 10912
10911, 10912
10913, 10912
10914, 10912
10896, 10913
10898, 10913
10911, 10913
10912, 10913
10914, 10913
10897, 10914
10912, 10914
10913, 10914
10885, 10915
10916, 10915
10924, 10915
10925, 10915
10915, 10916
10917, 10916
10924, 10916
10925, 10916
10926, 10916
10886, 10917
10916, 10917
10925, 10917
10888, 10918
10919, 10918
10928, 10918
10887, 10919
10918, 10919
10927, 10919
10889, 10920
10890, 10920
10922, 10920
10931, 10920
10891, 10921
10923, 10921
10932, 10921
10890, 10922
10920, 10922
10923, 10922
10929, 10922
10932, 10922
10921, 10923
10922, 10923
10930, 10923
10931, 10923
10932, 10923
10900, 10924
10915, 10924
10916, 10924
10925, 10924
10915, 10925
10916, 10925
10917, 10925
10924, 10925
10926, 10925
10901, 10926
10916, 10926
10925, 10926
10903, 10927
10919, 10927
10928, 10927
10902, 10928
10918, 10928
10927, 10928
10904, 10929
10905, 10929
10922, 10929
10931, 10929
10906, 10930
10923, 10930
10932, 10930
10905, 10931
10920, 10931
10923, 10931
10929, 10931
10932, 10931
10921, 10932
10922, 10932
10923, 10932
10930, 10932
10931, 10932
