7037, 7036
7038, 7036
7050, 7036
7036, 7037
7038, 7037
7050, 7037
7036, 7038
7037, 7038
7039, 7038
7049, 7038
7038, 7039
7040, 7039
7041, 7039
7049, 7039
7039, 7040
7041, 7040
7042, 7040
7048, 7040
7039, 7041
7040, 7041
7042, 7041
7043, 7041
7048, 7041
7040, 7042
7041, 7042
7043, 7042
7048, 7042
7051, 7042
7041, 7043
7042, 7043
7044, 7043
7051, 7043
7043, 7044
7045, 7044
7051, 7044
7044, 7045
7046, 7045
7047, 7045
7052, 7045
7053, 7045
7045, 7046
7047, 7046
7052, 7046
7053, 7046
7045, 7047
7046, 7047
7053, 7047
7040, 7048
7041, 7048
7042, 7048
7049, 7048
7051, 7048
7038, 7049
7039, 7049
7048, 7049
7050, 7049
7036, 7050
7037, 7050
7049, 7050
7042, 7051
7043, 7051
7044, 7051
7048, 7051
7045, 7052
7046, 7052
7053, 7052
7045, 7053
7046, 7053
7047, 7053
7052, 7053
