3577, 3552
3578, 3552
3591, 3552
3592, 3552
3576, 3553
3577, 3553
3590, 3553
3591, 3553
3565, 3554
3566, 3554
3576, 3554
3579, 3554
3590, 3554
3593, 3554
3556, 3555
3566, 3555
3567, 3555
3568, 3555
3579, 3555
3555, 3556
3567, 3556
3580, 3556
3594, 3556
3558, 3557
3570, 3557
3580, 3557
3594, 3557
3557, 3558
3569, 3558
3581, 3558
3583, 3559
3585, 3559
3599, 3559
3571, 3560
3582, 3560
3584, 3560
3588, 3560
3598, 3560
3582, 3561
3586, 3561
3587, 3561
3601, 3561
3563, 3562
3575, 3562
3589, 3562
3603, 3562
3562, 3563
3575, 3563
3589, 3563
3603, 3563
3565, 3564
3578, 3564
3591, 3564
3592, 3564
3554, 3565
3564, 3565
3566, 3565
3590, 3565
3591, 3565
3554, 3566
3555, 3566
3565, 3566
3590, 3566
3593, 3566
3555, 3567
3556, 3567
3568, 3567
3593, 3567
3555, 3568
3567, 3568
3594, 3568
3558, 3569
3570, 3569
3594, 3569
3557, 3570
3569, 3570
3595, 3570
3560, 3571
3572, 3571
3597, 3571
3599, 3571
3571, 3572
3573, 3572
3596, 3572
3598, 3572
3572, 3573
3574, 3573
3600, 3573
3601, 3573
3573, 3574
3575, 3574
3603, 3574
3562, 3575
3563, 3575
3574, 3575
3553, 3576
3554, 3576
3579, 3576
3593, 3576
3552, 3577
3553, 3577
3578, 3577
3592, 3577
3552, 3578
3564, 3578
3577, 3578
3554, 3579
3555, 3579
3576, 3579
3556, 3580
3557, 3580
3558, 3581
3583, 3581
3597, 3581
3560, 3582
3561, 3582
3587, 3582
3601, 3582
3559, 3583
3581, 3583
3595, 3583
3560, 3584
3588, 3584
3602, 3584
3559, 3585
3588, 3585
3602, 3585
3561, 3586
3589, 3586
3603, 3586
3561, 3587
3582, 3587
3596, 3587
3560, 3588
3584, 3588
3585, 3588
3598, 3588
3599, 3588
3562, 3589
3563, 3589
3586, 3589
3600, 3589
3603, 3589
3553, 3590
3554, 3590
3565, 3590
3566, 3590
3552, 3591
3553, 3591
3564, 3591
3565, 3591
3552, 3592
3564, 3592
3577, 3592
3554, 3593
3566, 3593
3567, 3593
3576, 3593
3556, 3594
3557, 3594
3568, 3594
3569, 3594
3570, 3595
3583, 3595
3597, 3595
3572, 3596
3587, 3596
3601, 3596
3571, 3597
3581, 3597
3595, 3597
3560, 3598
3572, 3598
3588, 3598
3602, 3598
3559, 3599
3571, 3599
3588, 3599
3602, 3599
3573, 3600
3589, 3600
3603, 3600
3561, 3601
3573, 3601
3582, 3601
3596, 3601
3584, 3602
3585, 3602
3598, 3602
3599, 3602
3562, 3603
3563, 3603
3574, 3603
3586, 3603
3589, 3603
3600, 3603
