11342, 11341
11356, 11341
11361, 11341
11341, 11342
11343, 11342
11344, 11342
11355, 11342
11359, 11342
11342, 11343
11344, 11343
11345, 11343
11346, 11343
11360, 11343
11342, 11344
11343, 11344
11345, 11344
11346, 11344
11343, 11345
11344, 11345
11346, 11345
11343, 11346
11344, 11346
11345, 11346
11347, 11346
11362, 11346
11346, 11347
11348, 11347
11349, 11347
11362, 11347
11363, 11347
11366, 11347
11347, 11348
11349, 11348
11350, 11348
11347, 11349
11348, 11349
11350, 11349
11351, 11349
11352, 11349
11348, 11350
11349, 11350
11351, 11350
11352, 11350
11353, 11350
11349, 11351
11350, 11351
11352, 11351
11353, 11351
11349, 11352
11350, 11352
11351, 11352
11353, 11352
11364, 11352
11350, 11353
11351, 11353
11352, 11353
11365, 11353
11367, 11353
11355, 11354
11356, 11354
11357, 11354
11359, 11354
11360, 11354
11361, 11354
11342, 11355
11354, 11355
11359, 11355
11360, 11355
11341, 11356
11354, 11356
11357, 11356
11359, 11356
11361, 11356
11354, 11357
11356, 11357
11361, 11357
11364, 11358
11365, 11358
11367, 11358
11342, 11359
11354, 11359
11355, 11359
11356, 11359
11360, 11359
11361, 11359
11343, 11360
11354, 11360
11355, 11360
11359, 11360
11341, 11361
11354, 11361
11356, 11361
11357, 11361
11359, 11361
11346, 11362
11347, 11362
11363, 11362
11366, 11362
11347, 11363
11362, 11363
11366, 11363
11352, 11364
11358, 11364
11365, 11364
11367, 11364
11353, 11365
11358, 11365
11364, 11365
11367, 11365
11347, 11366
11362, 11366
11363, 11366
11353, 11367
11358, 11367
11364, 11367
11365, 11367
