15557, 15556
15577, 15556
15585, 15556
15556, 15557
15558, 15557
15578, 15557
15579, 15557
15557, 15558
15579, 15558
15586, 15558
15560, 15559
15579, 15559
15586, 15559
15559, 15560
15561, 15560
15586, 15560
15560, 15561
15562, 15561
15587, 15561
15561, 15562
15563, 15562
15580, 15562
15587, 15562
15562, 15563
15564, 15563
15580, 15563
15563, 15564
15580, 15564
15581, 15564
15566, 15565
15581, 15565
15582, 15565
15565, 15566
15567, 15566
15568, 15566
15582, 15566
15566, 15567
15568, 15567
15569, 15567
15566, 15568
15567, 15568
15569, 15568
15570, 15568
15567, 15569
15568, 15569
15570, 15569
15583, 15569
15568, 15570
15569, 15570
15571, 15570
15572, 15570
15573, 15570
15583, 15570
15570, 15571
15572, 15571
15573, 15571
15583, 15571
15570, 15572
15571, 15572
15573, 15572
15570, 15573
15571, 15573
15572, 15573
15584, 15573
15575, 15574
15588, 15574
15589, 15574
15574, 15575
15589, 15575
15590, 15575
15593, 15576
15595, 15576
15597, 15576
15556, 15577
15578, 15577
15585, 15577
15557, 15578
15577, 15578
15585, 15578
15557, 15579
15558, 15579
15559, 15579
15586, 15579
15562, 15580
15563, 15580
15564, 15580
15587, 15580
15564, 15581
15565, 15581
15582, 15581
15565, 15582
15566, 15582
15581, 15582
15569, 15583
15570, 15583
15571, 15583
15573, 15584
15588, 15584
15589, 15584
15556, 15585
15577, 15585
15578, 15585
15558, 15586
15559, 15586
15560, 15586
15579, 15586
15561, 15587
15562, 15587
15580, 15587
15574, 15588
15584, 15588
15589, 15588
15590, 15588
15574, 15589
15575, 15589
15584, 15589
15588, 15589
15590, 15589
15575, 15590
15588, 15590
15589, 15590
15591, 15590
15592, 15590
15594, 15590
15590, 15591
15592, 15591
15594, 15591
15590, 15592
15591, 15592
15594, 15592
15596, 15592
15576, 15593
15595, 15593
15596, 15593
15597, 15593
15590, 15594
15591, 15594
15592, 15594
15596, 15594
15576, 15595
15593, 15595
15596, 15595
15597, 15595
15592, 15596
15593, 15596
15594, 15596
15595, 15596
15597, 15596
15576, 15597
15593, 15597
15595, 15597
15596, 15597
