8820, 8819
8827, 8819
8819, 8820
8821, 8820
8826, 8820
8820, 8821
8822, 8821
8829, 8821
8821, 8822
8823, 8822
8828, 8822
8830, 8822
8822, 8823
8829, 8823
8833, 8823
8825, 8824
8832, 8824
8838, 8824
8847, 8824
8824, 8825
8831, 8825
8832, 8825
8844, 8825
8845, 8825
8820, 8826
8827, 8826
8819, 8827
8826, 8827
8828, 8827
8822, 8828
8827, 8828
8829, 8828
8821, 8829
8823, 8829
8828, 8829
8830, 8829
8822, 8830
8829, 8830
8850, 8830
8825, 8831
8832, 8831
8842, 8831
8855, 8831
8864, 8831
8824, 8832
8825, 8832
8831, 8832
8861, 8832
8862, 8832
8823, 8833
8835, 8833
8852, 8833
8849, 8834
8866, 8834
8833, 8835
8841, 8835
8846, 8835
8850, 8835
8837, 8836
8842, 8836
8847, 8836
8836, 8837
8843, 8837
8848, 8837
8824, 8838
8839, 8838
8856, 8838
8838, 8839
8840, 8839
8855, 8839
8839, 8840
8845, 8840
8835, 8841
8846, 8841
8848, 8841
8852, 8841
8831, 8842
8836, 8842
8847, 8842
8853, 8842
8837, 8843
8848, 8843
8854, 8843
8865, 8843
8825, 8844
8849, 8844
8866, 8844
8825, 8845
8840, 8845
8835, 8846
8841, 8846
8852, 8846
8824, 8847
8836, 8847
8842, 8847
8853, 8847
8837, 8848
8841, 8848
8843, 8848
8854, 8848
8860, 8848
8834, 8849
8844, 8849
8851, 8849
8861, 8849
8866, 8849
8830, 8850
8835, 8850
8852, 8850
8849, 8851
8866, 8851
8833, 8852
8841, 8852
8846, 8852
8850, 8852
8858, 8852
8842, 8853
8847, 8853
8854, 8853
8859, 8853
8843, 8854
8848, 8854
8853, 8854
8865, 8854
8831, 8855
8839, 8855
8856, 8855
8838, 8856
8855, 8856
8857, 8856
8856, 8857
8862, 8857
8852, 8858
8863, 8858
8853, 8859
8864, 8859
8848, 8860
8863, 8860
8865, 8860
8832, 8861
8849, 8861
8866, 8861
8832, 8862
8857, 8862
8858, 8863
8860, 8863
8831, 8864
8859, 8864
8843, 8865
8854, 8865
8860, 8865
8834, 8866
8844, 8866
8849, 8866
8851, 8866
8861, 8866
