18836, 18835
18837, 18835
18838, 18835
18835, 18836
18837, 18836
18838, 18836
18849, 18836
18850, 18836
18835, 18837
18836, 18837
18838, 18837
18839, 18837
18850, 18837
18835, 18838
18836, 18838
18837, 18838
18839, 18838
18840, 18838
18851, 18838
18837, 18839
18838, 18839
18840, 18839
18850, 18839
18851, 18839
18838, 18840
18839, 18840
18841, 18840
18852, 18840
18840, 18841
18842, 18841
18843, 18841
18852, 18841
18855, 18841
18841, 18842
18843, 18842
18844, 18842
18856, 18842
18841, 18843
18842, 18843
18844, 18843
18845, 18843
18857, 18843
18842, 18844
18843, 18844
18845, 18844
18857, 18844
18843, 18845
18844, 18845
18846, 18845
18847, 18845
18853, 18845
18854, 18845
18857, 18845
18845, 18846
18847, 18846
18848, 18846
18853, 18846
18854, 18846
18845, 18847
18846, 18847
18848, 18847
18854, 18847
18846, 18848
18847, 18848
18854, 18848
18836, 18849
18850, 18849
18851, 18849
18836, 18850
18837, 18850
18839, 18850
18849, 18850
18851, 18850
18838, 18851
18839, 18851
18849, 18851
18850, 18851
18852, 18851
18840, 18852
18841, 18852
18851, 18852
18855, 18852
18856, 18852
18845, 18853
18846, 18853
18854, 18853
18857, 18853
18845, 18854
18846, 18854
18847, 18854
18848, 18854
18853, 18854
18841, 18855
18852, 18855
18856, 18855
18857, 18855
18842, 18856
18852, 18856
18855, 18856
18857, 18856
18843, 18857
18844, 18857
18845, 18857
18853, 18857
18855, 18857
18856, 18857
