17273, 17272
17303, 17272
17272, 17273
17274, 17273
17275, 17273
17291, 17273
17304, 17273
17273, 17274
17275, 17274
17304, 17274
17313, 17274
17273, 17275
17274, 17275
17289, 17275
17305, 17275
17305, 17276
17306, 17276
17314, 17276
17306, 17277
17307, 17277
17315, 17277
17279, 17278
17294, 17278
17307, 17278
17308, 17278
17316, 17278
17317, 17278
17278, 17279
17280, 17279
17307, 17279
17308, 17279
17316, 17279
17279, 17280
17296, 17280
17308, 17280
17309, 17280
17282, 17281
17295, 17281
17297, 17281
17309, 17281
17281, 17282
17283, 17282
17296, 17282
17310, 17282
17282, 17283
17284, 17283
17285, 17283
17310, 17283
17283, 17284
17285, 17284
17283, 17285
17284, 17285
17286, 17285
17285, 17286
17287, 17286
17302, 17286
17286, 17287
17301, 17287
17302, 17287
17289, 17288
17303, 17288
17313, 17288
17320, 17288
17275, 17289
17288, 17289
17290, 17289
17291, 17289
17313, 17289
17289, 17290
17291, 17290
17304, 17290
17313, 17290
17273, 17291
17289, 17291
17290, 17291
17314, 17291
17305, 17292
17314, 17292
17315, 17292
17306, 17293
17307, 17293
17315, 17293
17316, 17293
17278, 17294
17295, 17294
17308, 17294
17316, 17294
17317, 17294
17281, 17295
17294, 17295
17317, 17295
17318, 17295
17280, 17296
17282, 17296
17297, 17296
17318, 17296
17281, 17297
17296, 17297
17298, 17297
17319, 17297
17297, 17298
17299, 17298
17300, 17298
17319, 17298
17298, 17299
17300, 17299
17298, 17300
17299, 17300
17301, 17300
17287, 17301
17300, 17301
17302, 17301
17286, 17302
17287, 17302
17301, 17302
17272, 17303
17288, 17303
17311, 17303
17320, 17303
17273, 17304
17274, 17304
17290, 17304
17311, 17304
17275, 17305
17276, 17305
17292, 17305
17276, 17306
17277, 17306
17293, 17306
17277, 17307
17278, 17307
17279, 17307
17293, 17307
17278, 17308
17279, 17308
17280, 17308
17294, 17308
17309, 17308
17280, 17309
17281, 17309
17308, 17309
17310, 17309
17317, 17309
17319, 17309
17282, 17310
17283, 17310
17309, 17310
17318, 17310
17303, 17311
17304, 17311
17312, 17311
17320, 17311
17311, 17312
17320, 17312
17274, 17313
17288, 17313
17289, 17313
17290, 17313
17276, 17314
17291, 17314
17292, 17314
17277, 17315
17292, 17315
17293, 17315
17278, 17316
17279, 17316
17293, 17316
17294, 17316
17278, 17317
17294, 17317
17295, 17317
17309, 17317
17295, 17318
17296, 17318
17310, 17318
17319, 17318
17297, 17319
17298, 17319
17309, 17319
17318, 17319
17288, 17320
17303, 17320
17311, 17320
17312, 17320
