8242, 8241
8264, 8241
8272, 8241
8241, 8242
8243, 8242
8244, 8242
8272, 8242
8273, 8242
8242, 8243
8244, 8243
8245, 8243
8246, 8243
8267, 8243
8242, 8244
8243, 8244
8245, 8244
8246, 8244
8243, 8245
8244, 8245
8246, 8245
8247, 8245
8268, 8245
8243, 8246
8244, 8246
8245, 8246
8247, 8246
8248, 8246
8249, 8246
8268, 8246
8269, 8246
8245, 8247
8246, 8247
8248, 8247
8249, 8247
8246, 8248
8247, 8248
8249, 8248
8250, 8248
8246, 8249
8247, 8249
8248, 8249
8250, 8249
8251, 8249
8268, 8249
8248, 8250
8249, 8250
8251, 8250
8252, 8250
8269, 8250
8249, 8251
8250, 8251
8252, 8251
8270, 8251
8250, 8252
8251, 8252
8253, 8252
8270, 8252
8271, 8252
8252, 8253
8254, 8253
8255, 8253
8271, 8253
8253, 8254
8255, 8254
8256, 8254
8257, 8254
8253, 8255
8254, 8255
8256, 8255
8257, 8255
8254, 8256
8255, 8256
8257, 8256
8258, 8256
8254, 8257
8255, 8257
8256, 8257
8258, 8257
8256, 8258
8257, 8258
8259, 8258
8258, 8259
8260, 8259
8261, 8259
8262, 8259
8259, 8260
8261, 8260
8262, 8260
8263, 8260
8259, 8261
8260, 8261
8262, 8261
8263, 8261
8259, 8262
8260, 8262
8261, 8262
8263, 8262
8260, 8263
8261, 8263
8262, 8263
8241, 8264
8265, 8264
8273, 8264
8274, 8264
8264, 8265
8266, 8265
8267, 8265
8272, 8265
8273, 8265
8274, 8265
8265, 8266
8267, 8266
8273, 8266
8243, 8267
8265, 8267
8266, 8267
8273, 8267
8245, 8268
8246, 8268
8249, 8268
8269, 8268
8270, 8268
8246, 8269
8250, 8269
8268, 8269
8270, 8269
8251, 8270
8252, 8270
8268, 8270
8269, 8270
8271, 8270
8252, 8271
8253, 8271
8270, 8271
8241, 8272
8242, 8272
8265, 8272
8274, 8272
8242, 8273
8264, 8273
8265, 8273
8266, 8273
8267, 8273
8264, 8274
8265, 8274
8272, 8274
