17574, 17573
17575, 17573
17583, 17573
17573, 17574
17575, 17574
17583, 17574
17573, 17575
17574, 17575
17583, 17575
17593, 17575
17591, 17576
17601, 17576
17603, 17576
17609, 17577
17610, 17577
17611, 17577
17579, 17578
17580, 17578
17587, 17578
17578, 17579
17580, 17579
17612, 17579
17578, 17580
17579, 17580
17592, 17580
17602, 17580
17612, 17580
17585, 17581
17592, 17581
17595, 17581
17602, 17581
17586, 17582
17596, 17582
17614, 17582
17615, 17582
17573, 17583
17574, 17583
17575, 17583
17593, 17583
17603, 17583
17606, 17583
17594, 17584
17615, 17584
17616, 17584
17581, 17585
17595, 17585
17613, 17585
17582, 17586
17596, 17586
17613, 17586
17578, 17587
17597, 17587
17610, 17587
17611, 17587
17598, 17588
17608, 17588
17609, 17588
17604, 17589
17605, 17589
17607, 17589
17591, 17590
17600, 17590
17601, 17590
17576, 17591
17590, 17591
17600, 17591
17601, 17591
17603, 17591
17580, 17592
17581, 17592
17602, 17592
17612, 17592
17575, 17593
17583, 17593
17603, 17593
17606, 17593
17584, 17594
17615, 17594
17616, 17594
17581, 17595
17585, 17595
17613, 17595
17582, 17596
17586, 17596
17614, 17596
17615, 17596
17587, 17597
17610, 17597
17611, 17597
17588, 17598
17608, 17598
17609, 17598
17604, 17599
17605, 17599
17607, 17599
17608, 17599
17590, 17600
17591, 17600
17601, 17600
17604, 17600
17576, 17601
17590, 17601
17591, 17601
17600, 17601
17603, 17601
17580, 17602
17581, 17602
17592, 17602
17612, 17602
17576, 17603
17583, 17603
17591, 17603
17593, 17603
17601, 17603
17606, 17603
17589, 17604
17599, 17604
17600, 17604
17607, 17604
17589, 17605
17599, 17605
17607, 17605
17583, 17606
17593, 17606
17603, 17606
17589, 17607
17599, 17607
17604, 17607
17605, 17607
17588, 17608
17598, 17608
17599, 17608
17609, 17608
17577, 17609
17588, 17609
17598, 17609
17608, 17609
17577, 17610
17587, 17610
17597, 17610
17611, 17610
17577, 17611
17587, 17611
17597, 17611
17610, 17611
17579, 17612
17580, 17612
17592, 17612
17602, 17612
17585, 17613
17586, 17613
17595, 17613
17582, 17614
17596, 17614
17615, 17614
17582, 17615
17584, 17615
17594, 17615
17596, 17615
17614, 17615
17616, 17615
17584, 17616
17594, 17616
17615, 17616
