14653, 14637
14654, 14637
14655, 14637
14656, 14637
14662, 14638
14663, 14638
14664, 14638
14665, 14638
14640, 14639
14641, 14639
14642, 14639
14653, 14639
14639, 14640
14641, 14640
14642, 14640
14653, 14640
14654, 14640
14639, 14641
14640, 14641
14642, 14641
14656, 14641
14657, 14641
14639, 14642
14640, 14642
14641, 14642
14643, 14642
14644, 14642
14645, 14642
14658, 14642
14659, 14642
14642, 14643
14644, 14643
14645, 14643
14659, 14643
14660, 14643
14642, 14644
14643, 14644
14645, 14644
14660, 14644
14661, 14644
14642, 14645
14643, 14645
14644, 14645
14661, 14645
14647, 14646
14662, 14646
14663, 14646
14646, 14647
14648, 14647
14662, 14647
14663, 14647
14647, 14648
14649, 14648
14665, 14648
14666, 14648
14648, 14649
14650, 14649
14667, 14649
14668, 14649
14649, 14650
14651, 14650
14652, 14650
14668, 14650
14669, 14650
14650, 14651
14652, 14651
14669, 14651
14670, 14651
14650, 14652
14651, 14652
14670, 14652
14637, 14653
14639, 14653
14640, 14653
14654, 14653
14655, 14653
14637, 14654
14640, 14654
14653, 14654
14655, 14654
14637, 14655
14653, 14655
14654, 14655
14656, 14655
14657, 14655
14658, 14655
14637, 14656
14641, 14656
14655, 14656
14657, 14656
14641, 14657
14655, 14657
14656, 14657
14658, 14657
14659, 14657
14642, 14658
14655, 14658
14657, 14658
14659, 14658
14660, 14658
14661, 14658
14642, 14659
14643, 14659
14657, 14659
14658, 14659
14660, 14659
14661, 14659
14643, 14660
14644, 14660
14658, 14660
14659, 14660
14661, 14660
14644, 14661
14645, 14661
14658, 14661
14659, 14661
14660, 14661
14638, 14662
14646, 14662
14647, 14662
14663, 14662
14638, 14663
14646, 14663
14647, 14663
14662, 14663
14664, 14663
14638, 14664
14663, 14664
14665, 14664
14666, 14664
14667, 14664
14638, 14665
14648, 14665
14664, 14665
14666, 14665
14648, 14666
14664, 14666
14665, 14666
14667, 14666
14668, 14666
14649, 14667
14664, 14667
14666, 14667
14668, 14667
14669, 14667
14649, 14668
14650, 14668
14666, 14668
14667, 14668
14669, 14668
14650, 14669
14651, 14669
14667, 14669
14668, 14669
14670, 14669
14651, 14670
14652, 14670
14669, 14670
