4775, 4764
4780, 4764
4766, 4765
4769, 4765
4772, 4765
4774, 4765
4765, 4766
4768, 4766
4769, 4766
4774, 4766
4777, 4766
4775, 4767
4780, 4767
4785, 4767
4766, 4768
4769, 4768
4781, 4768
4783, 4768
4765, 4769
4766, 4769
4768, 4769
4778, 4769
4781, 4769
4771, 4770
4775, 4770
4784, 4770
4785, 4770
4770, 4771
4773, 4771
4784, 4771
4785, 4771
4765, 4772
4773, 4772
4774, 4772
4782, 4772
4783, 4772
4771, 4773
4772, 4773
4782, 4773
4783, 4773
4765, 4774
4766, 4774
4772, 4774
4777, 4774
4778, 4774
4781, 4774
4783, 4774
4764, 4775
4767, 4775
4770, 4775
4776, 4775
4779, 4775
4780, 4775
4775, 4776
4779, 4776
4780, 4776
4766, 4777
4774, 4777
4778, 4777
4781, 4777
4769, 4778
4774, 4778
4777, 4778
4781, 4778
4775, 4779
4776, 4779
4780, 4779
4764, 4780
4767, 4780
4775, 4780
4776, 4780
4779, 4780
4768, 4781
4769, 4781
4774, 4781
4777, 4781
4778, 4781
4783, 4781
4772, 4782
4773, 4782
4783, 4782
4784, 4782
4768, 4783
4772, 4783
4773, 4783
4774, 4783
4781, 4783
4782, 4783
4770, 4784
4771, 4784
4782, 4784
4785, 4784
4767, 4785
4770, 4785
4771, 4785
4784, 4785
