18378, 18377
18379, 18377
18398, 18377
18377, 18378
18379, 18378
18380, 18378
18417, 18378
18377, 18379
18378, 18379
18380, 18379
18381, 18379
18378, 18380
18379, 18380
18381, 18380
18379, 18381
18380, 18381
18382, 18381
18381, 18382
18383, 18382
18403, 18382
18382, 18383
18384, 18383
18404, 18383
18383, 18384
18385, 18384
18403, 18384
18384, 18385
18386, 18385
18387, 18385
18407, 18385
18385, 18386
18387, 18386
18405, 18386
18407, 18386
18385, 18387
18386, 18387
18388, 18387
18387, 18388
18389, 18388
18409, 18388
18388, 18389
18390, 18389
18408, 18389
18389, 18390
18391, 18390
18411, 18390
18412, 18390
18390, 18391
18392, 18391
18393, 18391
18410, 18391
18391, 18392
18393, 18392
18411, 18392
18391, 18393
18392, 18393
18394, 18393
18393, 18394
18395, 18394
18396, 18394
18394, 18395
18396, 18395
18415, 18395
18394, 18396
18395, 18396
18414, 18396
18415, 18396
18398, 18397
18399, 18397
18419, 18397
18377, 18398
18397, 18398
18399, 18398
18400, 18398
18397, 18399
18398, 18399
18400, 18399
18401, 18399
18398, 18400
18399, 18400
18401, 18400
18399, 18401
18400, 18401
18402, 18401
18401, 18402
18403, 18402
18420, 18402
18421, 18402
18382, 18403
18384, 18403
18402, 18403
18404, 18403
18420, 18403
18383, 18404
18403, 18404
18405, 18404
18421, 18404
18386, 18405
18404, 18405
18406, 18405
18407, 18405
18420, 18405
18421, 18405
18405, 18406
18407, 18406
18385, 18407
18386, 18407
18405, 18407
18406, 18407
18408, 18407
18389, 18408
18407, 18408
18409, 18408
18388, 18409
18408, 18409
18410, 18409
18391, 18410
18409, 18410
18411, 18410
18390, 18411
18392, 18411
18410, 18411
18412, 18411
18390, 18412
18411, 18412
18413, 18412
18412, 18413
18414, 18413
18415, 18413
18396, 18414
18413, 18414
18415, 18414
18395, 18415
18396, 18415
18413, 18415
18414, 18415
18417, 18416
18419, 18416
18378, 18417
18416, 18417
18418, 18417
18419, 18417
18417, 18418
18419, 18418
18397, 18419
18416, 18419
18417, 18419
18418, 18419
18402, 18420
18403, 18420
18405, 18420
18421, 18420
18402, 18421
18404, 18421
18405, 18421
18420, 18421
