8918, 8917
8938, 8917
8940, 8917
8917, 8918
8938, 8918
8940, 8918
8920, 8919
8921, 8919
8922, 8919
8934, 8919
8939, 8919
8919, 8920
8921, 8920
8922, 8920
8935, 8920
8919, 8921
8920, 8921
8922, 8921
8919, 8922
8920, 8922
8921, 8922
8936, 8922
8924, 8923
8925, 8923
8944, 8923
8923, 8924
8925, 8924
8943, 8924
8944, 8924
8923, 8925
8924, 8925
8926, 8925
8943, 8925
8925, 8926
8943, 8926
8947, 8926
8955, 8926
8928, 8927
8929, 8927
8930, 8927
8950, 8927
8951, 8927
8927, 8928
8929, 8928
8930, 8928
8950, 8928
8927, 8929
8928, 8929
8930, 8929
8949, 8929
8927, 8930
8928, 8930
8929, 8930
8949, 8930
8948, 8931
8949, 8931
8956, 8931
8933, 8932
8934, 8932
8939, 8932
8940, 8932
8932, 8933
8938, 8933
8940, 8933
8919, 8934
8932, 8934
8935, 8934
8939, 8934
8920, 8935
8934, 8935
8936, 8935
8939, 8935
8922, 8936
8935, 8936
8937, 8936
8941, 8936
8942, 8936
8936, 8937
8941, 8937
8942, 8937
8917, 8938
8918, 8938
8933, 8938
8940, 8938
8919, 8939
8932, 8939
8934, 8939
8935, 8939
8917, 8940
8918, 8940
8932, 8940
8933, 8940
8938, 8940
8936, 8941
8937, 8941
8942, 8941
8936, 8942
8937, 8942
8941, 8942
8924, 8943
8925, 8943
8926, 8943
8944, 8943
8947, 8943
8955, 8943
8923, 8944
8924, 8944
8943, 8944
8948, 8945
8949, 8945
8956, 8945
8953, 8946
8954, 8946
8957, 8946
8958, 8946
8926, 8947
8943, 8947
8952, 8947
8955, 8947
8931, 8948
8945, 8948
8949, 8948
8956, 8948
8929, 8949
8930, 8949
8931, 8949
8945, 8949
8948, 8949
8956, 8949
8927, 8950
8928, 8950
8951, 8950
8958, 8950
8927, 8951
8950, 8951
8957, 8951
8958, 8951
8947, 8952
8953, 8952
8955, 8952
8946, 8953
8952, 8953
8954, 8953
8957, 8953
8946, 8954
8953, 8954
8957, 8954
8926, 8955
8943, 8955
8947, 8955
8952, 8955
8931, 8956
8945, 8956
8948, 8956
8949, 8956
8946, 8957
8951, 8957
8953, 8957
8954, 8957
8958, 8957
8946, 8958
8950, 8958
8951, 8958
8957, 8958
