10415, 10414
10423, 10414
10414, 10415
10416, 10415
10422, 10415
10424, 10415
10446, 10415
10448, 10415
10415, 10416
10417, 10416
10425, 10416
10446, 10416
10416, 10417
10418, 10417
10424, 10417
10447, 10417
10417, 10418
10419, 10418
10420, 10418
10447, 10418
10449, 10418
10418, 10419
10420, 10419
10421, 10419
10428, 10419
10449, 10419
10418, 10420
10419, 10420
10421, 10420
10450, 10420
10419, 10421
10420, 10421
10450, 10421
10415, 10422
10423, 10422
10453, 10422
10414, 10423
10422, 10423
10424, 10423
10451, 10423
10453, 10423
10415, 10424
10417, 10424
10423, 10424
10425, 10424
10451, 10424
10416, 10425
10424, 10425
10452, 10425
10447, 10426
10452, 10426
10454, 10426
10457, 10426
10428, 10427
10449, 10427
10454, 10427
10419, 10428
10427, 10428
10449, 10428
10454, 10428
10455, 10428
10450, 10429
10455, 10429
10460, 10429
10439, 10430
10448, 10430
10453, 10430
10458, 10430
10448, 10431
10453, 10431
10456, 10431
10458, 10431
10433, 10432
10441, 10432
10456, 10432
10432, 10433
10440, 10433
10457, 10433
10447, 10434
10452, 10434
10457, 10434
10459, 10434
10436, 10435
10449, 10435
10454, 10435
10459, 10435
10435, 10436
10449, 10436
10454, 10436
10460, 10436
10450, 10437
10455, 10437
10460, 10437
10439, 10438
10448, 10438
10453, 10438
10463, 10438
10430, 10439
10438, 10439
10440, 10439
10461, 10439
10463, 10439
10433, 10440
10439, 10440
10441, 10440
10461, 10440
10432, 10441
10440, 10441
10442, 10441
10462, 10441
10441, 10442
10443, 10442
10462, 10442
10464, 10442
10442, 10443
10444, 10443
10449, 10443
10464, 10443
10443, 10444
10445, 10444
10449, 10444
10465, 10444
10444, 10445
10465, 10445
10415, 10446
10416, 10446
10417, 10447
10418, 10447
10426, 10447
10434, 10447
10415, 10448
10430, 10448
10431, 10448
10438, 10448
10418, 10449
10419, 10449
10427, 10449
10428, 10449
10435, 10449
10436, 10449
10443, 10449
10444, 10449
10420, 10450
10421, 10450
10429, 10450
10437, 10450
10465, 10450
10423, 10451
10424, 10451
10425, 10452
10426, 10452
10434, 10452
10422, 10453
10423, 10453
10430, 10453
10431, 10453
10438, 10453
10426, 10454
10427, 10454
10428, 10454
10435, 10454
10436, 10454
10428, 10455
10429, 10455
10437, 10455
10465, 10455
10431, 10456
10432, 10456
10426, 10457
10433, 10457
10434, 10457
10430, 10458
10431, 10458
10434, 10459
10435, 10459
10429, 10460
10436, 10460
10437, 10460
10465, 10460
10439, 10461
10440, 10461
10441, 10462
10442, 10462
10438, 10463
10439, 10463
10442, 10464
10443, 10464
10444, 10465
10445, 10465
10450, 10465
10455, 10465
10460, 10465
