13667, 13666
13668, 13666
13669, 13666
13666, 13667
13668, 13667
13669, 13667
13666, 13668
13667, 13668
13669, 13668
13666, 13669
13667, 13669
13668, 13669
13670, 13669
13671, 13669
13669, 13670
13671, 13670
13672, 13670
13669, 13671
13670, 13671
13672, 13671
13673, 13671
13674, 13671
13670, 13672
13671, 13672
13673, 13672
13674, 13672
13671, 13673
13672, 13673
13674, 13673
13671, 13674
13672, 13674
13673, 13674
13676, 13675
13677, 13675
13678, 13675
13675, 13676
13677, 13676
13678, 13676
13675, 13677
13676, 13677
13678, 13677
13675, 13678
13676, 13678
13677, 13678
13679, 13678
13680, 13678
13678, 13679
13680, 13679
13681, 13679
13678, 13680
13679, 13680
13681, 13680
13682, 13680
13683, 13680
13679, 13681
13680, 13681
13682, 13681
13683, 13681
13680, 13682
13681, 13682
13683, 13682
13680, 13683
13681, 13683
13682, 13683
13685, 13684
13686, 13684
13687, 13684
13684, 13685
13686, 13685
13687, 13685
13684, 13686
13685, 13686
13687, 13686
13684, 13687
13685, 13687
13686, 13687
13688, 13687
13689, 13687
13687, 13688
13689, 13688
13690, 13688
13687, 13689
13688, 13689
13690, 13689
13691, 13689
13692, 13689
13688, 13690
13689, 13690
13691, 13690
13692, 13690
13689, 13691
13690, 13691
13692, 13691
13689, 13692
13690, 13692
13691, 13692
13694, 13693
13695, 13693
13696, 13693
13693, 13694
13695, 13694
13696, 13694
13693, 13695
13694, 13695
13696, 13695
13693, 13696
13694, 13696
13695, 13696
13697, 13696
13698, 13696
13696, 13697
13698, 13697
13699, 13697
13696, 13698
13697, 13698
13699, 13698
13700, 13698
13701, 13698
13697, 13699
13698, 13699
13700, 13699
13701, 13699
13698, 13700
13699, 13700
13701, 13700
13698, 13701
13699, 13701
13700, 13701
