6135, 6104
6140, 6104
6134, 6105
6136, 6105
6113, 6106
6136, 6106
6138, 6106
6137, 6107
6138, 6107
6143, 6107
6109, 6108
6127, 6108
6137, 6108
6142, 6108
6108, 6109
6135, 6110
6139, 6110
6140, 6110
6145, 6110
6139, 6111
6141, 6111
6136, 6112
6141, 6112
6143, 6112
6146, 6112
6106, 6113
6138, 6113
6142, 6113
6143, 6113
6115, 6114
6137, 6114
6142, 6114
6114, 6115
6120, 6115
6133, 6115
6144, 6116
6145, 6116
6144, 6117
6146, 6117
6125, 6118
6146, 6118
6148, 6118
6120, 6119
6124, 6119
6147, 6119
6148, 6119
6115, 6120
6119, 6120
6121, 6120
6125, 6120
6147, 6120
6120, 6121
6123, 6122
6149, 6122
6150, 6122
6122, 6123
6124, 6123
6149, 6123
6151, 6123
6119, 6124
6123, 6124
6151, 6124
6153, 6124
6118, 6125
6120, 6125
6126, 6125
6152, 6125
6153, 6125
6125, 6126
6127, 6126
6152, 6126
6108, 6127
6126, 6127
6154, 6128
6155, 6128
6130, 6129
6154, 6129
6156, 6129
6129, 6130
6131, 6130
6156, 6130
6158, 6130
6130, 6131
6132, 6131
6133, 6131
6157, 6131
6158, 6131
6131, 6132
6133, 6132
6157, 6132
6115, 6133
6131, 6133
6132, 6133
6105, 6134
6135, 6134
6104, 6135
6110, 6135
6134, 6135
6105, 6136
6106, 6136
6112, 6136
6107, 6137
6108, 6137
6114, 6137
6106, 6138
6107, 6138
6113, 6138
6158, 6138
6110, 6139
6111, 6139
6104, 6140
6110, 6140
6111, 6141
6112, 6141
6108, 6142
6113, 6142
6114, 6142
6107, 6143
6112, 6143
6113, 6143
6158, 6143
6116, 6144
6117, 6144
6110, 6145
6116, 6145
6112, 6146
6117, 6146
6118, 6146
6119, 6147
6120, 6147
6118, 6148
6119, 6148
6158, 6148
6122, 6149
6123, 6149
6122, 6150
6123, 6151
6124, 6151
6125, 6152
6126, 6152
6124, 6153
6125, 6153
6128, 6154
6129, 6154
6128, 6155
6129, 6156
6130, 6156
6131, 6157
6132, 6157
6130, 6158
6131, 6158
6138, 6158
6143, 6158
6148, 6158
