3467, 3459
3468, 3459
3469, 3459
3461, 3460
3466, 3460
3474, 3460
3460, 3461
3466, 3461
3474, 3461
3463, 3462
3468, 3462
3469, 3462
3462, 3463
3468, 3463
3469, 3463
3466, 3464
3470, 3464
3472, 3464
3474, 3464
3467, 3465
3471, 3465
3473, 3465
3460, 3466
3461, 3466
3464, 3466
3472, 3466
3474, 3466
3459, 3467
3465, 3467
3469, 3467
3473, 3467
3459, 3468
3462, 3468
3463, 3468
3469, 3468
3459, 3469
3462, 3469
3463, 3469
3467, 3469
3468, 3469
3464, 3470
3471, 3470
3472, 3470
3465, 3471
3470, 3471
3473, 3471
3464, 3472
3466, 3472
3470, 3472
3474, 3472
3465, 3473
3467, 3473
3471, 3473
3460, 3474
3461, 3474
3464, 3474
3466, 3474
3472, 3474
