13515, 13514
13520, 13514
13514, 13515
13519, 13515
13524, 13515
13517, 13516
13522, 13516
13526, 13516
13529, 13516
13516, 13517
13518, 13517
13527, 13517
13530, 13517
13517, 13518
13523, 13518
13528, 13518
13530, 13518
13515, 13519
13520, 13519
13514, 13520
13519, 13520
13524, 13520
13531, 13520
13526, 13521
13529, 13521
13534, 13521
13537, 13521
13516, 13522
13526, 13522
13527, 13522
13535, 13522
13538, 13522
13518, 13523
13528, 13523
13530, 13523
13536, 13523
13538, 13523
13515, 13524
13520, 13524
13525, 13524
13531, 13524
13533, 13524
13524, 13525
13529, 13525
13531, 13525
13532, 13525
13537, 13525
13516, 13526
13521, 13526
13522, 13526
13527, 13526
13535, 13526
13517, 13527
13522, 13527
13526, 13527
13534, 13527
13518, 13528
13523, 13528
13530, 13528
13538, 13528
13516, 13529
13521, 13529
13525, 13529
13533, 13529
13517, 13530
13518, 13530
13523, 13530
13528, 13530
13536, 13530
13538, 13530
13520, 13531
13524, 13531
13525, 13531
13532, 13531
13525, 13532
13531, 13532
13533, 13532
13524, 13533
13529, 13533
13532, 13533
13537, 13533
13521, 13534
13527, 13534
13535, 13534
13522, 13535
13526, 13535
13534, 13535
13523, 13536
13530, 13536
13538, 13536
13521, 13537
13525, 13537
13533, 13537
13522, 13538
13523, 13538
13528, 13538
13530, 13538
13536, 13538
