1888, 1883
1892, 1883
1896, 1883
1885, 1884
1889, 1884
1890, 1884
1895, 1884
1884, 1885
1886, 1885
1889, 1885
1890, 1885
1885, 1886
1887, 1886
1890, 1886
1891, 1886
1899, 1886
1886, 1887
1891, 1887
1899, 1887
1883, 1888
1892, 1888
1896, 1888
1900, 1888
1884, 1889
1885, 1889
1890, 1889
1891, 1889
1903, 1889
1884, 1890
1885, 1890
1886, 1890
1889, 1890
1891, 1890
1886, 1891
1887, 1891
1889, 1891
1890, 1891
1899, 1891
1883, 1892
1888, 1892
1893, 1892
1896, 1892
1897, 1892
1900, 1892
1892, 1893
1894, 1893
1896, 1893
1897, 1893
1900, 1893
1901, 1893
1893, 1894
1895, 1894
1898, 1894
1901, 1894
1902, 1894
1903, 1894
1884, 1895
1894, 1895
1898, 1895
1902, 1895
1903, 1895
1883, 1896
1888, 1896
1892, 1896
1893, 1896
1897, 1896
1900, 1896
1892, 1897
1893, 1897
1896, 1897
1900, 1897
1901, 1897
1894, 1898
1895, 1898
1901, 1898
1902, 1898
1886, 1899
1887, 1899
1891, 1899
1888, 1900
1892, 1900
1893, 1900
1896, 1900
1897, 1900
1901, 1900
1893, 1901
1894, 1901
1897, 1901
1898, 1901
1900, 1901
1902, 1901
1894, 1902
1895, 1902
1898, 1902
1901, 1902
1903, 1902
1889, 1903
1894, 1903
1895, 1903
1902, 1903
