4839, 4838
4844, 4838
4845, 4838
4852, 4838
4838, 4839
4844, 4839
4845, 4839
4849, 4839
4850, 4839
4851, 4839
4852, 4839
4841, 4840
4842, 4840
4846, 4840
4847, 4840
4848, 4840
4854, 4840
4840, 4841
4842, 4841
4846, 4841
4854, 4841
4840, 4842
4841, 4842
4843, 4842
4854, 4842
4842, 4843
4846, 4843
4854, 4843
4838, 4844
4839, 4844
4845, 4844
4851, 4844
4838, 4845
4839, 4845
4844, 4845
4851, 4845
4840, 4846
4841, 4846
4843, 4846
4847, 4846
4848, 4846
4840, 4847
4846, 4847
4848, 4847
4849, 4847
4840, 4848
4846, 4848
4847, 4848
4839, 4849
4847, 4849
4850, 4849
4852, 4849
4853, 4849
4839, 4850
4849, 4850
4852, 4850
4853, 4850
4839, 4851
4844, 4851
4845, 4851
4838, 4852
4839, 4852
4849, 4852
4850, 4852
4853, 4852
4849, 4853
4850, 4853
4852, 4853
4840, 4854
4841, 4854
4842, 4854
4843, 4854
