14672, 14671
14674, 14671
14671, 14672
14673, 14672
14674, 14672
14675, 14672
14679, 14672
14672, 14673
14674, 14673
14675, 14673
14680, 14673
14671, 14674
14672, 14674
14673, 14674
14675, 14674
14680, 14674
14685, 14674
14672, 14675
14673, 14675
14674, 14675
14685, 14675
14677, 14676
14682, 14676
14676, 14677
14678, 14677
14681, 14677
14683, 14677
14677, 14678
14679, 14678
14682, 14678
14683, 14678
14684, 14678
14672, 14679
14678, 14679
14683, 14679
14684, 14679
14685, 14679
14673, 14680
14674, 14680
14685, 14680
14677, 14681
14682, 14681
14676, 14682
14678, 14682
14681, 14682
14683, 14682
14677, 14683
14678, 14683
14679, 14683
14682, 14683
14684, 14683
14678, 14684
14679, 14684
14683, 14684
14685, 14684
14674, 14685
14675, 14685
14679, 14685
14680, 14685
14684, 14685
