798, 797
817, 797
818, 797
797, 798
799, 798
817, 798
818, 798
798, 799
800, 799
801, 799
818, 799
819, 799
799, 800
801, 800
802, 800
819, 800
799, 801
800, 801
802, 801
819, 801
800, 802
801, 802
803, 802
820, 802
802, 803
804, 803
805, 803
820, 803
821, 803
803, 804
805, 804
806, 804
822, 804
823, 804
803, 805
804, 805
806, 805
807, 805
823, 805
804, 806
805, 806
807, 806
824, 806
805, 807
806, 807
808, 807
809, 807
824, 807
807, 808
809, 808
810, 808
824, 808
807, 809
808, 809
810, 809
808, 810
809, 810
825, 810
812, 811
832, 811
833, 811
811, 812
827, 812
831, 812
833, 812
814, 813
815, 813
816, 813
829, 813
835, 813
813, 814
815, 814
816, 814
835, 814
813, 815
814, 815
816, 815
834, 815
813, 816
814, 816
815, 816
826, 816
834, 816
797, 817
798, 817
818, 817
797, 818
798, 818
799, 818
817, 818
819, 818
799, 819
800, 819
801, 819
818, 819
820, 819
802, 820
803, 820
819, 820
821, 820
822, 820
803, 821
820, 821
822, 821
823, 821
804, 822
820, 822
821, 822
823, 822
824, 822
804, 823
805, 823
821, 823
822, 823
824, 823
806, 824
807, 824
808, 824
822, 824
823, 824
810, 825
828, 825
832, 825
833, 825
816, 826
834, 826
836, 826
837, 826
812, 827
830, 827
831, 827
832, 827
833, 827
825, 828
832, 828
833, 828
813, 829
830, 829
831, 829
835, 829
827, 830
829, 830
831, 830
835, 830
812, 831
827, 831
829, 831
830, 831
811, 832
825, 832
827, 832
828, 832
833, 832
811, 833
812, 833
825, 833
827, 833
828, 833
832, 833
815, 834
816, 834
826, 834
835, 834
836, 834
837, 834
813, 835
814, 835
829, 835
830, 835
834, 835
826, 836
834, 836
837, 836
826, 837
834, 837
836, 837
