13114, 13096
13115, 13096
13121, 13096
13114, 13097
13116, 13097
13121, 13097
13122, 13097
13118, 13098
13119, 13098
13123, 13098
13127, 13098
13119, 13099
13120, 13099
13123, 13099
13128, 13099
13101, 13100
13120, 13100
13128, 13100
13100, 13101
13102, 13101
13103, 13101
13101, 13102
13103, 13102
13104, 13102
13101, 13103
13102, 13103
13104, 13103
13102, 13104
13103, 13104
13112, 13104
13114, 13105
13115, 13105
13121, 13105
13114, 13106
13122, 13106
13124, 13106
13119, 13107
13123, 13107
13126, 13107
13127, 13107
13120, 13108
13123, 13108
13128, 13108
13110, 13109
13120, 13109
13128, 13109
13109, 13110
13111, 13110
13112, 13110
13113, 13110
13110, 13111
13112, 13111
13113, 13111
13104, 13112
13110, 13112
13111, 13112
13113, 13112
13110, 13113
13111, 13113
13112, 13113
13096, 13114
13097, 13114
13105, 13114
13106, 13114
13115, 13114
13121, 13114
13122, 13114
13096, 13115
13105, 13115
13114, 13115
13121, 13115
13122, 13115
13097, 13116
13117, 13116
13125, 13116
13116, 13117
13118, 13117
13124, 13117
13126, 13117
13098, 13118
13117, 13118
13125, 13118
13098, 13119
13099, 13119
13107, 13119
13123, 13119
13127, 13119
13099, 13120
13100, 13120
13108, 13120
13109, 13120
13123, 13120
13128, 13120
13096, 13121
13097, 13121
13105, 13121
13114, 13121
13115, 13121
13122, 13121
13097, 13122
13106, 13122
13114, 13122
13115, 13122
13121, 13122
13098, 13123
13099, 13123
13107, 13123
13108, 13123
13119, 13123
13120, 13123
13127, 13123
13128, 13123
13106, 13124
13117, 13124
13125, 13124
13116, 13125
13118, 13125
13124, 13125
13126, 13125
13107, 13126
13117, 13126
13125, 13126
13098, 13127
13107, 13127
13119, 13127
13123, 13127
13099, 13128
13100, 13128
13108, 13128
13109, 13128
13120, 13128
13123, 13128
