11877, 11876
11887, 11876
11876, 11877
11878, 11877
11879, 11877
11886, 11877
11888, 11877
11894, 11877
11877, 11878
11879, 11878
11887, 11878
11877, 11879
11878, 11879
11880, 11879
11888, 11879
11895, 11879
11879, 11880
11881, 11880
11882, 11880
11895, 11880
11880, 11881
11883, 11881
11884, 11881
11889, 11881
11897, 11881
11880, 11882
11883, 11882
11884, 11882
11897, 11882
11881, 11883
11882, 11883
11884, 11883
11892, 11883
11881, 11884
11882, 11884
11883, 11884
11885, 11884
11893, 11884
11898, 11884
11884, 11885
11892, 11885
11893, 11885
11898, 11885
11903, 11885
11877, 11886
11887, 11886
11899, 11886
11901, 11886
11876, 11887
11878, 11887
11886, 11887
11888, 11887
11899, 11887
11877, 11888
11879, 11888
11887, 11888
11900, 11888
11881, 11889
11890, 11889
11891, 11889
11900, 11889
11889, 11890
11891, 11890
11892, 11890
11902, 11890
11889, 11891
11890, 11891
11892, 11891
11902, 11891
11883, 11892
11885, 11892
11890, 11892
11891, 11892
11893, 11892
11903, 11892
11884, 11893
11885, 11893
11892, 11893
11903, 11893
11877, 11894
11896, 11894
11901, 11894
11879, 11895
11880, 11895
11897, 11895
11902, 11895
11894, 11896
11899, 11896
11881, 11897
11882, 11897
11895, 11897
11898, 11897
11900, 11897
11903, 11897
11884, 11898
11885, 11898
11897, 11898
11903, 11898
11886, 11899
11887, 11899
11896, 11899
11901, 11899
11888, 11900
11889, 11900
11897, 11900
11902, 11900
11886, 11901
11894, 11901
11899, 11901
11890, 11902
11891, 11902
11895, 11902
11900, 11902
11885, 11903
11892, 11903
11893, 11903
11897, 11903
11898, 11903
