2654, 2632
2656, 2632
2661, 2632
2634, 2633
2653, 2633
2662, 2633
2633, 2634
2635, 2634
2653, 2634
2634, 2635
2636, 2635
2652, 2635
2635, 2636
2637, 2636
2652, 2636
2636, 2637
2638, 2637
2639, 2637
2637, 2638
2639, 2638
2640, 2638
2637, 2639
2638, 2639
2640, 2639
2638, 2640
2639, 2640
2641, 2640
2651, 2640
2640, 2641
2642, 2641
2651, 2641
2655, 2641
2641, 2642
2643, 2642
2651, 2642
2655, 2642
2642, 2643
2644, 2643
2657, 2643
2643, 2644
2657, 2644
2663, 2644
2657, 2645
2663, 2645
2664, 2645
2658, 2646
2664, 2646
2667, 2646
2658, 2647
2666, 2647
2669, 2647
2665, 2648
2668, 2648
2670, 2648
2650, 2649
2659, 2649
2660, 2649
2665, 2649
2649, 2650
2659, 2650
2660, 2650
2640, 2651
2641, 2651
2642, 2651
2655, 2651
2635, 2652
2636, 2652
2653, 2652
2633, 2653
2634, 2653
2652, 2653
2661, 2653
2662, 2653
2632, 2654
2656, 2654
2661, 2654
2662, 2654
2641, 2655
2642, 2655
2651, 2655
2632, 2656
2654, 2656
2661, 2656
2643, 2657
2644, 2657
2645, 2657
2663, 2657
2646, 2658
2647, 2658
2664, 2658
2666, 2658
2667, 2658
2669, 2658
2649, 2659
2650, 2659
2660, 2659
2649, 2660
2650, 2660
2659, 2660
2632, 2661
2653, 2661
2654, 2661
2656, 2661
2662, 2661
2633, 2662
2653, 2662
2654, 2662
2661, 2662
2644, 2663
2645, 2663
2657, 2663
2645, 2664
2646, 2664
2658, 2664
2667, 2664
2648, 2665
2649, 2665
2668, 2665
2670, 2665
2647, 2666
2658, 2666
2669, 2666
2670, 2666
2646, 2667
2658, 2667
2664, 2667
2648, 2668
2665, 2668
2670, 2668
2647, 2669
2658, 2669
2666, 2669
2670, 2669
2648, 2670
2665, 2670
2666, 2670
2668, 2670
2669, 2670
