6829, 6828
6839, 6828
6840, 6828
6828, 6829
6830, 6829
6831, 6829
6838, 6829
6839, 6829
6829, 6830
6831, 6830
6832, 6830
6841, 6830
6846, 6830
6829, 6831
6830, 6831
6832, 6831
6841, 6831
6842, 6831
6830, 6832
6831, 6832
6833, 6832
6834, 6832
6842, 6832
6843, 6832
6832, 6833
6834, 6833
6835, 6833
6836, 6833
6844, 6833
6832, 6834
6833, 6834
6835, 6834
6836, 6834
6844, 6834
6833, 6835
6834, 6835
6836, 6835
6833, 6836
6834, 6836
6835, 6836
6853, 6836
6849, 6837
6855, 6837
6856, 6837
6829, 6838
6839, 6838
6840, 6838
6841, 6838
6845, 6838
6846, 6838
6828, 6839
6829, 6839
6838, 6839
6840, 6839
6845, 6839
6828, 6840
6838, 6840
6839, 6840
6830, 6841
6831, 6841
6838, 6841
6842, 6841
6843, 6841
6845, 6841
6846, 6841
6831, 6842
6832, 6842
6841, 6842
6843, 6842
6844, 6842
6846, 6842
6832, 6843
6841, 6843
6842, 6843
6844, 6843
6833, 6844
6834, 6844
6842, 6844
6843, 6844
6838, 6845
6839, 6845
6841, 6845
6846, 6845
6830, 6846
6838, 6846
6841, 6846
6842, 6846
6845, 6846
6848, 6847
6853, 6847
6854, 6847
6847, 6848
6852, 6848
6853, 6848
6854, 6848
6837, 6849
6850, 6849
6851, 6849
6855, 6849
6856, 6849
6849, 6850
6851, 6850
6852, 6850
6855, 6850
6856, 6850
6849, 6851
6850, 6851
6852, 6851
6848, 6852
6850, 6852
6851, 6852
6854, 6852
6836, 6853
6847, 6853
6848, 6853
6854, 6853
6847, 6854
6848, 6854
6852, 6854
6853, 6854
6837, 6855
6849, 6855
6850, 6855
6856, 6855
6837, 6856
6849, 6856
6850, 6856
6855, 6856
