1914, 1904
1918, 1904
1919, 1904
1906, 1905
1909, 1905
1911, 1905
1917, 1905
1905, 1906
1907, 1906
1910, 1906
1906, 1907
1908, 1907
1913, 1907
1907, 1908
1912, 1908
1913, 1908
1905, 1909
1910, 1909
1918, 1909
1906, 1910
1909, 1910
1911, 1910
1921, 1910
1905, 1911
1910, 1911
1912, 1911
1908, 1912
1911, 1912
1913, 1912
1907, 1913
1908, 1913
1912, 1913
1904, 1914
1915, 1914
1918, 1914
1919, 1914
1914, 1915
1916, 1915
1918, 1915
1920, 1915
1915, 1916
1917, 1916
1921, 1916
1905, 1917
1916, 1917
1920, 1917
1921, 1917
1904, 1918
1909, 1918
1914, 1918
1915, 1918
1919, 1918
1904, 1919
1914, 1919
1918, 1919
1920, 1919
1915, 1920
1917, 1920
1919, 1920
1921, 1920
1910, 1921
1916, 1921
1917, 1921
1920, 1921
