16636, 16635
16637, 16635
16638, 16635
16635, 16636
16637, 16636
16638, 16636
16635, 16637
16636, 16637
16638, 16637
16653, 16637
16635, 16638
16636, 16638
16637, 16638
16639, 16638
16640, 16638
16653, 16638
16661, 16638
16638, 16639
16640, 16639
16641, 16639
16638, 16640
16639, 16640
16641, 16640
16642, 16640
16654, 16640
16639, 16641
16640, 16641
16642, 16641
16643, 16641
16654, 16641
16640, 16642
16641, 16642
16643, 16642
16655, 16642
16641, 16643
16642, 16643
16644, 16643
16656, 16643
16663, 16643
16643, 16644
16645, 16644
16646, 16644
16656, 16644
16657, 16644
16644, 16645
16646, 16645
16647, 16645
16657, 16645
16644, 16646
16645, 16646
16647, 16646
16648, 16646
16658, 16646
16645, 16647
16646, 16647
16648, 16647
16658, 16647
16659, 16647
16646, 16648
16647, 16648
16649, 16648
16651, 16648
16659, 16648
16660, 16648
16648, 16649
16650, 16649
16651, 16649
16652, 16649
16659, 16649
16660, 16649
16649, 16650
16651, 16650
16652, 16650
16660, 16650
16648, 16651
16649, 16651
16650, 16651
16652, 16651
16649, 16652
16650, 16652
16651, 16652
16637, 16653
16638, 16653
16654, 16653
16661, 16653
16640, 16654
16641, 16654
16653, 16654
16655, 16654
16661, 16654
16662, 16654
16642, 16655
16654, 16655
16662, 16655
16663, 16655
16643, 16656
16644, 16656
16657, 16656
16662, 16656
16663, 16656
16644, 16657
16645, 16657
16656, 16657
16658, 16657
16663, 16657
16646, 16658
16647, 16658
16657, 16658
16659, 16658
16660, 16658
16647, 16659
16648, 16659
16649, 16659
16658, 16659
16660, 16659
16648, 16660
16649, 16660
16650, 16660
16658, 16660
16659, 16660
16638, 16661
16653, 16661
16654, 16661
16654, 16662
16655, 16662
16656, 16662
16663, 16662
16643, 16663
16655, 16663
16656, 16663
16657, 16663
16662, 16663
