10.000000, 14.904303, 27.970000, -4.750000,  1.212000, 99.800000,  6.000000,  2.000000,  2.000000,  4.000000,  5.000000,  1.000000,  1.000000,  4.000000,  5.000000,  6.000000,  2.000000,  2.000000, 1, 0, 0
18.000000, 26.565567, 61.700000,  2.710000,  2.877000,147.700000,  6.000000,  8.000000,  4.000000,  7.000000,  4.000000,  7.000000,  8.000000,  3.000000,  7.000000,  4.000000, 10.000000,  4.000000, 1, 0, 0
14.000000, 20.264620, 50.770000,  2.140000,  2.390000,118.800000,  4.000000,  6.000000,  4.000000,  4.000000,  4.000000,  6.000000,  6.000000,  3.000000,  5.000000,  4.000000,  6.000000,  4.000000, 1, 0, 0
15.000000, 21.383886, 52.000000,  3.990000,  2.332000,124.200000,  4.000000,  8.000000,  3.000000,  5.000000,  5.000000,  5.000000,  7.000000,  3.000000,  5.000000,  4.000000,  8.000000,  3.000000, 1, 0, 0
9.000000, 12.063907, 28.470000, -2.500000,  1.302000, 75.300000,  5.000000,  2.000000,  2.000000,  2.000000,  6.000000,  1.000000,  2.000000,  5.000000,  2.000000,  4.000000,  3.000000,  2.000000, 1, 0, 0
15.000000, 20.981406, 49.220000, -2.180000,  2.261000,134.200000,  5.000000,  4.000000,  6.000000,  6.000000,  5.000000,  4.000000,  4.000000,  5.000000,  6.000000,  5.000000,  4.000000,  6.000000, 1, 0, 0
5.000000,  7.161032, 23.600000,  4.770000,  1.101000, 32.700000,  0.000000,  3.000000,  2.000000,  1.000000,  1.000000,  3.000000,  4.000000,  0.000000,  1.000000,  0.000000,  3.000000,  2.000000, 1, 0, 0
14.000000, 20.573806, 39.050000,  0.490000,  1.744000,114.100000,  8.000000,  5.000000,  1.000000,  2.000000,  7.000000,  5.000000,  5.000000,  6.000000,  3.000000,  7.000000,  6.000000,  1.000000, 1, 0, 0
3.000000,  5.750403, 13.250000,  1.210000,  0.589000, 24.100000,  1.000000,  1.000000,  1.000000,  1.000000,  1.000000,  1.000000,  2.000000,  0.000000,  1.000000,  1.000000,  1.000000,  1.000000, 1, 0, 0
13.000000, 19.563398, 50.640000,  5.810000,  2.377000,102.600000,  4.000000,  6.000000,  3.000000,  3.000000,  4.000000,  6.000000,  6.000000,  3.000000,  4.000000,  2.000000,  8.000000,  3.000000, 1, 0, 0
10.000000, 14.171887, 36.670000,  1.210000,  1.688000, 86.700000,  3.000000,  4.000000,  3.000000,  3.000000,  3.000000,  4.000000,  4.000000,  2.000000,  4.000000,  3.000000,  4.000000,  3.000000, 1, 0, 0
9.000000, 12.603795, 28.930000, -0.420000,  1.328000, 75.400000,  5.000000,  1.000000,  3.000000,  2.000000,  6.000000,  1.000000,  2.000000,  5.000000,  2.000000,  5.000000,  1.000000,  3.000000, 1, 0, 0
10.000000, 14.682140, 37.540000,  1.150000,  1.761000, 83.000000,  3.000000,  3.000000,  4.000000,  4.000000,  2.000000,  4.000000,  4.000000,  2.000000,  4.000000,  2.000000,  4.000000,  4.000000, 1, 0, 0
17.000000, 24.262052, 56.080000,  1.930000,  2.573000,146.500000,  6.000000,  8.000000,  3.000000,  7.000000,  4.000000,  6.000000,  6.000000,  4.000000,  7.000000,  4.000000, 10.000000,  3.000000, 1, 0, 0
3.000000,  5.742769, 11.670000, -2.280000,  0.533000, 33.400000,  0.000000,  2.000000,  1.000000,  3.000000,  0.000000,  0.000000,  0.000000,  0.000000,  3.000000,  0.000000,  2.000000,  1.000000, 1, 0, 0
5.000000,  8.501131, 12.660000,  0.180000,  0.601000, 41.700000,  3.000000,  0.000000,  2.000000,  1.000000,  3.000000,  1.000000,  1.000000,  3.000000,  1.000000,  3.000000,  0.000000,  2.000000, 1, 0, 0
4.000000, 10.724998, 12.140000, -0.550000,  0.563000, 34.800000,  2.000000,  1.000000,  1.000000,  1.000000,  3.000000,  0.000000,  1.000000,  2.000000,  1.000000,  1.000000,  2.000000,  1.000000, 0, 1, 0
6.000000, 16.733181, 18.820000, -1.950000,  0.837000, 58.400000,  3.000000,  2.000000,  1.000000,  3.000000,  2.000000,  1.000000,  1.000000,  2.000000,  3.000000,  2.000000,  3.000000,  1.000000, 0, 1, 0
2.000000,  3.840514,  6.730000, -2.140000,  0.285000, 23.500000,  1.000000,  1.000000,  0.000000,  2.000000,  0.000000,  0.000000,  0.000000,  0.000000,  2.000000,  1.000000,  1.000000,  0.000000, 0, 1, 0
4.000000,  9.616178, 14.450000, -0.520000,  0.648000, 36.000000,  1.000000,  3.000000,  0.000000,  2.000000,  1.000000,  1.000000,  1.000000,  1.000000,  2.000000,  0.000000,  4.000000,  0.000000, 0, 1, 0
4.000000, 10.125130,  9.750000, -0.040000,  0.460000, 31.000000,  3.000000,  0.000000,  1.000000,  0.000000,  3.000000,  1.000000,  1.000000,  3.000000,  0.000000,  2.000000,  1.000000,  1.000000, 0, 1, 0
5.000000, 11.105044, 18.050000, -1.700000,  0.837000, 51.700000,  1.000000,  2.000000,  2.000000,  2.000000,  3.000000,  0.000000,  0.000000,  1.000000,  4.000000,  1.000000,  2.000000,  2.000000, 0, 1, 0
3.000000,  7.134701,  9.690000,  0.260000,  0.466000, 24.500000,  2.000000,  0.000000,  1.000000,  0.000000,  2.000000,  1.000000,  1.000000,  1.000000,  1.000000,  1.000000,  1.000000,  1.000000, 0, 1, 0
5.000000, 13.274986, 21.700000, -1.980000,  1.000000, 50.800000,  1.000000,  2.000000,  2.000000,  4.000000,  0.000000,  1.000000,  1.000000,  0.000000,  4.000000,  1.000000,  2.000000,  2.000000, 0, 1, 0
5.000000, 13.238260, 21.200000,  1.480000,  0.955000, 39.900000,  0.000000,  4.000000,  1.000000,  2.000000,  1.000000,  2.000000,  3.000000,  0.000000,  2.000000,  0.000000,  4.000000,  1.000000, 0, 1, 0
2.000000,  3.830268,  5.720000,  1.040000,  0.271000, 13.900000,  1.000000,  1.000000,  0.000000,  0.000000,  1.000000,  1.000000,  1.000000,  1.000000,  0.000000,  0.000000,  2.000000,  0.000000, 0, 1, 0
4.000000,  9.282211, 14.790000,  2.430000,  0.716000, 25.900000,  2.000000,  0.000000,  2.000000,  0.000000,  2.000000,  2.000000,  3.000000,  1.000000,  0.000000,  1.000000,  1.000000,  2.000000, 0, 1, 0
5.000000, 13.495208, 15.990000, -1.880000,  0.737000, 46.800000,  3.000000,  0.000000,  2.000000,  1.000000,  4.000000,  0.000000,  0.000000,  3.000000,  2.000000,  3.000000,  0.000000,  2.000000, 0, 1, 0
6.000000, 15.572086, 12.910000, -0.320000,  0.582000, 28.400000,  1.000000,  1.000000,  1.000000,  2.000000,  0.000000,  1.000000,  1.000000,  0.000000,  2.000000,  1.000000,  1.000000,  1.000000, 0, 1, 0
7.000000, 17.886265, 29.870000,  2.300000,  1.372000, 54.900000,  2.000000,  2.000000,  3.000000,  2.000000,  2.000000,  3.000000,  4.000000,  1.000000,  2.000000,  2.000000,  2.000000,  3.000000, 0, 1, 0
7.000000, 17.650532, 20.650000, -2.490000,  0.900000, 66.800000,  4.000000,  2.000000,  1.000000,  3.000000,  3.000000,  1.000000,  1.000000,  3.000000,  3.000000,  3.000000,  3.000000,  1.000000, 0, 1, 0
2.000000,  3.777313,  7.000000,  2.270000,  0.326000, 10.800000,  0.000000,  2.000000,  0.000000,  0.000000,  0.000000,  2.000000,  2.000000,  0.000000,  0.000000,  0.000000,  2.000000,  0.000000, 0, 1, 0
5.000000, 11.935918, 11.730000, -0.880000,  0.517000, 46.200000,  2.000000,  3.000000,  0.000000,  2.000000,  2.000000,  1.000000,  1.000000,  2.000000,  2.000000,  2.000000,  3.000000,  0.000000, 0, 1, 0
4.000000, 10.115736, 10.380000, -0.650000,  0.445000, 34.600000,  3.000000,  1.000000,  0.000000,  1.000000,  2.000000,  1.000000,  1.000000,  2.000000,  1.000000,  3.000000,  1.000000,  0.000000, 0, 1, 0
6.000000, 15.790975, 17.150000, -3.500000,  0.763000, 58.600000,  2.000000,  3.000000,  1.000000,  3.000000,  3.000000,  0.000000,  1.000000,  2.000000,  3.000000,  2.000000,  3.000000,  1.000000, 0, 1, 0
5.000000, 13.685117, 22.360000, -2.390000,  0.988000, 53.300000,  1.000000,  2.000000,  2.000000,  4.000000,  0.000000,  1.000000,  1.000000,  0.000000,  4.000000,  1.000000,  2.000000,  2.000000, 0, 1, 0
2.000000,  3.835710,  5.720000,  1.040000,  0.271000, 13.900000,  1.000000,  1.000000,  0.000000,  0.000000,  1.000000,  1.000000,  1.000000,  1.000000,  0.000000,  0.000000,  2.000000,  0.000000, 0, 1, 0
5.000000, 13.766068, 18.050000, -1.780000,  0.848000, 52.900000,  1.000000,  2.000000,  2.000000,  3.000000,  2.000000,  0.000000,  0.000000,  1.000000,  4.000000,  0.000000,  3.000000,  2.000000, 0, 1, 0
5.000000, 12.901899, 24.990000,  3.870000,  1.177000, 39.300000,  1.000000,  2.000000,  2.000000,  2.000000,  0.000000,  3.000000,  3.000000,  0.000000,  2.000000,  1.000000,  2.000000,  2.000000, 0, 1, 0
