14886, 14885
14887, 14885
14901, 14885
14885, 14886
14887, 14886
14888, 14886
14901, 14886
14885, 14887
14886, 14887
14888, 14887
14901, 14887
14886, 14888
14887, 14888
14904, 14888
14890, 14889
14891, 14889
14892, 14889
14889, 14890
14891, 14890
14892, 14890
14915, 14890
14889, 14891
14890, 14891
14892, 14891
14915, 14891
14889, 14892
14890, 14892
14891, 14892
14909, 14892
14894, 14893
14895, 14893
14927, 14893
14893, 14894
14895, 14894
14927, 14894
14893, 14895
14894, 14895
14896, 14895
14921, 14895
14927, 14895
14895, 14896
14920, 14896
14921, 14896
14898, 14897
14899, 14897
14928, 14897
14897, 14898
14899, 14898
14900, 14898
14928, 14898
14897, 14899
14898, 14899
14900, 14899
14928, 14899
14898, 14900
14899, 14900
14916, 14900
14922, 14900
14885, 14901
14886, 14901
14887, 14901
14904, 14901
14905, 14901
14910, 14901
14903, 14902
14905, 14902
14906, 14902
14911, 14902
14912, 14902
14902, 14903
14906, 14903
14912, 14903
14888, 14904
14901, 14904
14905, 14904
14910, 14904
14911, 14904
14901, 14905
14902, 14905
14904, 14905
14910, 14905
14911, 14905
14902, 14906
14903, 14906
14912, 14906
14908, 14907
14913, 14907
14914, 14907
14907, 14908
14909, 14908
14913, 14908
14914, 14908
14915, 14908
14892, 14909
14908, 14909
14914, 14909
14915, 14909
14901, 14910
14904, 14910
14905, 14910
14911, 14910
14902, 14911
14904, 14911
14905, 14911
14910, 14911
14902, 14912
14903, 14912
14906, 14912
14907, 14913
14908, 14913
14914, 14913
14907, 14914
14908, 14914
14909, 14914
14913, 14914
14915, 14914
14890, 14915
14891, 14915
14908, 14915
14909, 14915
14914, 14915
14900, 14916
14917, 14916
14922, 14916
14923, 14916
14928, 14916
14929, 14916
14916, 14917
14922, 14917
14923, 14917
14928, 14917
14929, 14917
14924, 14918
14929, 14918
14930, 14918
14920, 14919
14925, 14919
14926, 14919
14896, 14920
14919, 14920
14921, 14920
14925, 14920
14926, 14920
14895, 14921
14896, 14921
14920, 14921
14926, 14921
14927, 14921
14900, 14922
14916, 14922
14917, 14922
14923, 14922
14928, 14922
14916, 14923
14917, 14923
14922, 14923
14929, 14923
14918, 14924
14929, 14924
14930, 14924
14919, 14925
14920, 14925
14926, 14925
14919, 14926
14920, 14926
14921, 14926
14925, 14926
14893, 14927
14894, 14927
14895, 14927
14921, 14927
14897, 14928
14898, 14928
14899, 14928
14916, 14928
14917, 14928
14922, 14928
14916, 14929
14917, 14929
14918, 14929
14923, 14929
14924, 14929
14930, 14929
14918, 14930
14924, 14930
14929, 14930
