12591, 12571
12596, 12571
12597, 12571
12573, 12572
12592, 12572
12593, 12572
12598, 12572
12603, 12572
12572, 12573
12574, 12573
12603, 12573
12604, 12573
12573, 12574
12575, 12574
12606, 12574
12608, 12574
12574, 12575
12576, 12575
12577, 12575
12607, 12575
12575, 12576
12577, 12576
12607, 12576
12609, 12576
12575, 12577
12576, 12577
12578, 12577
12579, 12577
12609, 12577
12610, 12577
12577, 12578
12579, 12578
12580, 12578
12610, 12578
12577, 12579
12578, 12579
12580, 12579
12581, 12579
12578, 12580
12579, 12580
12581, 12580
12582, 12580
12610, 12580
12579, 12581
12580, 12581
12582, 12581
12580, 12582
12581, 12582
12583, 12582
12582, 12583
12584, 12583
12585, 12583
12586, 12583
12583, 12584
12585, 12584
12586, 12584
12583, 12585
12584, 12585
12586, 12585
12583, 12586
12584, 12586
12585, 12586
12588, 12587
12589, 12587
12590, 12587
12591, 12587
12597, 12587
12587, 12588
12589, 12588
12590, 12588
12591, 12588
12587, 12589
12588, 12589
12590, 12589
12587, 12590
12588, 12590
12589, 12590
12571, 12591
12587, 12591
12588, 12591
12597, 12591
12572, 12592
12593, 12592
12598, 12592
12599, 12592
12603, 12592
12572, 12593
12592, 12593
12598, 12593
12599, 12593
12595, 12594
12600, 12594
12601, 12594
12594, 12595
12596, 12595
12600, 12595
12601, 12595
12602, 12595
12571, 12596
12595, 12596
12597, 12596
12601, 12596
12602, 12596
12571, 12597
12587, 12597
12591, 12597
12596, 12597
12602, 12597
12572, 12598
12592, 12598
12593, 12598
12599, 12598
12603, 12598
12592, 12599
12593, 12599
12598, 12599
12600, 12599
12594, 12600
12595, 12600
12599, 12600
12601, 12600
12594, 12601
12595, 12601
12596, 12601
12600, 12601
12602, 12601
12595, 12602
12596, 12602
12597, 12602
12601, 12602
12572, 12603
12573, 12603
12592, 12603
12598, 12603
12604, 12603
12605, 12603
12573, 12604
12603, 12604
12605, 12604
12606, 12604
12603, 12605
12604, 12605
12606, 12605
12608, 12605
12574, 12606
12604, 12606
12605, 12606
12608, 12606
12575, 12607
12576, 12607
12608, 12607
12574, 12608
12605, 12608
12606, 12608
12607, 12608
12576, 12609
12577, 12609
12610, 12609
12577, 12610
12578, 12610
12580, 12610
12609, 12610
