9548, 9517
9552, 9517
9519, 9518
9531, 9518
9548, 9518
9518, 9519
9530, 9519
9557, 9519
9544, 9520
9545, 9520
9571, 9520
9596, 9520
9539, 9521
9543, 9521
9547, 9521
9576, 9522
9577, 9522
9574, 9523
9578, 9523
9525, 9524
9537, 9524
9574, 9524
9524, 9525
9536, 9525
9583, 9525
9570, 9526
9571, 9526
9539, 9527
9569, 9527
9573, 9527
9601, 9528
9602, 9528
9599, 9529
9603, 9529
9519, 9530
9531, 9530
9599, 9530
9518, 9531
9530, 9531
9608, 9531
9595, 9532
9596, 9532
9539, 9533
9594, 9533
9598, 9533
9627, 9534
9628, 9534
9625, 9535
9629, 9535
9525, 9536
9537, 9536
9625, 9536
9524, 9537
9536, 9537
9634, 9537
9621, 9538
9622, 9538
9521, 9539
9527, 9539
9533, 9539
9620, 9539
9624, 9539
9549, 9540
9565, 9540
9616, 9540
9562, 9541
9564, 9541
9544, 9542
9563, 9542
9521, 9543
9564, 9543
9520, 9544
9542, 9544
9520, 9545
9546, 9545
9545, 9546
9555, 9546
9521, 9547
9517, 9548
9518, 9548
9540, 9549
9550, 9549
9549, 9550
9551, 9550
9550, 9551
9556, 9551
9517, 9552
9558, 9552
9556, 9553
9559, 9553
9558, 9554
9560, 9554
9546, 9555
9561, 9555
9551, 9556
9553, 9556
9519, 9557
9561, 9557
9608, 9557
9552, 9558
9554, 9558
9553, 9559
9560, 9559
9554, 9560
9559, 9560
9555, 9561
9557, 9561
9541, 9562
9563, 9562
9542, 9563
9562, 9563
9541, 9564
9543, 9564
9590, 9564
9641, 9564
9540, 9565
9566, 9565
9565, 9566
9575, 9566
9616, 9566
9588, 9567
9590, 9567
9570, 9568
9589, 9568
9527, 9569
9590, 9569
9526, 9570
9568, 9570
9520, 9571
9526, 9571
9572, 9571
9571, 9572
9581, 9572
9527, 9573
9523, 9574
9524, 9574
9566, 9575
9576, 9575
9522, 9576
9575, 9576
9522, 9577
9582, 9577
9523, 9578
9584, 9578
9582, 9579
9585, 9579
9584, 9580
9586, 9580
9572, 9581
9587, 9581
9577, 9582
9579, 9582
9525, 9583
9587, 9583
9608, 9583
9578, 9584
9580, 9584
9579, 9585
9586, 9585
9580, 9586
9585, 9586
9581, 9587
9583, 9587
9567, 9588
9589, 9588
9568, 9589
9588, 9589
9564, 9590
9567, 9590
9569, 9590
9615, 9590
9641, 9590
9600, 9591
9613, 9592
9615, 9592
9595, 9593
9614, 9593
9533, 9594
9615, 9594
9532, 9595
9593, 9595
9520, 9596
9532, 9596
9597, 9596
9596, 9597
9606, 9597
9533, 9598
9529, 9599
9530, 9599
9591, 9600
9601, 9600
9528, 9601
9600, 9601
9528, 9602
9607, 9602
9529, 9603
9609, 9603
9607, 9604
9610, 9604
9609, 9605
9611, 9605
9597, 9606
9612, 9606
9602, 9607
9604, 9607
9531, 9608
9557, 9608
9583, 9608
9612, 9608
9634, 9608
9603, 9609
9605, 9609
9604, 9610
9611, 9610
9605, 9611
9610, 9611
9606, 9612
9608, 9612
9592, 9613
9614, 9613
9593, 9614
9613, 9614
9590, 9615
9592, 9615
9594, 9615
9641, 9615
9540, 9616
9566, 9616
9617, 9616
9616, 9617
9626, 9617
9639, 9618
9641, 9618
9621, 9619
9640, 9619
9539, 9620
9641, 9620
9538, 9621
9619, 9621
9538, 9622
9623, 9622
9622, 9623
9632, 9623
9539, 9624
9535, 9625
9536, 9625
9617, 9626
9627, 9626
9534, 9627
9626, 9627
9534, 9628
9633, 9628
9535, 9629
9635, 9629
9633, 9630
9636, 9630
9635, 9631
9637, 9631
9623, 9632
9638, 9632
9628, 9633
9630, 9633
9537, 9634
9608, 9634
9638, 9634
9629, 9635
9631, 9635
9630, 9636
9637, 9636
9631, 9637
9636, 9637
9632, 9638
9634, 9638
9618, 9639
9640, 9639
9619, 9640
9639, 9640
9564, 9641
9590, 9641
9615, 9641
9618, 9641
9620, 9641
