6624, 6623
6625, 6623
6644, 6623
6623, 6624
6625, 6624
6626, 6624
6630, 6624
6623, 6625
6624, 6625
6626, 6625
6629, 6625
6624, 6626
6625, 6626
6627, 6626
6628, 6626
6631, 6626
6626, 6627
6631, 6627
6639, 6627
6641, 6627
6626, 6628
6629, 6628
6636, 6628
6637, 6628
6625, 6629
6628, 6629
6630, 6629
6636, 6629
6637, 6629
6638, 6629
6624, 6630
6629, 6630
6632, 6630
6637, 6630
6638, 6630
6640, 6630
6644, 6630
6626, 6631
6627, 6631
6633, 6631
6639, 6631
6641, 6631
6630, 6632
6640, 6632
6644, 6632
6631, 6633
6639, 6633
6641, 6633
6645, 6633
6635, 6634
6642, 6634
6643, 6634
6634, 6635
6642, 6635
6643, 6635
6645, 6635
6628, 6636
6629, 6636
6637, 6636
6628, 6637
6629, 6637
6630, 6637
6636, 6637
6638, 6637
6629, 6638
6630, 6638
6637, 6638
6644, 6638
6627, 6639
6631, 6639
6633, 6639
6641, 6639
6630, 6640
6632, 6640
6644, 6640
6627, 6641
6631, 6641
6633, 6641
6639, 6641
6645, 6641
6634, 6642
6635, 6642
6643, 6642
6634, 6643
6635, 6643
6642, 6643
6623, 6644
6630, 6644
6632, 6644
6638, 6644
6640, 6644
6633, 6645
6635, 6645
6641, 6645
