8023, 8022
8024, 8022
8025, 8022
8022, 8023
8024, 8023
8025, 8023
8022, 8024
8023, 8024
8025, 8024
8026, 8024
8038, 8024
8022, 8025
8023, 8025
8024, 8025
8026, 8025
8027, 8025
8038, 8025
8024, 8026
8025, 8026
8027, 8026
8038, 8026
8025, 8027
8026, 8027
8028, 8027
8038, 8027
8039, 8027
8027, 8028
8029, 8028
8030, 8028
8031, 8028
8039, 8028
8028, 8029
8030, 8029
8031, 8029
8028, 8030
8029, 8030
8031, 8030
8032, 8030
8040, 8030
8028, 8031
8029, 8031
8030, 8031
8032, 8031
8040, 8031
8041, 8031
8030, 8032
8031, 8032
8033, 8032
8041, 8032
8042, 8032
8032, 8033
8034, 8033
8035, 8033
8036, 8033
8044, 8033
8033, 8034
8035, 8034
8036, 8034
8037, 8034
8033, 8035
8034, 8035
8036, 8035
8037, 8035
8033, 8036
8034, 8036
8035, 8036
8037, 8036
8034, 8037
8035, 8037
8036, 8037
8024, 8038
8025, 8038
8026, 8038
8027, 8038
8039, 8038
8027, 8039
8028, 8039
8038, 8039
8040, 8039
8041, 8039
8030, 8040
8031, 8040
8039, 8040
8041, 8040
8042, 8040
8031, 8041
8032, 8041
8039, 8041
8040, 8041
8042, 8041
8043, 8041
8044, 8041
8032, 8042
8040, 8042
8041, 8042
8043, 8042
8044, 8042
8041, 8043
8042, 8043
8044, 8043
8033, 8044
8041, 8044
8042, 8044
8043, 8044
