7352, 7351
7365, 7351
7351, 7352
7353, 7352
7364, 7352
7352, 7353
7367, 7353
7380, 7353
7383, 7353
7355, 7354
7366, 7354
7380, 7354
7354, 7355
7369, 7355
7379, 7355
7384, 7355
7357, 7356
7368, 7356
7370, 7356
7379, 7356
7384, 7356
7356, 7357
7369, 7357
7377, 7357
7359, 7358
7377, 7358
7386, 7358
7358, 7359
7377, 7359
7378, 7359
7385, 7359
7386, 7359
7361, 7360
7378, 7360
7381, 7360
7382, 7360
7360, 7361
7362, 7361
7381, 7361
7382, 7361
7361, 7362
7363, 7362
7376, 7362
7362, 7363
7375, 7363
7376, 7363
7352, 7364
7365, 7364
7351, 7365
7364, 7365
7366, 7365
7354, 7366
7365, 7366
7380, 7366
7383, 7366
7353, 7367
7368, 7367
7380, 7367
7383, 7367
7356, 7368
7367, 7368
7379, 7368
7384, 7368
7355, 7369
7357, 7369
7370, 7369
7379, 7369
7384, 7369
7356, 7370
7369, 7370
7386, 7370
7372, 7371
7377, 7371
7386, 7371
7371, 7372
7377, 7372
7378, 7372
7385, 7372
7386, 7372
7374, 7373
7381, 7373
7382, 7373
7385, 7373
7373, 7374
7375, 7374
7381, 7374
7382, 7374
7363, 7375
7374, 7375
7376, 7375
7362, 7376
7363, 7376
7375, 7376
7357, 7377
7358, 7377
7359, 7377
7371, 7377
7372, 7377
7386, 7377
7359, 7378
7360, 7378
7372, 7378
7385, 7378
7355, 7379
7356, 7379
7368, 7379
7369, 7379
7384, 7379
7353, 7380
7354, 7380
7366, 7380
7367, 7380
7383, 7380
7360, 7381
7361, 7381
7373, 7381
7374, 7381
7382, 7381
7360, 7382
7361, 7382
7373, 7382
7374, 7382
7381, 7382
7353, 7383
7366, 7383
7367, 7383
7380, 7383
7355, 7384
7356, 7384
7368, 7384
7369, 7384
7379, 7384
7359, 7385
7372, 7385
7373, 7385
7378, 7385
7358, 7386
7359, 7386
7370, 7386
7371, 7386
7372, 7386
7377, 7386
