12.000000, 17.060781, 37.370000, -1.170000,  1.758000,108.700000,  5.000000,  3.000000,  4.000000,  4.000000,  6.000000,  2.000000,  2.000000,  5.000000,  5.000000,  5.000000,  3.000000,  4.000000, 1, 0, 0
5.000000,  6.177846,  6.550000, -3.120000,  0.288000, 46.300000,  4.000000,  1.000000,  0.000000,  1.000000,  4.000000,  0.000000,  0.000000,  4.000000,  1.000000,  4.000000,  1.000000,  0.000000, 1, 0, 0
10.000000, 14.248511, 30.770000,  2.540000,  1.389000, 79.000000,  6.000000,  3.000000,  1.000000,  2.000000,  4.000000,  4.000000,  4.000000,  4.000000,  2.000000,  5.000000,  4.000000,  1.000000, 1, 0, 0
5.000000,  6.217748, 10.220000, -2.100000,  0.459000, 45.400000,  4.000000,  1.000000,  0.000000,  1.000000,  4.000000,  0.000000,  0.000000,  4.000000,  1.000000,  2.000000,  3.000000,  0.000000, 1, 0, 0
7.000000,  9.875050, 22.040000,  0.590000,  1.002000, 58.900000,  3.000000,  2.000000,  2.000000,  2.000000,  2.000000,  3.000000,  3.000000,  2.000000,  2.000000,  3.000000,  2.000000,  2.000000, 1, 0, 0
6.000000,  9.323877, 10.950000, -0.700000,  0.504000, 48.700000,  4.000000,  2.000000,  0.000000,  1.000000,  4.000000,  1.000000,  1.000000,  4.000000,  1.000000,  4.000000,  2.000000,  0.000000, 1, 0, 0
10.000000, 14.347957, 33.300000, -0.540000,  1.525000, 85.800000,  5.000000,  1.000000,  4.000000,  3.000000,  4.000000,  3.000000,  3.000000,  4.000000,  3.000000,  5.000000,  1.000000,  4.000000, 1, 0, 0
9.000000, 12.342669, 32.100000,  2.910000,  1.475000, 68.900000,  3.000000,  4.000000,  2.000000,  2.000000,  4.000000,  3.000000,  4.000000,  3.000000,  2.000000,  2.000000,  5.000000,  2.000000, 1, 0, 0
9.000000, 12.335171, 25.370000, -1.990000,  1.106000, 80.400000,  4.000000,  4.000000,  1.000000,  3.000000,  4.000000,  2.000000,  2.000000,  4.000000,  3.000000,  4.000000,  4.000000,  1.000000, 1, 0, 0
10.000000, 14.216707, 35.930000, -1.620000,  1.628000, 92.100000,  4.000000,  3.000000,  3.000000,  4.000000,  3.000000,  3.000000,  3.000000,  2.000000,  5.000000,  4.000000,  3.000000,  3.000000, 1, 0, 0
10.000000, 14.260670, 39.730000,  4.970000,  1.891000, 74.800000,  3.000000,  3.000000,  4.000000,  2.000000,  3.000000,  5.000000,  5.000000,  3.000000,  2.000000,  2.000000,  4.000000,  4.000000, 1, 0, 0
8.000000, 11.413836, 28.260000, -0.190000,  1.268000, 68.200000,  3.000000,  4.000000,  1.000000,  3.000000,  2.000000,  3.000000,  3.000000,  2.000000,  3.000000,  2.000000,  5.000000,  1.000000, 1, 0, 0
10.000000, 14.656356, 27.590000,  2.210000,  1.236000, 76.800000,  5.000000,  5.000000,  0.000000,  2.000000,  3.000000,  5.000000,  5.000000,  3.000000,  2.000000,  4.000000,  6.000000,  0.000000, 1, 0, 0
3.000000,  5.340657, 10.370000, -0.240000,  0.467000, 25.400000,  1.000000,  1.000000,  1.000000,  1.000000,  1.000000,  1.000000,  1.000000,  1.000000,  1.000000,  1.000000,  1.000000,  1.000000, 1, 0, 0
12.000000, 16.894708, 39.360000, -1.260000,  1.801000,108.100000,  5.000000,  3.000000,  4.000000,  4.000000,  7.000000,  1.000000,  2.000000,  5.000000,  5.000000,  5.000000,  3.000000,  4.000000, 1, 0, 0
5.000000,  6.336568, 19.210000,  2.320000,  0.932000, 38.200000,  2.000000,  1.000000,  2.000000,  1.000000,  2.000000,  2.000000,  2.000000,  2.000000,  1.000000,  2.000000,  1.000000,  2.000000, 1, 0, 0
4.000000, 10.021211, 13.380000,  1.140000,  0.585000, 31.700000,  2.000000,  2.000000,  0.000000,  1.000000,  1.000000,  2.000000,  2.000000,  1.000000,  1.000000,  2.000000,  2.000000,  0.000000, 0, 1, 0
7.000000, 19.482313, 28.870000,  4.200000,  1.347000, 51.200000,  0.000000,  4.000000,  3.000000,  2.000000,  0.000000,  5.000000,  5.000000,  0.000000,  2.000000,  0.000000,  4.000000,  3.000000, 0, 1, 0
8.000000, 19.427780, 27.990000,  3.880000,  1.286000, 56.700000,  2.000000,  5.000000,  1.000000,  1.000000,  2.000000,  5.000000,  5.000000,  2.000000,  1.000000,  1.000000,  6.000000,  1.000000, 0, 1, 0
3.000000,  6.806043,  7.720000,  1.070000,  0.363000, 21.000000,  2.000000,  1.000000,  0.000000,  0.000000,  2.000000,  1.000000,  1.000000,  2.000000,  0.000000,  1.000000,  2.000000,  0.000000, 0, 1, 0
4.000000, 10.040581, 15.200000, -1.110000,  0.675000, 37.100000,  1.000000,  2.000000,  1.000000,  2.000000,  2.000000,  0.000000,  1.000000,  1.000000,  2.000000,  1.000000,  2.000000,  1.000000, 0, 1, 0
5.000000, 13.684444, 21.790000,  4.590000,  1.033000, 37.200000,  0.000000,  3.000000,  2.000000,  1.000000,  1.000000,  3.000000,  3.000000,  0.000000,  2.000000,  0.000000,  3.000000,  2.000000, 0, 1, 0
4.000000, 10.187298, 10.720000,  2.870000,  0.503000, 27.200000,  2.000000,  2.000000,  0.000000,  0.000000,  2.000000,  2.000000,  2.000000,  2.000000,  0.000000,  1.000000,  3.000000,  0.000000, 0, 1, 0
4.000000,  9.548902, 11.770000,  1.730000,  0.545000, 31.400000,  1.000000,  2.000000,  1.000000,  1.000000,  1.000000,  2.000000,  2.000000,  1.000000,  1.000000,  1.000000,  2.000000,  1.000000, 0, 1, 0
7.000000, 18.375109, 23.590000,  2.320000,  1.105000, 55.300000,  2.000000,  3.000000,  2.000000,  1.000000,  3.000000,  3.000000,  3.000000,  2.000000,  2.000000,  1.000000,  4.000000,  2.000000, 0, 1, 0
11.000000, 31.297031, 34.260000,  1.360000,  1.538000, 90.800000,  4.000000,  5.000000,  2.000000,  3.000000,  3.000000,  5.000000,  5.000000,  3.000000,  3.000000,  4.000000,  5.000000,  2.000000, 0, 1, 0
11.000000, 29.094067, 37.460000,  3.730000,  1.741000, 76.400000,  5.000000,  2.000000,  4.000000,  0.000000,  7.000000,  4.000000,  6.000000,  5.000000,  0.000000,  5.000000,  2.000000,  4.000000, 0, 1, 0
7.000000, 16.601376, 21.220000, -0.270000,  0.961000, 63.300000,  2.000000,  4.000000,  1.000000,  3.000000,  2.000000,  2.000000,  2.000000,  2.000000,  3.000000,  1.000000,  5.000000,  1.000000, 0, 1, 0
3.000000,  7.342906,  8.150000, -2.840000,  0.350000, 28.300000,  2.000000,  1.000000,  0.000000,  1.000000,  2.000000,  0.000000,  0.000000,  2.000000,  1.000000,  2.000000,  1.000000,  0.000000, 0, 1, 0
4.000000, 10.810423,  5.430000, -0.580000,  0.267000, 31.800000,  3.000000,  0.000000,  1.000000,  0.000000,  3.000000,  1.000000,  1.000000,  3.000000,  0.000000,  3.000000,  0.000000,  1.000000, 0, 1, 0
7.000000, 19.839454, 18.730000,  1.230000,  0.865000, 53.500000,  3.000000,  3.000000,  1.000000,  1.000000,  3.000000,  3.000000,  3.000000,  3.000000,  1.000000,  3.000000,  3.000000,  1.000000, 0, 1, 0
6.000000, 14.336181, 15.560000,  1.020000,  0.745000, 44.800000,  3.000000,  2.000000,  1.000000,  1.000000,  2.000000,  3.000000,  3.000000,  2.000000,  1.000000,  2.000000,  3.000000,  1.000000, 0, 1, 0
4.000000,  9.841364,  7.770000, -0.880000,  0.359000, 35.200000,  2.000000,  1.000000,  1.000000,  1.000000,  2.000000,  1.000000,  1.000000,  2.000000,  1.000000,  2.000000,  1.000000,  1.000000, 0, 1, 0
