13338, 13337
13347, 13337
13355, 13337
13363, 13337
13337, 13338
13339, 13338
13346, 13338
13355, 13338
13361, 13338
13363, 13338
13338, 13339
13340, 13339
13349, 13339
13360, 13339
13361, 13339
13339, 13340
13341, 13340
13348, 13340
13359, 13340
13360, 13340
13340, 13341
13342, 13341
13351, 13341
13357, 13341
13358, 13341
13341, 13342
13343, 13342
13350, 13342
13352, 13342
13357, 13342
13342, 13343
13344, 13343
13345, 13343
13351, 13343
13353, 13343
13343, 13344
13345, 13344
13352, 13344
13353, 13344
13354, 13344
13356, 13344
13343, 13345
13344, 13345
13353, 13345
13362, 13345
13338, 13346
13347, 13346
13363, 13346
13337, 13347
13346, 13347
13348, 13347
13369, 13347
13340, 13348
13347, 13348
13349, 13348
13368, 13348
13369, 13348
13339, 13349
13348, 13349
13367, 13349
13368, 13349
13342, 13350
13351, 13350
13365, 13350
13366, 13350
13341, 13351
13343, 13351
13350, 13351
13352, 13351
13365, 13351
13342, 13352
13344, 13352
13351, 13352
13353, 13352
13354, 13352
13343, 13353
13344, 13353
13345, 13353
13352, 13353
13354, 13353
13364, 13353
13344, 13354
13352, 13354
13353, 13354
13370, 13354
13337, 13355
13338, 13355
13344, 13356
13362, 13356
13370, 13356
13341, 13357
13342, 13357
13358, 13357
13366, 13357
13341, 13358
13357, 13358
13359, 13358
13365, 13358
13367, 13358
13340, 13359
13358, 13359
13360, 13359
13366, 13359
13368, 13359
13339, 13360
13340, 13360
13359, 13360
13361, 13360
13367, 13360
13369, 13360
13338, 13361
13339, 13361
13360, 13361
13368, 13361
13345, 13362
13356, 13362
13364, 13362
13370, 13362
13337, 13363
13338, 13363
13346, 13363
13353, 13364
13362, 13364
13370, 13364
13350, 13365
13351, 13365
13358, 13365
13366, 13365
13350, 13366
13357, 13366
13359, 13366
13365, 13366
13367, 13366
13349, 13367
13358, 13367
13360, 13367
13366, 13367
13368, 13367
13348, 13368
13349, 13368
13359, 13368
13361, 13368
13367, 13368
13369, 13368
13347, 13369
13348, 13369
13360, 13369
13368, 13369
13354, 13370
13356, 13370
13362, 13370
13364, 13370
