13067, 13066
13068, 13066
13069, 13066
13076, 13066
13066, 13067
13068, 13067
13069, 13067
13086, 13067
13066, 13068
13067, 13068
13080, 13068
13086, 13068
13066, 13069
13067, 13069
13085, 13069
13071, 13070
13078, 13070
13082, 13070
13083, 13070
13070, 13071
13072, 13071
13077, 13071
13079, 13071
13083, 13071
13071, 13072
13078, 13072
13079, 13072
13084, 13072
13074, 13073
13075, 13073
13076, 13073
13085, 13073
13093, 13073
13073, 13074
13075, 13074
13076, 13074
13094, 13074
13073, 13075
13074, 13075
13088, 13075
13094, 13075
13066, 13076
13073, 13076
13074, 13076
13085, 13076
13093, 13076
13071, 13077
13078, 13077
13090, 13077
13091, 13077
13070, 13078
13072, 13078
13077, 13078
13079, 13078
13091, 13078
13071, 13079
13072, 13079
13078, 13079
13092, 13079
13068, 13080
13081, 13080
13086, 13080
13089, 13080
13094, 13080
13080, 13081
13082, 13081
13088, 13081
13090, 13081
13070, 13082
13081, 13082
13083, 13082
13089, 13082
13091, 13082
13070, 13083
13071, 13083
13082, 13083
13090, 13083
13072, 13084
13087, 13084
13095, 13084
13069, 13085
13073, 13085
13076, 13085
13067, 13086
13068, 13086
13080, 13086
13088, 13086
13084, 13087
13092, 13087
13095, 13087
13075, 13088
13081, 13088
13086, 13088
13089, 13088
13094, 13088
13080, 13089
13082, 13089
13088, 13089
13090, 13089
13077, 13090
13081, 13090
13083, 13090
13089, 13090
13091, 13090
13077, 13091
13078, 13091
13082, 13091
13090, 13091
13079, 13092
13087, 13092
13095, 13092
13073, 13093
13076, 13093
13074, 13094
13075, 13094
13080, 13094
13088, 13094
13084, 13095
13087, 13095
13092, 13095
