4045, 4034
4046, 4034
4047, 4034
4036, 4035
4040, 4035
4042, 4035
4047, 4035
4035, 4036
4037, 4036
4042, 4036
4047, 4036
4036, 4037
4040, 4037
4041, 4037
4042, 4037
4039, 4038
4041, 4038
4043, 4038
4044, 4038
4046, 4038
4047, 4038
4038, 4039
4041, 4039
4043, 4039
4044, 4039
4047, 4039
4035, 4040
4037, 4040
4041, 4040
4042, 4040
4037, 4041
4038, 4041
4039, 4041
4040, 4041
4042, 4041
4035, 4042
4036, 4042
4037, 4042
4040, 4042
4041, 4042
4038, 4043
4039, 4043
4044, 4043
4045, 4043
4046, 4043
4038, 4044
4039, 4044
4043, 4044
4045, 4044
4034, 4045
4043, 4045
4044, 4045
4046, 4045
4047, 4045
4034, 4046
4038, 4046
4043, 4046
4045, 4046
4047, 4046
4034, 4047
4035, 4047
4036, 4047
4038, 4047
4039, 4047
4045, 4047
4046, 4047
