6222, 6221
6224, 6221
6225, 6221
6221, 6222
6223, 6222
6224, 6222
6245, 6222
6222, 6223
6224, 6223
6225, 6223
6226, 6223
6245, 6223
6221, 6224
6222, 6224
6223, 6224
6225, 6224
6226, 6224
6245, 6224
6221, 6225
6223, 6225
6224, 6225
6226, 6225
6223, 6226
6224, 6226
6225, 6226
6227, 6226
6228, 6226
6251, 6226
6226, 6227
6228, 6227
6229, 6227
6250, 6227
6251, 6227
6226, 6228
6227, 6228
6229, 6228
6230, 6228
6227, 6229
6228, 6229
6230, 6229
6250, 6229
6228, 6230
6229, 6230
6231, 6230
6250, 6230
6252, 6230
6230, 6231
6232, 6231
6233, 6231
6252, 6231
6231, 6232
6233, 6232
6253, 6232
6254, 6232
6231, 6233
6232, 6233
6253, 6233
6254, 6233
6235, 6234
6236, 6234
6237, 6234
6254, 6234
6234, 6235
6236, 6235
6237, 6235
6234, 6236
6235, 6236
6237, 6236
6238, 6236
6234, 6237
6235, 6237
6236, 6237
6238, 6237
6248, 6237
6236, 6238
6237, 6238
6239, 6238
6240, 6238
6248, 6238
6249, 6238
6238, 6239
6240, 6239
6241, 6239
6249, 6239
6238, 6240
6239, 6240
6241, 6240
6247, 6240
6239, 6241
6240, 6241
6242, 6241
6246, 6241
6247, 6241
6241, 6242
6243, 6242
6244, 6242
6246, 6242
6242, 6243
6244, 6243
6246, 6243
6242, 6244
6243, 6244
6246, 6244
6222, 6245
6223, 6245
6224, 6245
6241, 6246
6242, 6246
6243, 6246
6244, 6246
6247, 6246
6240, 6247
6241, 6247
6246, 6247
6248, 6247
6249, 6247
6237, 6248
6238, 6248
6247, 6248
6249, 6248
6238, 6249
6239, 6249
6247, 6249
6248, 6249
6227, 6250
6229, 6250
6230, 6250
6251, 6250
6252, 6250
6226, 6251
6227, 6251
6250, 6251
6230, 6252
6231, 6252
6250, 6252
6253, 6252
6232, 6253
6233, 6253
6252, 6253
6254, 6253
6232, 6254
6233, 6254
6234, 6254
6253, 6254
