13.000000, 18.994668, 43.320000,  4.040000,  2.018000, 94.900000,  6.000000,  4.000000,  3.000000,  2.000000,  4.000000,  7.000000,  7.000000,  4.000000,  2.000000,  5.000000,  5.000000,  3.000000, 1, 0, 0
3.000000,  5.400840, 11.550000, -0.310000,  0.510000, 29.200000,  1.000000,  1.000000,  1.000000,  2.000000,  0.000000,  1.000000,  1.000000,  0.000000,  2.000000,  1.000000,  1.000000,  1.000000, 1, 0, 0
5.000000,  5.767303, 23.070000,  1.670000,  1.072000, 41.300000,  1.000000,  2.000000,  2.000000,  2.000000,  0.000000,  3.000000,  3.000000,  0.000000,  2.000000,  1.000000,  2.000000,  2.000000, 1, 0, 0
8.000000, 10.280895, 15.700000, -1.870000,  0.684000, 68.600000,  7.000000,  1.000000,  0.000000,  1.000000,  6.000000,  1.000000,  1.000000,  6.000000,  1.000000,  6.000000,  2.000000,  0.000000, 1, 0, 0
8.000000, 10.998925, 32.790000,  1.330000,  1.488000, 68.900000,  2.000000,  4.000000,  2.000000,  4.000000,  0.000000,  4.000000,  4.000000,  0.000000,  4.000000,  1.000000,  5.000000,  2.000000, 1, 0, 0
14.000000, 19.908632, 39.150000, -1.600000,  1.754000,117.500000,  7.000000,  4.000000,  3.000000,  3.000000,  7.000000,  4.000000,  4.000000,  7.000000,  3.000000,  7.000000,  4.000000,  3.000000, 1, 0, 0
4.000000,  5.411530, 13.430000,  3.300000,  0.639000, 23.600000,  1.000000,  2.000000,  1.000000,  0.000000,  1.000000,  3.000000,  3.000000,  1.000000,  0.000000,  1.000000,  2.000000,  1.000000, 1, 0, 0
6.000000,  9.266180, 21.820000, -1.490000,  0.977000, 50.700000,  2.000000,  3.000000,  1.000000,  2.000000,  2.000000,  2.000000,  2.000000,  2.000000,  2.000000,  2.000000,  3.000000,  1.000000, 1, 0, 0
3.000000,  5.205149, 13.340000, -0.460000,  0.617000, 29.200000,  1.000000,  0.000000,  2.000000,  2.000000,  0.000000,  1.000000,  1.000000,  0.000000,  2.000000,  1.000000,  0.000000,  2.000000, 1, 0, 0
13.000000, 20.531317, 47.100000,  2.510000,  2.188000, 94.600000,  3.000000,  5.000000,  4.000000,  4.000000,  5.000000,  3.000000,  5.000000,  3.000000,  4.000000,  3.000000,  5.000000,  4.000000, 1, 0, 0
3.000000,  5.333754,  7.600000,  0.390000,  0.340000, 21.600000,  2.000000,  1.000000,  0.000000,  0.000000,  2.000000,  1.000000,  1.000000,  2.000000,  0.000000,  2.000000,  1.000000,  0.000000, 1, 0, 0
3.000000,  5.041954, 11.550000, -0.420000,  0.510000, 29.500000,  0.000000,  2.000000,  1.000000,  2.000000,  0.000000,  1.000000,  1.000000,  0.000000,  2.000000,  0.000000,  2.000000,  1.000000, 1, 0, 0
16.000000, 22.700353, 44.360000,  0.460000,  2.023000,135.200000,  8.000000,  6.000000,  2.000000,  4.000000,  9.000000,  3.000000,  4.000000,  7.000000,  5.000000,  8.000000,  6.000000,  2.000000, 1, 0, 0
10.000000, 14.726220, 29.300000, -1.990000,  1.314000, 83.400000,  6.000000,  2.000000,  2.000000,  2.000000,  6.000000,  2.000000,  2.000000,  6.000000,  2.000000,  6.000000,  2.000000,  2.000000, 1, 0, 0
8.000000, 10.508214, 16.980000, -1.370000,  0.739000, 66.100000,  5.000000,  3.000000,  0.000000,  1.000000,  5.000000,  2.000000,  2.000000,  5.000000,  1.000000,  5.000000,  3.000000,  0.000000, 1, 0, 0
6.000000, 10.010473, 21.920000,  0.790000,  1.014000, 46.900000,  3.000000,  1.000000,  2.000000,  1.000000,  4.000000,  1.000000,  2.000000,  3.000000,  1.000000,  2.000000,  2.000000,  2.000000, 1, 0, 0
7.000000, 10.429521, 14.950000,  0.440000,  0.690000, 53.600000,  4.000000,  3.000000,  0.000000,  1.000000,  4.000000,  2.000000,  2.000000,  4.000000,  1.000000,  4.000000,  3.000000,  0.000000, 1, 0, 0
3.000000,  5.501467,  9.500000, -0.100000,  0.422000, 26.200000,  1.000000,  2.000000,  0.000000,  1.000000,  1.000000,  1.000000,  1.000000,  1.000000,  1.000000,  0.000000,  3.000000,  0.000000, 1, 0, 0
11.000000, 15.932417, 41.570000,  1.150000,  1.950000, 89.200000,  3.000000,  4.000000,  4.000000,  4.000000,  3.000000,  4.000000,  4.000000,  3.000000,  4.000000,  2.000000,  5.000000,  4.000000, 1, 0, 0
12.000000, 16.358726, 43.380000, -3.670000,  1.985000,114.300000,  3.000000,  5.000000,  4.000000,  7.000000,  3.000000,  2.000000,  2.000000,  3.000000,  7.000000,  3.000000,  5.000000,  4.000000, 1, 0, 0
3.000000,  6.614930, 13.390000, -0.930000,  0.629000, 29.500000,  1.000000,  0.000000,  2.000000,  1.000000,  2.000000,  0.000000,  0.000000,  1.000000,  2.000000,  1.000000,  0.000000,  2.000000, 0, 1, 0
4.000000, 10.637044, 16.340000,  0.670000,  0.757000, 35.100000,  1.000000,  1.000000,  2.000000,  2.000000,  0.000000,  2.000000,  2.000000,  0.000000,  2.000000,  1.000000,  1.000000,  2.000000, 0, 1, 0
4.000000, 10.061296, 14.000000,  5.880000,  0.652000, 22.200000,  0.000000,  4.000000,  0.000000,  0.000000,  0.000000,  4.000000,  4.000000,  0.000000,  0.000000,  0.000000,  4.000000,  0.000000, 0, 1, 0
4.000000,  9.641418, 12.000000,  4.100000,  0.558000, 24.100000,  1.000000,  3.000000,  0.000000,  0.000000,  1.000000,  3.000000,  3.000000,  1.000000,  0.000000,  1.000000,  3.000000,  0.000000, 0, 1, 0
3.000000,  6.704062, 10.780000,  1.800000,  0.477000, 23.400000,  0.000000,  3.000000,  0.000000,  1.000000,  0.000000,  2.000000,  2.000000,  0.000000,  1.000000,  0.000000,  3.000000,  0.000000, 0, 1, 0
4.000000, 10.014359, 12.920000,  2.280000,  0.620000, 25.800000,  2.000000,  1.000000,  1.000000,  0.000000,  1.000000,  3.000000,  3.000000,  1.000000,  0.000000,  1.000000,  2.000000,  1.000000, 0, 1, 0
5.000000, 13.265451, 14.380000,  3.390000,  0.682000, 34.800000,  1.000000,  4.000000,  0.000000,  1.000000,  0.000000,  4.000000,  4.000000,  0.000000,  1.000000,  0.000000,  5.000000,  0.000000, 0, 1, 0
4.000000, 10.689086,  8.600000,  1.080000,  0.386000, 30.000000,  3.000000,  1.000000,  0.000000,  0.000000,  3.000000,  1.000000,  1.000000,  3.000000,  0.000000,  3.000000,  1.000000,  0.000000, 0, 1, 0
6.000000, 16.586662, 17.320000,  3.910000,  0.797000, 41.000000,  3.000000,  3.000000,  0.000000,  0.000000,  3.000000,  3.000000,  3.000000,  3.000000,  0.000000,  2.000000,  4.000000,  0.000000, 0, 1, 0
5.000000, 13.401965, 21.250000,  3.380000,  0.961000, 34.200000,  0.000000,  4.000000,  1.000000,  1.000000,  1.000000,  3.000000,  4.000000,  0.000000,  1.000000,  0.000000,  4.000000,  1.000000, 0, 1, 0
5.000000, 13.236148,  6.000000, -0.140000,  0.280000, 38.800000,  3.000000,  2.000000,  0.000000,  0.000000,  3.000000,  2.000000,  2.000000,  3.000000,  0.000000,  3.000000,  2.000000,  0.000000, 0, 1, 0
4.000000, 10.210834, 18.080000,  1.740000,  0.848000, 33.100000,  0.000000,  2.000000,  2.000000,  1.000000,  2.000000,  1.000000,  2.000000,  0.000000,  2.000000,  0.000000,  2.000000,  2.000000, 0, 1, 0
4.000000,  9.781665, 21.210000,  3.560000,  1.026000, 26.700000,  0.000000,  2.000000,  2.000000,  1.000000,  0.000000,  3.000000,  3.000000,  0.000000,  1.000000,  0.000000,  2.000000,  2.000000, 0, 1, 0
5.000000, 11.586789, 18.500000, -0.050000,  0.830000, 46.000000,  0.000000,  4.000000,  1.000000,  3.000000,  0.000000,  2.000000,  2.000000,  0.000000,  3.000000,  0.000000,  4.000000,  1.000000, 0, 1, 0
3.000000,  6.668795,  8.730000, -2.220000,  0.377000, 30.900000,  1.000000,  2.000000,  0.000000,  2.000000,  1.000000,  0.000000,  0.000000,  1.000000,  2.000000,  1.000000,  2.000000,  0.000000, 0, 1, 0
6.000000, 16.475947, 27.920000,  5.080000,  1.333000, 38.200000,  1.000000,  2.000000,  3.000000,  1.000000,  1.000000,  4.000000,  5.000000,  0.000000,  1.000000,  0.000000,  3.000000,  3.000000, 0, 1, 0
6.000000, 16.008538, 20.660000,  4.020000,  0.974000, 39.000000,  1.000000,  4.000000,  1.000000,  0.000000,  2.000000,  4.000000,  4.000000,  1.000000,  1.000000,  1.000000,  4.000000,  1.000000, 0, 1, 0
4.000000,  9.901464, 15.430000,  4.410000,  0.733000, 21.400000,  0.000000,  3.000000,  1.000000,  0.000000,  0.000000,  4.000000,  4.000000,  0.000000,  0.000000,  0.000000,  3.000000,  1.000000, 0, 1, 0
5.000000, 13.099465, 24.160000,  3.460000,  1.160000, 38.600000,  0.000000,  3.000000,  2.000000,  2.000000,  0.000000,  3.000000,  3.000000,  0.000000,  2.000000,  0.000000,  3.000000,  2.000000, 0, 1, 0
6.000000, 14.648996, 22.220000,  1.380000,  0.998000, 51.700000,  0.000000,  5.000000,  1.000000,  2.000000,  1.000000,  3.000000,  3.000000,  0.000000,  3.000000,  0.000000,  5.000000,  1.000000, 0, 1, 0
