10340, 10339
10346, 10339
10347, 10339
10339, 10340
10341, 10340
10342, 10340
10355, 10340
10340, 10341
10342, 10341
10346, 10341
10353, 10341
10340, 10342
10341, 10342
10343, 10342
10349, 10342
10353, 10342
10342, 10343
10344, 10343
10348, 10343
10350, 10343
10354, 10343
10343, 10344
10349, 10344
10350, 10344
10354, 10344
10356, 10344
10352, 10345
10357, 10345
10362, 10345
10339, 10346
10341, 10346
10360, 10346
10339, 10347
10348, 10347
10355, 10347
10358, 10347
10360, 10347
10343, 10348
10347, 10348
10349, 10348
10353, 10348
10358, 10348
10342, 10349
10344, 10349
10348, 10349
10350, 10349
10359, 10349
10343, 10350
10344, 10350
10349, 10350
10351, 10350
10359, 10350
10361, 10350
10350, 10351
10356, 10351
10357, 10351
10361, 10351
10362, 10351
10345, 10352
10362, 10352
10341, 10353
10342, 10353
10348, 10353
10355, 10353
10360, 10353
10343, 10354
10344, 10354
10356, 10354
10361, 10354
10340, 10355
10347, 10355
10353, 10355
10358, 10355
10344, 10356
10351, 10356
10354, 10356
10357, 10356
10359, 10356
10345, 10357
10351, 10357
10356, 10357
10362, 10357
10347, 10358
10348, 10358
10355, 10358
10349, 10359
10350, 10359
10356, 10359
10361, 10359
10346, 10360
10347, 10360
10353, 10360
10350, 10361
10351, 10361
10354, 10361
10359, 10361
10345, 10362
10351, 10362
10352, 10362
10357, 10362
