839, 838
857, 838
858, 838
838, 839
840, 839
841, 839
857, 839
858, 839
839, 840
841, 840
842, 840
858, 840
839, 841
840, 841
842, 841
843, 841
858, 841
859, 841
840, 842
841, 842
843, 842
844, 842
859, 842
841, 843
842, 843
844, 843
859, 843
842, 844
843, 844
845, 844
860, 844
844, 845
846, 845
847, 845
860, 845
861, 845
845, 846
847, 846
848, 846
862, 846
863, 846
845, 847
846, 847
848, 847
849, 847
863, 847
846, 848
847, 848
849, 848
864, 848
847, 849
848, 849
850, 849
851, 849
864, 849
849, 850
851, 850
852, 850
864, 850
849, 851
850, 851
852, 851
850, 852
851, 852
865, 852
865, 853
866, 853
867, 853
868, 853
855, 854
856, 854
871, 854
872, 854
854, 855
856, 855
871, 855
854, 856
855, 856
871, 856
875, 856
838, 857
839, 857
858, 857
838, 858
839, 858
840, 858
841, 858
857, 858
859, 858
841, 859
842, 859
843, 859
858, 859
860, 859
844, 860
845, 860
859, 860
861, 860
862, 860
845, 861
860, 861
862, 861
863, 861
846, 862
860, 862
861, 862
863, 862
864, 862
846, 863
847, 863
861, 863
862, 863
864, 863
848, 864
849, 864
850, 864
862, 864
863, 864
852, 865
853, 865
867, 865
868, 865
853, 866
867, 866
868, 866
869, 866
853, 867
865, 867
866, 867
868, 867
853, 868
865, 868
866, 868
867, 868
866, 869
870, 869
876, 869
877, 869
869, 870
876, 870
877, 870
854, 871
855, 871
856, 871
872, 871
873, 871
874, 871
875, 871
854, 872
871, 872
876, 872
877, 872
871, 873
874, 873
875, 873
871, 874
873, 874
875, 874
856, 875
871, 875
873, 875
874, 875
869, 876
870, 876
872, 876
877, 876
869, 877
870, 877
872, 877
876, 877
