17826, 17825
17857, 17825
17858, 17825
17825, 17826
17857, 17826
17858, 17826
17842, 17827
17852, 17827
17854, 17827
17862, 17828
17863, 17828
17864, 17828
17830, 17829
17831, 17829
17838, 17829
17829, 17830
17831, 17830
17865, 17830
17829, 17831
17830, 17831
17865, 17831
17836, 17832
17843, 17832
17846, 17832
17853, 17832
17837, 17833
17847, 17833
17867, 17833
17868, 17833
17844, 17834
17854, 17834
17857, 17834
17858, 17834
17845, 17835
17868, 17835
17869, 17835
17832, 17836
17846, 17836
17866, 17836
17833, 17837
17847, 17837
17866, 17837
17829, 17838
17848, 17838
17863, 17838
17864, 17838
17849, 17839
17861, 17839
17862, 17839
17850, 17840
17855, 17840
17856, 17840
17859, 17840
17860, 17840
17842, 17841
17851, 17841
17852, 17841
17827, 17842
17841, 17842
17851, 17842
17852, 17842
17854, 17842
17832, 17843
17853, 17843
17865, 17843
17834, 17844
17854, 17844
17858, 17844
17835, 17845
17868, 17845
17869, 17845
17832, 17846
17836, 17846
17866, 17846
17833, 17847
17837, 17847
17867, 17847
17868, 17847
17838, 17848
17863, 17848
17864, 17848
17839, 17849
17861, 17849
17862, 17849
17840, 17850
17855, 17850
17856, 17850
17859, 17850
17860, 17850
17841, 17851
17842, 17851
17852, 17851
17855, 17851
17827, 17852
17841, 17852
17842, 17852
17851, 17852
17854, 17852
17832, 17853
17843, 17853
17865, 17853
17827, 17854
17834, 17854
17842, 17854
17844, 17854
17852, 17854
17840, 17855
17850, 17855
17851, 17855
17859, 17855
17840, 17856
17850, 17856
17859, 17856
17860, 17856
17825, 17857
17826, 17857
17834, 17857
17858, 17857
17825, 17858
17826, 17858
17834, 17858
17844, 17858
17857, 17858
17840, 17859
17850, 17859
17855, 17859
17856, 17859
17840, 17860
17850, 17860
17856, 17860
17861, 17860
17839, 17861
17849, 17861
17860, 17861
17828, 17862
17839, 17862
17849, 17862
17828, 17863
17838, 17863
17848, 17863
17864, 17863
17828, 17864
17838, 17864
17848, 17864
17863, 17864
17830, 17865
17831, 17865
17843, 17865
17853, 17865
17836, 17866
17837, 17866
17846, 17866
17833, 17867
17847, 17867
17868, 17867
17833, 17868
17835, 17868
17845, 17868
17847, 17868
17867, 17868
17869, 17868
17835, 17869
17845, 17869
17868, 17869
