5021, 5020
5022, 5020
5035, 5020
5043, 5020
5020, 5021
5022, 5021
5036, 5021
5020, 5022
5021, 5022
5036, 5022
5037, 5022
5024, 5023
5025, 5023
5037, 5023
5038, 5023
5023, 5024
5025, 5024
5038, 5024
5023, 5025
5024, 5025
5038, 5025
5039, 5025
5027, 5026
5028, 5026
5039, 5026
5026, 5027
5028, 5027
5039, 5027
5026, 5028
5027, 5028
5029, 5028
5040, 5028
5028, 5029
5030, 5029
5040, 5029
5029, 5030
5031, 5030
5040, 5030
5030, 5031
5032, 5031
5041, 5031
5031, 5032
5033, 5032
5034, 5032
5041, 5032
5042, 5032
5032, 5033
5034, 5033
5042, 5033
5032, 5034
5033, 5034
5020, 5035
5036, 5035
5043, 5035
5021, 5036
5022, 5036
5035, 5036
5037, 5036
5043, 5036
5022, 5037
5023, 5037
5036, 5037
5038, 5037
5023, 5038
5024, 5038
5025, 5038
5037, 5038
5025, 5039
5026, 5039
5027, 5039
5028, 5040
5029, 5040
5030, 5040
5031, 5041
5032, 5041
5042, 5041
5032, 5042
5033, 5042
5041, 5042
5020, 5043
5035, 5043
5036, 5043
