13902, 13901
13903, 13901
13910, 13901
13901, 13902
13903, 13902
13904, 13902
13909, 13902
13901, 13903
13902, 13903
13904, 13903
13910, 13903
13902, 13904
13903, 13904
13910, 13904
13911, 13904
13912, 13904
13916, 13904
13906, 13905
13907, 13905
13910, 13905
13905, 13906
13907, 13906
13908, 13906
13905, 13907
13906, 13907
13908, 13907
13912, 13907
13906, 13908
13907, 13908
13912, 13908
13920, 13908
13902, 13909
13910, 13909
13911, 13909
13901, 13910
13903, 13910
13904, 13910
13905, 13910
13909, 13910
13911, 13910
13912, 13910
13904, 13911
13909, 13911
13910, 13911
13912, 13911
13904, 13912
13907, 13912
13908, 13912
13910, 13912
13911, 13912
13924, 13912
13914, 13913
13918, 13913
13922, 13913
13913, 13914
13915, 13914
13917, 13914
13919, 13914
13921, 13914
13923, 13914
13914, 13915
13916, 13915
13920, 13915
13924, 13915
13904, 13916
13915, 13916
13924, 13916
13914, 13917
13918, 13917
13913, 13918
13917, 13918
13919, 13918
13914, 13919
13918, 13919
13920, 13919
13908, 13920
13915, 13920
13919, 13920
13924, 13920
13914, 13921
13922, 13921
13913, 13922
13921, 13922
13923, 13922
13914, 13923
13922, 13923
13924, 13923
13912, 13924
13915, 13924
13916, 13924
13920, 13924
13923, 13924
