13818, 13817
13827, 13817
13831, 13817
13817, 13818
13819, 13818
13820, 13818
13821, 13818
13830, 13818
13818, 13819
13820, 13819
13821, 13819
13818, 13820
13819, 13820
13821, 13820
13822, 13820
13818, 13821
13819, 13821
13820, 13821
13822, 13821
13823, 13821
13820, 13822
13821, 13822
13823, 13822
13824, 13822
13825, 13822
13821, 13823
13822, 13823
13824, 13823
13825, 13823
13822, 13824
13823, 13824
13825, 13824
13834, 13824
13822, 13825
13823, 13825
13824, 13825
13829, 13825
13834, 13825
13827, 13826
13830, 13826
13831, 13826
13817, 13827
13826, 13827
13830, 13827
13831, 13827
13829, 13828
13832, 13828
13833, 13828
13834, 13828
13835, 13828
13825, 13829
13828, 13829
13832, 13829
13834, 13829
13818, 13830
13826, 13830
13827, 13830
13831, 13830
13817, 13831
13826, 13831
13827, 13831
13830, 13831
13828, 13832
13829, 13832
13833, 13832
13834, 13832
13835, 13832
13828, 13833
13832, 13833
13835, 13833
13824, 13834
13825, 13834
13828, 13834
13829, 13834
13832, 13834
13828, 13835
13832, 13835
13833, 13835
