7539, 7538
7559, 7538
7560, 7538
7538, 7539
7540, 7539
7560, 7539
7563, 7539
7539, 7540
7541, 7540
7542, 7540
7563, 7540
7540, 7541
7542, 7541
7543, 7541
7544, 7541
7540, 7542
7541, 7542
7543, 7542
7544, 7542
7564, 7542
7541, 7543
7542, 7543
7544, 7543
7541, 7544
7542, 7544
7543, 7544
7564, 7544
7546, 7545
7547, 7545
7548, 7545
7564, 7545
7545, 7546
7547, 7546
7548, 7546
7564, 7546
7545, 7547
7546, 7547
7548, 7547
7549, 7547
7545, 7548
7546, 7548
7547, 7548
7549, 7548
7547, 7549
7548, 7549
7550, 7549
7549, 7550
7551, 7550
7552, 7550
7550, 7551
7552, 7551
7553, 7551
7550, 7552
7551, 7552
7553, 7552
7554, 7552
7551, 7553
7552, 7553
7554, 7553
7552, 7554
7553, 7554
7555, 7554
7562, 7554
7554, 7555
7556, 7555
7557, 7555
7561, 7555
7568, 7555
7555, 7556
7557, 7556
7558, 7556
7555, 7557
7556, 7557
7558, 7557
7566, 7557
7556, 7558
7557, 7558
7566, 7558
7569, 7558
7538, 7559
7560, 7559
7563, 7559
7538, 7560
7539, 7560
7559, 7560
7563, 7560
7555, 7561
7562, 7561
7567, 7561
7568, 7561
7554, 7562
7561, 7562
7567, 7562
7568, 7562
7539, 7563
7540, 7563
7559, 7563
7560, 7563
7542, 7564
7544, 7564
7545, 7564
7546, 7564
7566, 7565
7569, 7565
7570, 7565
7557, 7566
7558, 7566
7565, 7566
7569, 7566
7570, 7566
7561, 7567
7562, 7567
7568, 7567
7555, 7568
7561, 7568
7562, 7568
7567, 7568
7558, 7569
7565, 7569
7566, 7569
7570, 7569
7565, 7570
7566, 7570
7569, 7570
