13567, 13566
13575, 13566
13566, 13567
13568, 13567
13576, 13567
13582, 13567
13567, 13568
13569, 13568
13576, 13568
13577, 13568
13583, 13568
13568, 13569
13570, 13569
13576, 13569
13578, 13569
13569, 13570
13571, 13570
13577, 13570
13570, 13571
13572, 13571
13580, 13571
13571, 13572
13573, 13572
13579, 13572
13581, 13572
13572, 13573
13580, 13573
13581, 13573
13575, 13574
13582, 13574
13584, 13574
13566, 13575
13574, 13575
13582, 13575
13583, 13575
13584, 13575
13567, 13576
13568, 13576
13569, 13576
13577, 13576
13585, 13576
13568, 13577
13570, 13577
13576, 13577
13578, 13577
13569, 13578
13577, 13578
13579, 13578
13572, 13579
13578, 13579
13580, 13579
13571, 13580
13573, 13580
13579, 13580
13581, 13580
13572, 13581
13573, 13581
13580, 13581
13567, 13582
13574, 13582
13575, 13582
13583, 13582
13585, 13582
13568, 13583
13575, 13583
13582, 13583
13584, 13583
13585, 13583
13574, 13584
13575, 13584
13583, 13584
13585, 13584
13576, 13585
13582, 13585
13583, 13585
13584, 13585
