11.000000, 15.086122, 38.940000,  1.110000,  1.756000, 90.600000,  5.000000,  3.000000,  3.000000,  3.000000,  5.000000,  3.000000,  5.000000,  3.000000,  3.000000,  5.000000,  3.000000,  3.000000, 1, 0, 0
7.000000,  9.955014, 20.100000, -2.440000,  0.890000, 64.400000,  3.000000,  3.000000,  1.000000,  3.000000,  3.000000,  1.000000,  1.000000,  3.000000,  3.000000,  3.000000,  3.000000,  1.000000, 1, 0, 0
3.000000,  5.465580,  7.370000, -1.360000,  0.327000, 28.600000,  2.000000,  0.000000,  1.000000,  1.000000,  2.000000,  0.000000,  0.000000,  2.000000,  1.000000,  2.000000,  0.000000,  1.000000, 1, 0, 0
4.000000,  5.478531, 10.780000,  1.250000,  0.477000, 31.900000,  2.000000,  2.000000,  0.000000,  1.000000,  1.000000,  2.000000,  2.000000,  1.000000,  1.000000,  2.000000,  2.000000,  0.000000, 1, 0, 0
11.000000, 15.309817, 38.940000,  1.110000,  1.756000, 90.600000,  5.000000,  3.000000,  3.000000,  3.000000,  5.000000,  3.000000,  5.000000,  3.000000,  3.000000,  5.000000,  3.000000,  3.000000, 1, 0, 0
7.000000,  9.959996, 20.100000, -2.440000,  0.890000, 64.400000,  3.000000,  3.000000,  1.000000,  3.000000,  3.000000,  1.000000,  1.000000,  3.000000,  3.000000,  3.000000,  3.000000,  1.000000, 1, 0, 0
3.000000,  5.415746,  7.370000, -1.360000,  0.327000, 28.600000,  2.000000,  0.000000,  1.000000,  1.000000,  2.000000,  0.000000,  0.000000,  2.000000,  1.000000,  2.000000,  0.000000,  1.000000, 1, 0, 0
4.000000,  5.352925, 10.780000,  1.250000,  0.477000, 31.900000,  2.000000,  2.000000,  0.000000,  1.000000,  1.000000,  2.000000,  2.000000,  1.000000,  1.000000,  2.000000,  2.000000,  0.000000, 1, 0, 0
11.000000, 15.419839, 38.940000,  1.110000,  1.756000, 90.600000,  5.000000,  3.000000,  3.000000,  3.000000,  5.000000,  3.000000,  5.000000,  3.000000,  3.000000,  5.000000,  3.000000,  3.000000, 1, 0, 0
6.000000,  8.631249, 16.100000, -3.580000,  0.704000, 59.500000,  3.000000,  2.000000,  1.000000,  3.000000,  3.000000,  0.000000,  0.000000,  3.000000,  3.000000,  3.000000,  2.000000,  1.000000, 1, 0, 0
3.000000,  5.455338,  7.370000, -1.360000,  0.327000, 28.600000,  2.000000,  0.000000,  1.000000,  1.000000,  2.000000,  0.000000,  0.000000,  2.000000,  1.000000,  2.000000,  0.000000,  1.000000, 1, 0, 0
4.000000,  5.377379, 10.780000,  1.250000,  0.477000, 31.900000,  2.000000,  2.000000,  0.000000,  1.000000,  1.000000,  2.000000,  2.000000,  1.000000,  1.000000,  2.000000,  2.000000,  0.000000, 1, 0, 0
4.000000,  9.452923, 17.500000,  0.210000,  0.804000, 35.600000,  1.000000,  1.000000,  2.000000,  2.000000,  1.000000,  1.000000,  1.000000,  1.000000,  2.000000,  1.000000,  1.000000,  2.000000, 0, 1, 0
4.000000, 10.401023, 17.840000,  1.740000,  0.811000, 31.300000,  1.000000,  1.000000,  2.000000,  1.000000,  2.000000,  1.000000,  2.000000,  1.000000,  1.000000,  1.000000,  1.000000,  2.000000, 0, 1, 0
5.000000, 13.177566, 22.200000,  2.670000,  1.023000, 36.000000,  1.000000,  2.000000,  2.000000,  1.000000,  2.000000,  2.000000,  3.000000,  1.000000,  1.000000,  1.000000,  2.000000,  2.000000, 0, 1, 0
5.000000, 13.761072, 21.770000, -0.870000,  1.002000, 49.300000,  2.000000,  1.000000,  2.000000,  3.000000,  1.000000,  1.000000,  1.000000,  1.000000,  3.000000,  2.000000,  1.000000,  2.000000, 0, 1, 0
5.000000, 10.254876, 12.670000,  0.520000,  0.581000, 41.400000,  3.000000,  1.000000,  1.000000,  1.000000,  2.000000,  2.000000,  2.000000,  2.000000,  1.000000,  3.000000,  1.000000,  1.000000, 0, 1, 0
4.000000,  9.387683, 17.500000,  0.210000,  0.804000, 35.600000,  1.000000,  1.000000,  2.000000,  2.000000,  1.000000,  1.000000,  1.000000,  1.000000,  2.000000,  1.000000,  1.000000,  2.000000, 0, 1, 0
4.000000, 10.447611, 17.840000,  1.740000,  0.811000, 31.300000,  1.000000,  1.000000,  2.000000,  1.000000,  2.000000,  1.000000,  2.000000,  1.000000,  1.000000,  1.000000,  1.000000,  2.000000, 0, 1, 0
5.000000, 13.122927, 22.200000,  2.670000,  1.023000, 36.000000,  1.000000,  2.000000,  2.000000,  1.000000,  2.000000,  2.000000,  3.000000,  1.000000,  1.000000,  1.000000,  2.000000,  2.000000, 0, 1, 0
5.000000, 13.847857, 21.770000, -0.870000,  1.002000, 49.300000,  2.000000,  1.000000,  2.000000,  3.000000,  1.000000,  1.000000,  1.000000,  1.000000,  3.000000,  2.000000,  1.000000,  2.000000, 0, 1, 0
5.000000, 10.329097, 12.670000,  0.520000,  0.581000, 41.400000,  3.000000,  1.000000,  1.000000,  1.000000,  2.000000,  2.000000,  2.000000,  2.000000,  1.000000,  3.000000,  1.000000,  1.000000, 0, 1, 0
4.000000, 10.397733, 17.840000,  1.740000,  0.811000, 31.300000,  1.000000,  1.000000,  2.000000,  1.000000,  2.000000,  1.000000,  2.000000,  1.000000,  1.000000,  1.000000,  1.000000,  2.000000, 0, 1, 0
5.000000, 13.186417, 22.200000,  2.670000,  1.023000, 36.000000,  1.000000,  2.000000,  2.000000,  1.000000,  2.000000,  2.000000,  3.000000,  1.000000,  1.000000,  1.000000,  2.000000,  2.000000, 0, 1, 0
5.000000, 13.769183, 21.770000, -0.870000,  1.002000, 49.300000,  2.000000,  1.000000,  2.000000,  3.000000,  1.000000,  1.000000,  1.000000,  1.000000,  3.000000,  2.000000,  1.000000,  2.000000, 0, 1, 0
5.000000, 10.488965, 12.670000,  0.520000,  0.581000, 41.400000,  3.000000,  1.000000,  1.000000,  1.000000,  2.000000,  2.000000,  2.000000,  2.000000,  1.000000,  3.000000,  1.000000,  1.000000, 0, 1, 0
