11905, 11904
11906, 11904
11907, 11904
11904, 11905
11906, 11905
11907, 11905
11918, 11905
11920, 11905
11904, 11906
11905, 11906
11907, 11906
11908, 11906
11918, 11906
11920, 11906
11904, 11907
11905, 11907
11906, 11907
11908, 11907
11909, 11907
11906, 11908
11907, 11908
11909, 11908
11907, 11909
11908, 11909
11910, 11909
11911, 11909
11912, 11909
11919, 11909
11909, 11910
11911, 11910
11912, 11910
11919, 11910
11909, 11911
11910, 11911
11912, 11911
11909, 11912
11910, 11912
11911, 11912
11913, 11912
11919, 11912
11921, 11912
11912, 11913
11914, 11913
11915, 11913
11921, 11913
11913, 11914
11915, 11914
11916, 11914
11917, 11914
11913, 11915
11914, 11915
11916, 11915
11917, 11915
11922, 11915
11914, 11916
11915, 11916
11917, 11916
11922, 11916
11914, 11917
11915, 11917
11916, 11917
11922, 11917
11905, 11918
11906, 11918
11919, 11918
11920, 11918
11909, 11919
11910, 11919
11912, 11919
11918, 11919
11921, 11919
11905, 11920
11906, 11920
11918, 11920
11912, 11921
11913, 11921
11919, 11921
11922, 11921
11915, 11922
11916, 11922
11917, 11922
11921, 11922
