13301, 13300
13311, 13300
13300, 13301
13319, 13301
13323, 13301
13312, 13302
13326, 13302
13328, 13302
13332, 13302
13304, 13303
13305, 13303
13313, 13303
13326, 13303
13303, 13304
13305, 13304
13327, 13304
13303, 13305
13304, 13305
13306, 13305
13313, 13305
13327, 13305
13329, 13305
13336, 13305
13305, 13306
13307, 13306
13329, 13306
13306, 13307
13308, 13307
13309, 13307
13315, 13307
13307, 13308
13309, 13308
13316, 13308
13318, 13308
13307, 13309
13308, 13309
13317, 13309
13320, 13310
13321, 13310
13300, 13311
13319, 13311
13322, 13311
13330, 13311
13302, 13312
13326, 13312
13328, 13312
13332, 13312
13334, 13312
13303, 13313
13305, 13313
13332, 13313
13333, 13313
13327, 13314
13329, 13314
13333, 13314
13335, 13314
13336, 13314
13307, 13315
13316, 13315
13329, 13315
13335, 13315
13308, 13316
13315, 13316
13317, 13316
13318, 13316
13309, 13317
13316, 13317
13318, 13317
13308, 13318
13316, 13318
13317, 13318
13301, 13319
13311, 13319
13320, 13319
13321, 13319
13322, 13319
13310, 13320
13319, 13320
13321, 13320
13322, 13320
13310, 13321
13319, 13321
13320, 13321
13322, 13321
13311, 13322
13319, 13322
13320, 13322
13321, 13322
13301, 13323
13324, 13323
13325, 13323
13330, 13323
13323, 13324
13325, 13324
13331, 13324
13323, 13325
13324, 13325
13328, 13325
13330, 13325
13334, 13325
13302, 13326
13303, 13326
13312, 13326
13328, 13326
13304, 13327
13305, 13327
13314, 13327
13336, 13327
13302, 13328
13312, 13328
13325, 13328
13326, 13328
13332, 13328
13305, 13329
13306, 13329
13314, 13329
13315, 13329
13335, 13329
13336, 13329
13311, 13330
13323, 13330
13325, 13330
13331, 13330
13324, 13331
13330, 13331
13334, 13331
13302, 13332
13312, 13332
13313, 13332
13328, 13332
13313, 13333
13314, 13333
13336, 13333
13312, 13334
13325, 13334
13331, 13334
13314, 13335
13315, 13335
13329, 13335
13336, 13335
13305, 13336
13314, 13336
13327, 13336
13329, 13336
13333, 13336
13335, 13336
