7415, 7414
7428, 7414
7432, 7414
7414, 7415
7416, 7415
7428, 7415
7430, 7415
7434, 7415
7415, 7416
7417, 7416
7418, 7416
7429, 7416
7431, 7416
7416, 7417
7418, 7417
7419, 7417
7420, 7417
7429, 7417
7416, 7418
7417, 7418
7419, 7418
7420, 7418
7429, 7418
7417, 7419
7418, 7419
7420, 7419
7417, 7420
7418, 7420
7419, 7420
7422, 7421
7428, 7421
7432, 7421
7421, 7422
7430, 7422
7434, 7422
7424, 7423
7425, 7423
7429, 7423
7433, 7423
7435, 7423
7423, 7424
7425, 7424
7426, 7424
7427, 7424
7429, 7424
7433, 7424
7423, 7425
7424, 7425
7426, 7425
7427, 7425
7429, 7425
7433, 7425
7424, 7426
7425, 7426
7427, 7426
7424, 7427
7425, 7427
7426, 7427
7414, 7428
7415, 7428
7421, 7428
7430, 7428
7434, 7428
7416, 7429
7417, 7429
7418, 7429
7423, 7429
7424, 7429
7425, 7429
7431, 7429
7415, 7430
7422, 7430
7428, 7430
7431, 7430
7432, 7430
7435, 7430
7416, 7431
7429, 7431
7430, 7431
7433, 7431
7434, 7431
7435, 7431
7414, 7432
7421, 7432
7430, 7432
7434, 7432
7423, 7433
7424, 7433
7425, 7433
7431, 7433
7415, 7434
7422, 7434
7428, 7434
7431, 7434
7432, 7434
7435, 7434
7423, 7435
7430, 7435
7431, 7435
7434, 7435
