8.000000, 10.779627, 26.880000,  2.850000,  1.193000, 63.100000,  3.000000,  5.000000,  0.000000,  2.000000,  2.000000,  4.000000,  4.000000,  2.000000,  2.000000,  2.000000,  6.000000,  0.000000, 1, 0, 0
4.000000,  5.239545, 17.380000,  2.660000,  0.826000, 29.700000,  1.000000,  1.000000,  2.000000,  1.000000,  1.000000,  2.000000,  2.000000,  1.000000,  1.000000,  0.000000,  2.000000,  2.000000, 1, 0, 0
8.000000, 10.735250, 26.880000,  2.850000,  1.193000, 63.100000,  3.000000,  5.000000,  0.000000,  2.000000,  2.000000,  4.000000,  4.000000,  2.000000,  2.000000,  2.000000,  6.000000,  0.000000, 1, 0, 0
4.000000,  5.173720, 17.380000,  2.660000,  0.826000, 29.700000,  1.000000,  1.000000,  2.000000,  1.000000,  1.000000,  2.000000,  2.000000,  1.000000,  1.000000,  0.000000,  2.000000,  2.000000, 1, 0, 0
3.000000,  5.349547,  0.000000,  0.000000,  0.000000,  0.000000,  0.000000,  0.000000,  0.000000,  0.000000,  0.000000,  0.000000,  0.000000,  0.000000,  0.000000,  0.000000,  0.000000,  0.000000, 1, 0, 0
3.000000,  5.320557,  0.000000,  0.000000,  0.000000,  0.000000,  0.000000,  0.000000,  0.000000,  0.000000,  0.000000,  0.000000,  0.000000,  0.000000,  0.000000,  0.000000,  0.000000,  0.000000, 1, 0, 0
8.000000, 20.208358, 33.780000, -0.520000,  1.471000, 75.500000,  2.000000,  4.000000,  2.000000,  4.000000,  3.000000,  1.000000,  3.000000,  1.000000,  4.000000,  1.000000,  5.000000,  2.000000, 0, 1, 0
8.000000, 17.414228, 22.720000, -1.850000,  0.995000, 74.500000,  3.000000,  5.000000,  0.000000,  4.000000,  1.000000,  3.000000,  3.000000,  1.000000,  4.000000,  2.000000,  6.000000,  0.000000, 0, 1, 0
4.000000,  9.686450,  8.560000, -1.250000,  0.419000, 34.000000,  3.000000,  0.000000,  1.000000,  1.000000,  2.000000,  1.000000,  1.000000,  2.000000,  1.000000,  2.000000,  1.000000,  1.000000, 0, 1, 0
12.000000, 31.546132, 38.520000, -3.080000,  1.790000,111.500000,  4.000000,  4.000000,  4.000000,  4.000000,  6.000000,  2.000000,  2.000000,  4.000000,  6.000000,  3.000000,  5.000000,  4.000000, 0, 1, 0
11.000000, 30.581885, 37.530000, -3.150000,  1.725000,100.300000,  4.000000,  2.000000,  4.000000,  7.000000,  1.000000,  2.000000,  2.000000,  1.000000,  7.000000,  1.000000,  5.000000,  4.000000, 0, 1, 0
7.000000, 18.052504, 29.540000,  3.330000,  1.393000, 51.400000,  1.000000,  3.000000,  3.000000,  2.000000,  1.000000,  4.000000,  4.000000,  1.000000,  2.000000,  1.000000,  3.000000,  3.000000, 0, 1, 0
6.000000, 16.439418,  0.000000,  0.000000,  0.000000,  0.000000,  0.000000,  0.000000,  0.000000,  0.000000,  0.000000,  0.000000,  0.000000,  0.000000,  0.000000,  0.000000,  0.000000,  0.000000, 0, 1, 0
8.000000, 20.284327, 33.780000, -0.520000,  1.471000, 75.500000,  2.000000,  4.000000,  2.000000,  4.000000,  3.000000,  1.000000,  3.000000,  1.000000,  4.000000,  1.000000,  5.000000,  2.000000, 0, 1, 0
8.000000, 17.412793, 22.720000, -1.850000,  0.995000, 74.500000,  3.000000,  5.000000,  0.000000,  4.000000,  1.000000,  3.000000,  3.000000,  1.000000,  4.000000,  2.000000,  6.000000,  0.000000, 0, 1, 0
3.000000,  6.796771,  2.430000, -0.830000,  0.128000, 23.500000,  3.000000,  0.000000,  0.000000,  0.000000,  2.000000,  1.000000,  1.000000,  2.000000,  0.000000,  2.000000,  1.000000,  0.000000, 0, 1, 0
11.000000, 29.178496, 36.920000, -2.110000,  1.728000,102.300000,  3.000000,  4.000000,  4.000000,  4.000000,  5.000000,  2.000000,  2.000000,  3.000000,  6.000000,  2.000000,  5.000000,  4.000000, 0, 1, 0
11.000000, 30.129101, 37.530000, -3.150000,  1.725000,100.300000,  4.000000,  2.000000,  4.000000,  7.000000,  1.000000,  2.000000,  2.000000,  1.000000,  7.000000,  1.000000,  5.000000,  4.000000, 0, 1, 0
5.000000, 12.745106,  0.000000,  0.000000,  0.000000,  0.000000,  0.000000,  0.000000,  0.000000,  0.000000,  0.000000,  0.000000,  0.000000,  0.000000,  0.000000,  0.000000,  0.000000,  0.000000, 0, 1, 0
11.000000, 33.251413,  0.000000,  0.000000,  0.000000,  0.000000,  0.000000,  0.000000,  0.000000,  0.000000,  0.000000,  0.000000,  0.000000,  0.000000,  0.000000,  0.000000,  0.000000,  0.000000, 0, 1, 0
9.000000, 26.422422,  0.000000,  0.000000,  0.000000,  0.000000,  0.000000,  0.000000,  0.000000,  0.000000,  0.000000,  0.000000,  0.000000,  0.000000,  0.000000,  0.000000,  0.000000,  0.000000, 0, 1, 0
4.000000, 10.433330,  0.000000,  0.000000,  0.000000,  0.000000,  0.000000,  0.000000,  0.000000,  0.000000,  0.000000,  0.000000,  0.000000,  0.000000,  0.000000,  0.000000,  0.000000,  0.000000, 0, 1, 0
3.000000,  6.703245,  0.000000,  0.000000,  0.000000,  0.000000,  0.000000,  0.000000,  0.000000,  0.000000,  0.000000,  0.000000,  0.000000,  0.000000,  0.000000,  0.000000,  0.000000,  0.000000, 0, 1, 0
3.000000,  6.758510,  0.000000,  0.000000,  0.000000,  0.000000,  0.000000,  0.000000,  0.000000,  0.000000,  0.000000,  0.000000,  0.000000,  0.000000,  0.000000,  0.000000,  0.000000,  0.000000, 0, 1, 0
4.000000,  9.880640,  0.000000,  0.000000,  0.000000,  0.000000,  0.000000,  0.000000,  0.000000,  0.000000,  0.000000,  0.000000,  0.000000,  0.000000,  0.000000,  0.000000,  0.000000,  0.000000, 0, 1, 0
4.000000, 10.110154,  0.000000,  0.000000,  0.000000,  0.000000,  0.000000,  0.000000,  0.000000,  0.000000,  0.000000,  0.000000,  0.000000,  0.000000,  0.000000,  0.000000,  0.000000,  0.000000, 0, 1, 0
7.000000, 18.048922, 29.540000,  3.330000,  1.393000, 51.400000,  1.000000,  3.000000,  3.000000,  2.000000,  1.000000,  4.000000,  4.000000,  1.000000,  2.000000,  1.000000,  3.000000,  3.000000, 0, 1, 0
6.000000, 16.670842,  0.000000,  0.000000,  0.000000,  0.000000,  0.000000,  0.000000,  0.000000,  0.000000,  0.000000,  0.000000,  0.000000,  0.000000,  0.000000,  0.000000,  0.000000,  0.000000, 0, 1, 0
5.000000, 12.903209,  0.000000,  0.000000,  0.000000,  0.000000,  0.000000,  0.000000,  0.000000,  0.000000,  0.000000,  0.000000,  0.000000,  0.000000,  0.000000,  0.000000,  0.000000,  0.000000, 0, 1, 0
11.000000, 33.298789,  0.000000,  0.000000,  0.000000,  0.000000,  0.000000,  0.000000,  0.000000,  0.000000,  0.000000,  0.000000,  0.000000,  0.000000,  0.000000,  0.000000,  0.000000,  0.000000, 0, 1, 0
8.000000, 22.957562,  0.000000,  0.000000,  0.000000,  0.000000,  0.000000,  0.000000,  0.000000,  0.000000,  0.000000,  0.000000,  0.000000,  0.000000,  0.000000,  0.000000,  0.000000,  0.000000, 0, 1, 0
5.000000, 13.683916,  0.000000,  0.000000,  0.000000,  0.000000,  0.000000,  0.000000,  0.000000,  0.000000,  0.000000,  0.000000,  0.000000,  0.000000,  0.000000,  0.000000,  0.000000,  0.000000, 0, 1, 0
3.000000,  6.280777,  0.000000,  0.000000,  0.000000,  0.000000,  0.000000,  0.000000,  0.000000,  0.000000,  0.000000,  0.000000,  0.000000,  0.000000,  0.000000,  0.000000,  0.000000,  0.000000, 0, 1, 0
3.000000,  6.674963,  0.000000,  0.000000,  0.000000,  0.000000,  0.000000,  0.000000,  0.000000,  0.000000,  0.000000,  0.000000,  0.000000,  0.000000,  0.000000,  0.000000,  0.000000,  0.000000, 0, 1, 0
4.000000,  9.806817,  0.000000,  0.000000,  0.000000,  0.000000,  0.000000,  0.000000,  0.000000,  0.000000,  0.000000,  0.000000,  0.000000,  0.000000,  0.000000,  0.000000,  0.000000,  0.000000, 0, 1, 0
4.000000, 10.168042,  0.000000,  0.000000,  0.000000,  0.000000,  0.000000,  0.000000,  0.000000,  0.000000,  0.000000,  0.000000,  0.000000,  0.000000,  0.000000,  0.000000,  0.000000,  0.000000, 0, 1, 0
