11825, 11824
11842, 11824
11847, 11824
11824, 11825
11826, 11825
11834, 11825
11840, 11825
11845, 11825
11825, 11826
11833, 11826
11841, 11826
11828, 11827
11836, 11827
11841, 11827
11827, 11828
11835, 11828
11843, 11828
11830, 11829
11835, 11829
11836, 11829
11843, 11829
11829, 11830
11831, 11830
11844, 11830
11830, 11831
11838, 11831
11839, 11831
11844, 11831
11849, 11831
11833, 11832
11840, 11832
11842, 11832
11845, 11832
11847, 11832
11826, 11833
11832, 11833
11834, 11833
11845, 11833
11825, 11834
11833, 11834
11846, 11834
11828, 11835
11829, 11835
11836, 11835
11846, 11835
11827, 11836
11829, 11836
11835, 11836
11848, 11836
11838, 11837
11843, 11837
11848, 11837
11831, 11838
11837, 11838
11849, 11838
11831, 11839
11849, 11839
11825, 11840
11832, 11840
11842, 11840
11826, 11841
11827, 11841
11843, 11841
11848, 11841
11824, 11842
11832, 11842
11840, 11842
11828, 11843
11829, 11843
11837, 11843
11841, 11843
11846, 11843
11830, 11844
11831, 11844
11849, 11844
11825, 11845
11832, 11845
11833, 11845
11834, 11846
11835, 11846
11843, 11846
11848, 11846
11824, 11847
11832, 11847
11836, 11848
11837, 11848
11841, 11848
11846, 11848
11831, 11849
11838, 11849
11839, 11849
11844, 11849
