4318, 4317
4319, 4317
4320, 4317
4317, 4318
4319, 4318
4320, 4318
4326, 4318
4328, 4318
4317, 4319
4318, 4319
4320, 4319
4325, 4319
4327, 4319
4317, 4320
4318, 4320
4319, 4320
4322, 4320
4325, 4320
4323, 4321
4324, 4321
4328, 4321
4329, 4321
4320, 4322
4325, 4322
4326, 4322
4327, 4322
4321, 4323
4324, 4323
4329, 4323
4321, 4324
4323, 4324
4329, 4324
4319, 4325
4320, 4325
4322, 4325
4326, 4325
4327, 4325
4318, 4326
4322, 4326
4325, 4326
4327, 4326
4328, 4326
4319, 4327
4322, 4327
4325, 4327
4326, 4327
4328, 4327
4318, 4328
4321, 4328
4326, 4328
4327, 4328
4329, 4328
4321, 4329
4323, 4329
4324, 4329
4328, 4329
