7937, 7929
7941, 7929
7942, 7929
7943, 7929
7944, 7929
7931, 7930
7934, 7930
7938, 7930
7939, 7930
7930, 7931
7938, 7931
7939, 7931
7934, 7932
7937, 7932
7939, 7932
7940, 7932
7936, 7933
7943, 7933
7944, 7933
7930, 7934
7932, 7934
7939, 7934
7940, 7934
7936, 7935
7945, 7935
7946, 7935
7933, 7936
7935, 7936
7945, 7936
7946, 7936
7929, 7937
7932, 7937
7941, 7937
7942, 7937
7930, 7938
7931, 7938
7939, 7938
7930, 7939
7931, 7939
7932, 7939
7934, 7939
7938, 7939
7940, 7939
7932, 7940
7934, 7940
7939, 7940
7929, 7941
7937, 7941
7942, 7941
7929, 7942
7937, 7942
7941, 7942
7943, 7942
7929, 7943
7933, 7943
7942, 7943
7944, 7943
7929, 7944
7933, 7944
7943, 7944
7935, 7945
7936, 7945
7946, 7945
7935, 7946
7936, 7946
7945, 7946
