12203, 12202
12207, 12202
12208, 12202
12202, 12203
12204, 12203
12215, 12203
12218, 12203
12203, 12204
12213, 12204
12217, 12204
12223, 12205
12225, 12205
12227, 12205
12207, 12206
12208, 12206
12234, 12206
12237, 12206
12202, 12207
12206, 12207
12208, 12207
12235, 12207
12202, 12208
12206, 12208
12207, 12208
12231, 12208
12211, 12209
12216, 12209
12231, 12209
12211, 12210
12214, 12210
12215, 12210
12216, 12210
12209, 12211
12210, 12211
12216, 12211
12231, 12211
12213, 12212
12217, 12212
12219, 12212
12204, 12213
12212, 12213
12217, 12213
12218, 12213
12210, 12214
12215, 12214
12216, 12214
12203, 12215
12210, 12215
12214, 12215
12217, 12215
12218, 12215
12209, 12216
12210, 12216
12211, 12216
12214, 12216
12204, 12217
12212, 12217
12213, 12217
12215, 12217
12218, 12217
12203, 12218
12213, 12218
12215, 12218
12217, 12218
12212, 12219
12221, 12219
12226, 12219
12221, 12220
12224, 12220
12225, 12220
12226, 12220
12219, 12221
12220, 12221
12224, 12221
12226, 12221
12223, 12222
12225, 12222
12227, 12222
12205, 12223
12222, 12223
12225, 12223
12227, 12223
12220, 12224
12221, 12224
12225, 12224
12226, 12224
12205, 12225
12220, 12225
12222, 12225
12223, 12225
12224, 12225
12227, 12225
12219, 12226
12220, 12226
12221, 12226
12224, 12226
12205, 12227
12222, 12227
12223, 12227
12225, 12227
12229, 12228
12230, 12228
12232, 12228
12228, 12229
12230, 12229
12232, 12229
12228, 12230
12229, 12230
12232, 12230
12208, 12231
12209, 12231
12211, 12231
12235, 12231
12228, 12232
12229, 12232
12230, 12232
12233, 12232
12236, 12232
12232, 12233
12236, 12233
12237, 12233
12206, 12234
12235, 12234
12236, 12234
12237, 12234
12207, 12235
12231, 12235
12234, 12235
12236, 12235
12237, 12235
12232, 12236
12233, 12236
12234, 12236
12235, 12236
12237, 12236
12206, 12237
12233, 12237
12234, 12237
12235, 12237
12236, 12237
