7462, 7454
7463, 7454
7467, 7454
7456, 7455
7465, 7455
7466, 7455
7470, 7455
7471, 7455
7455, 7456
7457, 7456
7459, 7456
7461, 7456
7464, 7456
7466, 7456
7471, 7456
7456, 7457
7460, 7457
7461, 7457
7464, 7457
7459, 7458
7462, 7458
7467, 7458
7470, 7458
7456, 7459
7458, 7459
7460, 7459
7461, 7459
7470, 7459
7471, 7459
7457, 7460
7459, 7460
7461, 7460
7469, 7460
7471, 7460
7456, 7461
7457, 7461
7459, 7461
7460, 7461
7469, 7461
7454, 7462
7458, 7462
7463, 7462
7465, 7462
7468, 7462
7454, 7463
7462, 7463
7467, 7463
7456, 7464
7457, 7464
7466, 7464
7471, 7464
7455, 7465
7462, 7465
7466, 7465
7455, 7466
7456, 7466
7464, 7466
7465, 7466
7469, 7466
7470, 7466
7471, 7466
7454, 7467
7458, 7467
7463, 7467
7468, 7467
7462, 7468
7467, 7468
7460, 7469
7461, 7469
7466, 7469
7471, 7469
7455, 7470
7458, 7470
7459, 7470
7466, 7470
7455, 7471
7456, 7471
7459, 7471
7460, 7471
7464, 7471
7466, 7471
7469, 7471
