15.000000, 21.598311, 65.950000,  1.490000,  3.065000,122.400000,  2.000000,  8.000000,  5.000000,  7.000000,  2.000000,  6.000000,  6.000000,  2.000000,  7.000000,  1.000000,  9.000000,  5.000000, 1, 0, 0
15.000000, 21.410779, 48.760000, -1.410000,  2.235000,142.000000,  6.000000,  3.000000,  6.000000,  6.000000,  6.000000,  3.000000,  3.000000,  4.000000,  8.000000,  6.000000,  3.000000,  6.000000, 1, 0, 0
5.000000,  7.484192, 19.940000,  0.390000,  0.956000, 41.000000,  1.000000,  2.000000,  2.000000,  2.000000,  1.000000,  2.000000,  2.000000,  1.000000,  2.000000,  0.000000,  3.000000,  2.000000, 1, 0, 0
8.000000, 11.332269, 33.010000, -0.840000,  1.499000, 73.500000,  3.000000,  2.000000,  3.000000,  4.000000,  3.000000,  1.000000,  2.000000,  2.000000,  4.000000,  2.000000,  3.000000,  3.000000, 1, 0, 0
12.000000, 16.815123, 45.940000, -4.150000,  2.058000,116.700000,  3.000000,  6.000000,  3.000000,  8.000000,  1.000000,  3.000000,  3.000000,  1.000000,  8.000000,  2.000000,  7.000000,  3.000000, 1, 0, 0
6.000000,  8.472211, 23.620000,  1.530000,  1.056000, 50.100000,  1.000000,  3.000000,  2.000000,  2.000000,  2.000000,  2.000000,  3.000000,  1.000000,  2.000000,  1.000000,  3.000000,  2.000000, 1, 0, 0
5.000000,  6.397782, 12.630000, -0.400000,  0.577000, 37.400000,  3.000000,  1.000000,  1.000000,  0.000000,  3.000000,  2.000000,  2.000000,  3.000000,  0.000000,  3.000000,  1.000000,  1.000000, 1, 0, 0
6.000000,  9.120348, 16.510000, -2.170000,  0.736000, 54.000000,  3.000000,  2.000000,  1.000000,  2.000000,  3.000000,  1.000000,  1.000000,  3.000000,  2.000000,  3.000000,  2.000000,  1.000000, 1, 0, 0
18.000000, 25.158237, 61.040000,  3.430000,  2.844000,142.400000,  5.000000,  8.000000,  5.000000,  4.000000,  6.000000,  8.000000,  8.000000,  5.000000,  5.000000,  5.000000,  8.000000,  5.000000, 1, 0, 0
16.000000, 22.704133, 56.110000,  2.700000,  2.602000,131.500000,  5.000000,  6.000000,  5.000000,  6.000000,  3.000000,  7.000000,  7.000000,  3.000000,  6.000000,  5.000000,  6.000000,  5.000000, 1, 0, 0
7.000000, 11.126046, 22.750000, -1.680000,  1.033000, 60.600000,  3.000000,  2.000000,  2.000000,  2.000000,  4.000000,  1.000000,  2.000000,  3.000000,  2.000000,  3.000000,  2.000000,  2.000000, 1, 0, 0
8.000000, 10.183870, 27.230000, -1.990000,  1.227000, 74.600000,  3.000000,  3.000000,  2.000000,  4.000000,  3.000000,  1.000000,  1.000000,  3.000000,  4.000000,  3.000000,  3.000000,  2.000000, 1, 0, 0
16.000000, 22.851707, 49.660000,  1.720000,  2.252000,129.700000,  7.000000,  6.000000,  3.000000,  4.000000,  7.000000,  5.000000,  6.000000,  6.000000,  4.000000,  6.000000,  7.000000,  3.000000, 1, 0, 0
17.000000, 24.974538, 52.170000, -2.420000,  2.280000,156.400000,  6.000000, 10.000000,  1.000000,  8.000000,  4.000000,  5.000000,  5.000000,  4.000000,  8.000000,  6.000000, 10.000000,  1.000000, 1, 0, 0
16.000000, 22.921179, 65.950000,  0.690000,  3.065000,131.400000,  3.000000,  8.000000,  5.000000,  7.000000,  3.000000,  6.000000,  6.000000,  3.000000,  7.000000,  2.000000,  9.000000,  5.000000, 1, 0, 0
15.000000, 21.727947, 48.760000, -1.410000,  2.235000,142.000000,  6.000000,  3.000000,  6.000000,  6.000000,  6.000000,  3.000000,  3.000000,  4.000000,  8.000000,  6.000000,  3.000000,  6.000000, 1, 0, 0
5.000000,  7.331721, 19.940000,  0.390000,  0.956000, 41.000000,  1.000000,  2.000000,  2.000000,  2.000000,  1.000000,  2.000000,  2.000000,  1.000000,  2.000000,  0.000000,  3.000000,  2.000000, 1, 0, 0
7.000000, 10.162782, 26.540000, -1.950000,  1.201000, 67.300000,  3.000000,  2.000000,  2.000000,  4.000000,  2.000000,  1.000000,  1.000000,  2.000000,  4.000000,  2.000000,  3.000000,  2.000000, 1, 0, 0
12.000000, 17.030022, 45.940000, -4.150000,  2.058000,116.700000,  3.000000,  6.000000,  3.000000,  8.000000,  1.000000,  3.000000,  3.000000,  1.000000,  8.000000,  2.000000,  7.000000,  3.000000, 1, 0, 0
6.000000,  8.477169, 23.620000,  1.530000,  1.056000, 50.100000,  1.000000,  3.000000,  2.000000,  2.000000,  2.000000,  2.000000,  3.000000,  1.000000,  2.000000,  1.000000,  3.000000,  2.000000, 1, 0, 0
6.000000,  9.223322, 16.510000, -2.170000,  0.736000, 54.000000,  3.000000,  2.000000,  1.000000,  2.000000,  3.000000,  1.000000,  1.000000,  3.000000,  2.000000,  3.000000,  2.000000,  1.000000, 1, 0, 0
18.000000, 25.223439, 61.040000,  3.430000,  2.844000,142.400000,  5.000000,  8.000000,  5.000000,  4.000000,  6.000000,  8.000000,  8.000000,  5.000000,  5.000000,  5.000000,  8.000000,  5.000000, 1, 0, 0
16.000000, 22.547263, 56.110000,  2.700000,  2.602000,131.500000,  5.000000,  6.000000,  5.000000,  6.000000,  3.000000,  7.000000,  7.000000,  3.000000,  6.000000,  5.000000,  6.000000,  5.000000, 1, 0, 0
7.000000, 10.567728, 22.750000, -1.680000,  1.033000, 60.600000,  3.000000,  2.000000,  2.000000,  2.000000,  4.000000,  1.000000,  2.000000,  3.000000,  2.000000,  3.000000,  2.000000,  2.000000, 1, 0, 0
8.000000, 10.251954, 27.230000, -1.990000,  1.227000, 74.600000,  3.000000,  3.000000,  2.000000,  4.000000,  3.000000,  1.000000,  1.000000,  3.000000,  4.000000,  3.000000,  3.000000,  2.000000, 1, 0, 0
17.000000, 25.315676, 49.660000,  0.920000,  2.252000,138.700000,  8.000000,  6.000000,  3.000000,  4.000000,  8.000000,  5.000000,  6.000000,  7.000000,  4.000000,  7.000000,  7.000000,  3.000000, 1, 0, 0
17.000000, 24.614281, 52.170000, -2.420000,  2.280000,156.400000,  6.000000, 10.000000,  1.000000,  8.000000,  4.000000,  5.000000,  5.000000,  4.000000,  8.000000,  6.000000, 10.000000,  1.000000, 1, 0, 0
3.000000,  6.236691, 12.000000,  4.760000,  0.558000, 15.300000,  0.000000,  3.000000,  0.000000,  0.000000,  0.000000,  3.000000,  3.000000,  0.000000,  0.000000,  0.000000,  3.000000,  0.000000, 0, 1, 0
3.000000,  6.464294, 12.890000,  3.620000,  0.616000, 16.000000,  0.000000,  2.000000,  1.000000,  0.000000,  0.000000,  3.000000,  3.000000,  0.000000,  0.000000,  0.000000,  2.000000,  1.000000, 0, 1, 0
6.000000, 16.488127, 17.600000,  5.360000,  0.808000, 38.000000,  1.000000,  5.000000,  0.000000,  0.000000,  1.000000,  5.000000,  5.000000,  1.000000,  0.000000,  1.000000,  5.000000,  0.000000, 0, 1, 0
6.000000, 16.111405, 16.320000,  2.560000,  0.751000, 41.400000,  3.000000,  3.000000,  0.000000,  0.000000,  3.000000,  3.000000,  3.000000,  3.000000,  0.000000,  2.000000,  4.000000,  0.000000, 0, 1, 0
5.000000, 13.503887, 13.320000,  3.150000,  0.650000, 33.000000,  3.000000,  1.000000,  1.000000,  0.000000,  2.000000,  3.000000,  3.000000,  2.000000,  0.000000,  2.000000,  2.000000,  1.000000, 0, 1, 0
5.000000, 12.341565, 13.780000,  2.130000,  0.617000, 38.300000,  1.000000,  4.000000,  0.000000,  1.000000,  1.000000,  3.000000,  3.000000,  1.000000,  1.000000,  1.000000,  4.000000,  0.000000, 0, 1, 0
3.000000,  6.558107, 12.250000,  1.200000,  0.543000, 25.100000,  1.000000,  1.000000,  1.000000,  1.000000,  1.000000,  1.000000,  2.000000,  0.000000,  1.000000,  1.000000,  1.000000,  1.000000, 0, 1, 0
3.000000,  6.592634, 12.250000,  1.200000,  0.543000, 25.100000,  1.000000,  1.000000,  1.000000,  1.000000,  1.000000,  1.000000,  2.000000,  0.000000,  1.000000,  1.000000,  1.000000,  1.000000, 0, 1, 0
9.000000, 25.367558, 33.550000, -1.420000,  1.495000, 89.000000,  4.000000,  3.000000,  2.000000,  6.000000,  1.000000,  2.000000,  2.000000,  1.000000,  6.000000,  4.000000,  3.000000,  2.000000, 0, 1, 0
10.000000, 29.090724, 35.210000,  7.700000,  1.676000, 67.000000,  3.000000,  5.000000,  2.000000,  1.000000,  3.000000,  6.000000,  6.000000,  3.000000,  1.000000,  3.000000,  5.000000,  2.000000, 0, 1, 0
10.000000, 29.701430, 36.840000,  1.320000,  1.679000, 88.500000,  2.000000,  5.000000,  3.000000,  5.000000,  1.000000,  4.000000,  4.000000,  1.000000,  5.000000,  2.000000,  5.000000,  3.000000, 0, 1, 0
3.000000,  6.342696, 12.000000,  4.760000,  0.558000, 15.300000,  0.000000,  3.000000,  0.000000,  0.000000,  0.000000,  3.000000,  3.000000,  0.000000,  0.000000,  0.000000,  3.000000,  0.000000, 0, 1, 0
3.000000,  6.551529, 12.890000,  3.620000,  0.616000, 16.000000,  0.000000,  2.000000,  1.000000,  0.000000,  0.000000,  3.000000,  3.000000,  0.000000,  0.000000,  0.000000,  2.000000,  1.000000, 0, 1, 0
6.000000, 16.518370, 17.600000,  5.360000,  0.808000, 38.000000,  1.000000,  5.000000,  0.000000,  0.000000,  1.000000,  5.000000,  5.000000,  1.000000,  0.000000,  1.000000,  5.000000,  0.000000, 0, 1, 0
6.000000, 16.057611, 16.320000,  2.560000,  0.751000, 41.400000,  3.000000,  3.000000,  0.000000,  0.000000,  3.000000,  3.000000,  3.000000,  3.000000,  0.000000,  2.000000,  4.000000,  0.000000, 0, 1, 0
5.000000, 13.500727, 13.320000,  3.150000,  0.650000, 33.000000,  3.000000,  1.000000,  1.000000,  0.000000,  2.000000,  3.000000,  3.000000,  2.000000,  0.000000,  2.000000,  2.000000,  1.000000, 0, 1, 0
5.000000, 12.535437, 13.780000,  2.130000,  0.617000, 38.300000,  1.000000,  4.000000,  0.000000,  1.000000,  1.000000,  3.000000,  3.000000,  1.000000,  1.000000,  1.000000,  4.000000,  0.000000, 0, 1, 0
9.000000, 25.544490, 33.550000, -1.420000,  1.495000, 89.000000,  4.000000,  3.000000,  2.000000,  6.000000,  1.000000,  2.000000,  2.000000,  1.000000,  6.000000,  4.000000,  3.000000,  2.000000, 0, 1, 0
10.000000, 28.973337, 35.210000,  7.700000,  1.676000, 67.000000,  3.000000,  5.000000,  2.000000,  1.000000,  3.000000,  6.000000,  6.000000,  3.000000,  1.000000,  3.000000,  5.000000,  2.000000, 0, 1, 0
10.000000, 30.307794, 36.840000,  1.320000,  1.679000, 88.500000,  2.000000,  5.000000,  3.000000,  5.000000,  1.000000,  4.000000,  4.000000,  1.000000,  5.000000,  2.000000,  5.000000,  3.000000, 0, 1, 0
