12335, 12334
12354, 12334
12355, 12334
12356, 12334
12334, 12335
12336, 12335
12354, 12335
12335, 12336
12354, 12336
12357, 12336
12358, 12336
12338, 12337
12358, 12337
12359, 12337
12337, 12338
12362, 12338
12363, 12338
12364, 12338
12360, 12339
12362, 12339
12363, 12339
12341, 12340
12342, 12340
12360, 12340
12361, 12340
12340, 12341
12342, 12341
12361, 12341
12340, 12342
12341, 12342
12343, 12342
12361, 12342
12342, 12343
12344, 12343
12365, 12343
12366, 12343
12343, 12344
12365, 12344
12366, 12344
12346, 12345
12347, 12345
12366, 12345
12345, 12346
12347, 12346
12366, 12346
12345, 12347
12346, 12347
12348, 12347
12347, 12348
12349, 12348
12350, 12348
12351, 12348
12348, 12349
12350, 12349
12351, 12349
12348, 12350
12349, 12350
12351, 12350
12348, 12351
12349, 12351
12350, 12351
12353, 12352
12355, 12352
12356, 12352
12352, 12353
12355, 12353
12356, 12353
12334, 12354
12335, 12354
12336, 12354
12356, 12354
12334, 12355
12352, 12355
12353, 12355
12356, 12355
12334, 12356
12352, 12356
12353, 12356
12354, 12356
12355, 12356
12336, 12357
12358, 12357
12359, 12357
12336, 12358
12337, 12358
12357, 12358
12359, 12358
12337, 12359
12357, 12359
12358, 12359
12339, 12360
12340, 12360
12361, 12360
12340, 12361
12341, 12361
12342, 12361
12360, 12361
12338, 12362
12339, 12362
12363, 12362
12364, 12362
12338, 12363
12339, 12363
12362, 12363
12364, 12363
12338, 12364
12362, 12364
12363, 12364
12343, 12365
12344, 12365
12366, 12365
12343, 12366
12344, 12366
12345, 12366
12346, 12366
12365, 12366
