18158, 18157
18166, 18157
18168, 18157
18157, 18158
18166, 18158
18168, 18158
18160, 18159
18172, 18159
18177, 18159
18159, 18160
18172, 18160
18174, 18160
18176, 18160
18177, 18160
18162, 18161
18163, 18161
18164, 18161
18172, 18161
18161, 18162
18163, 18162
18164, 18162
18172, 18162
18185, 18162
18161, 18163
18162, 18163
18164, 18163
18185, 18163
18161, 18164
18162, 18164
18163, 18164
18170, 18164
18185, 18164
18169, 18165
18171, 18165
18173, 18165
18175, 18165
18157, 18166
18158, 18166
18168, 18166
18180, 18166
18177, 18167
18178, 18167
18182, 18167
18157, 18168
18158, 18168
18166, 18168
18180, 18168
18184, 18168
18165, 18169
18173, 18169
18175, 18169
18164, 18170
18171, 18170
18173, 18170
18185, 18170
18165, 18171
18170, 18171
18173, 18171
18159, 18172
18160, 18172
18161, 18172
18162, 18172
18174, 18172
18176, 18172
18165, 18173
18169, 18173
18170, 18173
18171, 18173
18175, 18173
18160, 18174
18172, 18174
18176, 18174
18165, 18175
18169, 18175
18173, 18175
18160, 18176
18172, 18176
18174, 18176
18159, 18177
18160, 18177
18167, 18177
18167, 18178
18179, 18178
18181, 18178
18182, 18178
18178, 18179
18181, 18179
18182, 18179
18183, 18179
18166, 18180
18168, 18180
18184, 18180
18178, 18181
18179, 18181
18182, 18181
18183, 18181
18167, 18182
18178, 18182
18179, 18182
18181, 18182
18179, 18183
18181, 18183
18184, 18183
18168, 18184
18180, 18184
18183, 18184
18162, 18185
18163, 18185
18164, 18185
18170, 18185
