5329, 5328
5341, 5328
5328, 5329
5340, 5329
5353, 5329
5354, 5329
5331, 5330
5343, 5330
5354, 5330
5355, 5330
5330, 5331
5332, 5331
5342, 5331
5344, 5331
5355, 5331
5331, 5332
5333, 5332
5334, 5332
5343, 5332
5356, 5332
5332, 5333
5334, 5333
5356, 5333
5332, 5334
5333, 5334
5357, 5334
5336, 5335
5337, 5335
5357, 5335
5335, 5336
5337, 5336
5358, 5336
5335, 5337
5336, 5337
5338, 5337
5339, 5337
5358, 5337
5359, 5337
5337, 5338
5339, 5338
5351, 5338
5359, 5338
5337, 5339
5338, 5339
5350, 5339
5329, 5340
5341, 5340
5362, 5340
5369, 5340
5328, 5341
5340, 5341
5362, 5341
5363, 5341
5331, 5342
5343, 5342
5363, 5342
5364, 5342
5330, 5343
5332, 5343
5342, 5343
5344, 5343
5364, 5343
5331, 5344
5343, 5344
5345, 5344
5346, 5344
5365, 5344
5344, 5345
5346, 5345
5365, 5345
5344, 5346
5345, 5346
5347, 5346
5366, 5346
5346, 5347
5348, 5347
5349, 5347
5366, 5347
5347, 5348
5349, 5348
5350, 5348
5367, 5348
5347, 5349
5348, 5349
5350, 5349
5351, 5349
5367, 5349
5368, 5349
5339, 5350
5348, 5350
5349, 5350
5351, 5350
5368, 5350
5338, 5351
5349, 5351
5350, 5351
5360, 5352
5369, 5352
5329, 5353
5354, 5353
5360, 5353
5363, 5353
5329, 5354
5330, 5354
5353, 5354
5355, 5354
5362, 5354
5364, 5354
5330, 5355
5331, 5355
5354, 5355
5356, 5355
5363, 5355
5365, 5355
5332, 5356
5333, 5356
5355, 5356
5357, 5356
5364, 5356
5366, 5356
5334, 5357
5335, 5357
5356, 5357
5365, 5357
5336, 5358
5337, 5358
5359, 5358
5368, 5358
5337, 5359
5338, 5359
5358, 5359
5367, 5359
5352, 5360
5353, 5360
5361, 5360
5369, 5360
5360, 5361
5369, 5361
5340, 5362
5341, 5362
5354, 5362
5363, 5362
5341, 5363
5342, 5363
5353, 5363
5355, 5363
5362, 5363
5364, 5363
5342, 5364
5343, 5364
5354, 5364
5356, 5364
5363, 5364
5365, 5364
5344, 5365
5345, 5365
5355, 5365
5357, 5365
5364, 5365
5366, 5365
5346, 5366
5347, 5366
5356, 5366
5365, 5366
5348, 5367
5349, 5367
5359, 5367
5368, 5367
5349, 5368
5350, 5368
5358, 5368
5367, 5368
5340, 5369
5352, 5369
5360, 5369
5361, 5369
