17902, 17901
17909, 17901
17911, 17901
17901, 17902
17909, 17902
17911, 17902
17904, 17903
17915, 17903
17918, 17903
17903, 17904
17915, 17904
17917, 17904
17918, 17904
17906, 17905
17915, 17905
17917, 17905
17905, 17906
17907, 17906
17926, 17906
17906, 17907
17913, 17907
17926, 17907
17912, 17908
17913, 17908
17914, 17908
17916, 17908
17901, 17909
17902, 17909
17911, 17909
17921, 17909
17918, 17910
17919, 17910
17923, 17910
17901, 17911
17902, 17911
17909, 17911
17921, 17911
17925, 17911
17908, 17912
17914, 17912
17916, 17912
17907, 17913
17908, 17913
17914, 17913
17916, 17913
17926, 17913
17908, 17914
17912, 17914
17913, 17914
17916, 17914
17903, 17915
17904, 17915
17905, 17915
17917, 17915
17908, 17916
17912, 17916
17913, 17916
17914, 17916
17904, 17917
17905, 17917
17915, 17917
17903, 17918
17904, 17918
17910, 17918
17910, 17919
17920, 17919
17922, 17919
17923, 17919
17919, 17920
17922, 17920
17923, 17920
17924, 17920
17909, 17921
17911, 17921
17925, 17921
17919, 17922
17920, 17922
17923, 17922
17924, 17922
17910, 17923
17919, 17923
17920, 17923
17922, 17923
17920, 17924
17922, 17924
17925, 17924
17911, 17925
17921, 17925
17924, 17925
17906, 17926
17907, 17926
17913, 17926
