10577, 10576
10593, 10576
10600, 10576
10576, 10577
10578, 10577
10579, 10577
10596, 10577
10577, 10578
10579, 10578
10596, 10578
10577, 10579
10578, 10579
10580, 10579
10594, 10579
10579, 10580
10581, 10580
10582, 10580
10594, 10580
10580, 10581
10582, 10581
10583, 10581
10590, 10581
10580, 10582
10581, 10582
10583, 10582
10597, 10582
10581, 10583
10582, 10583
10584, 10583
10601, 10583
10583, 10584
10585, 10584
10586, 10584
10605, 10584
10584, 10585
10586, 10585
10587, 10585
10584, 10586
10585, 10586
10587, 10586
10588, 10586
10585, 10587
10586, 10587
10588, 10587
10603, 10587
10586, 10588
10587, 10588
10589, 10588
10604, 10588
10606, 10588
10588, 10589
10591, 10589
10598, 10589
10581, 10590
10594, 10590
10597, 10590
10601, 10590
10602, 10590
10605, 10590
10589, 10591
10598, 10591
10603, 10591
10604, 10591
10606, 10591
10593, 10592
10599, 10592
10600, 10592
10576, 10593
10592, 10593
10595, 10593
10596, 10593
10599, 10593
10600, 10593
10579, 10594
10580, 10594
10590, 10594
10597, 10594
10593, 10595
10596, 10595
10600, 10595
10577, 10596
10578, 10596
10593, 10596
10595, 10596
10600, 10596
10582, 10597
10590, 10597
10594, 10597
10601, 10597
10589, 10598
10591, 10598
10604, 10598
10606, 10598
10592, 10599
10593, 10599
10600, 10599
10576, 10600
10592, 10600
10593, 10600
10595, 10600
10596, 10600
10599, 10600
10583, 10601
10590, 10601
10597, 10601
10602, 10601
10605, 10601
10590, 10602
10601, 10602
10605, 10602
10587, 10603
10591, 10603
10604, 10603
10606, 10603
10588, 10604
10591, 10604
10598, 10604
10603, 10604
10606, 10604
10584, 10605
10590, 10605
10601, 10605
10602, 10605
10588, 10606
10591, 10606
10598, 10606
10603, 10606
10604, 10606
