11851, 11850
11852, 11850
11859, 11850
11850, 11851
11852, 11851
11858, 11851
11860, 11851
11866, 11851
11850, 11852
11851, 11852
11859, 11852
11860, 11852
11867, 11852
11854, 11853
11863, 11853
11867, 11853
11853, 11854
11855, 11854
11863, 11854
11869, 11854
11854, 11855
11856, 11855
11861, 11855
11862, 11855
11863, 11855
11864, 11855
11869, 11855
11855, 11856
11857, 11856
11863, 11856
11865, 11856
11870, 11856
11856, 11857
11864, 11857
11865, 11857
11870, 11857
11851, 11858
11859, 11858
11871, 11858
11873, 11858
11850, 11859
11852, 11859
11858, 11859
11860, 11859
11871, 11859
11851, 11860
11852, 11860
11859, 11860
11872, 11860
11855, 11861
11862, 11861
11872, 11861
11855, 11862
11861, 11862
11869, 11862
11874, 11862
11853, 11863
11854, 11863
11855, 11863
11856, 11863
11864, 11863
11874, 11863
11855, 11864
11857, 11864
11863, 11864
11865, 11864
11870, 11864
11875, 11864
11856, 11865
11857, 11865
11864, 11865
11875, 11865
11851, 11866
11868, 11866
11873, 11866
11852, 11867
11853, 11867
11869, 11867
11874, 11867
11866, 11868
11871, 11868
11854, 11869
11855, 11869
11862, 11869
11867, 11869
11872, 11869
11856, 11870
11857, 11870
11864, 11870
11875, 11870
11858, 11871
11859, 11871
11868, 11871
11873, 11871
11860, 11872
11861, 11872
11869, 11872
11874, 11872
11858, 11873
11866, 11873
11871, 11873
11862, 11874
11863, 11874
11867, 11874
11872, 11874
11864, 11875
11865, 11875
11870, 11875
