15279, 15278
15289, 15278
15290, 15278
15291, 15278
15297, 15278
15278, 15279
15290, 15279
15291, 15279
15281, 15280
15291, 15280
15292, 15280
15293, 15280
15280, 15281
15292, 15281
15293, 15281
15283, 15282
15293, 15282
15294, 15282
15282, 15283
15284, 15283
15294, 15283
15283, 15284
15285, 15284
15294, 15284
15295, 15284
15284, 15285
15286, 15285
15295, 15285
15285, 15286
15287, 15286
15295, 15286
15296, 15286
15286, 15287
15288, 15287
15296, 15287
15287, 15288
15298, 15288
15278, 15289
15290, 15289
15297, 15289
15278, 15290
15279, 15290
15289, 15290
15291, 15290
15297, 15290
15278, 15291
15279, 15291
15280, 15291
15290, 15291
15280, 15292
15281, 15292
15293, 15292
15280, 15293
15281, 15293
15282, 15293
15292, 15293
15282, 15294
15283, 15294
15284, 15294
15284, 15295
15285, 15295
15286, 15295
15286, 15296
15287, 15296
15278, 15297
15289, 15297
15290, 15297
15288, 15298
15299, 15298
15300, 15298
15298, 15299
15300, 15299
15301, 15299
15302, 15299
15298, 15300
15299, 15300
15301, 15300
15302, 15300
15299, 15301
15300, 15301
15302, 15301
15299, 15302
15300, 15302
15301, 15302
