9644, 9643
9648, 9643
9653, 9643
9670, 9643
9674, 9643
9643, 9644
9653, 9644
9670, 9644
9679, 9644
9666, 9645
9667, 9645
9693, 9645
9661, 9646
9665, 9646
9669, 9646
9698, 9647
9699, 9647
9643, 9648
9649, 9648
9653, 9648
9696, 9648
9700, 9648
9648, 9649
9696, 9649
9705, 9649
9692, 9650
9693, 9650
9661, 9651
9691, 9651
9695, 9651
9724, 9652
9725, 9652
9643, 9653
9644, 9653
9648, 9653
9654, 9653
9722, 9653
9726, 9653
9653, 9654
9722, 9654
9731, 9654
9718, 9655
9719, 9655
9661, 9656
9717, 9656
9721, 9656
9672, 9657
9698, 9657
9724, 9657
9749, 9657
9750, 9657
9670, 9658
9696, 9658
9722, 9658
9747, 9658
9751, 9658
9679, 9659
9705, 9659
9731, 9659
9747, 9659
9756, 9659
9667, 9660
9693, 9660
9743, 9660
9744, 9660
9646, 9661
9651, 9661
9656, 9661
9669, 9661
9695, 9661
9742, 9661
9746, 9661
9671, 9662
9687, 9662
9713, 9662
9684, 9663
9686, 9663
9666, 9664
9685, 9664
9646, 9665
9686, 9665
9645, 9666
9664, 9666
9645, 9667
9660, 9667
9668, 9667
9667, 9668
9677, 9668
9646, 9669
9661, 9669
9643, 9670
9644, 9670
9658, 9670
9662, 9671
9672, 9671
9657, 9672
9671, 9672
9673, 9672
9672, 9673
9678, 9673
9643, 9674
9680, 9674
9678, 9675
9681, 9675
9680, 9676
9682, 9676
9668, 9677
9683, 9677
9673, 9678
9675, 9678
9644, 9679
9659, 9679
9683, 9679
9674, 9680
9676, 9680
9675, 9681
9682, 9681
9676, 9682
9681, 9682
9677, 9683
9679, 9683
9663, 9684
9685, 9684
9664, 9685
9684, 9685
9663, 9686
9665, 9686
9738, 9686
9763, 9686
9662, 9687
9688, 9687
9687, 9688
9697, 9688
9713, 9688
9710, 9689
9712, 9689
9692, 9690
9711, 9690
9651, 9691
9712, 9691
9650, 9692
9690, 9692
9645, 9693
9650, 9693
9660, 9693
9694, 9693
9693, 9694
9703, 9694
9651, 9695
9661, 9695
9648, 9696
9649, 9696
9658, 9696
9688, 9697
9698, 9697
9647, 9698
9657, 9698
9697, 9698
9647, 9699
9704, 9699
9648, 9700
9706, 9700
9704, 9701
9707, 9701
9706, 9702
9708, 9702
9694, 9703
9709, 9703
9699, 9704
9701, 9704
9649, 9705
9659, 9705
9709, 9705
9700, 9706
9702, 9706
9701, 9707
9708, 9707
9702, 9708
9707, 9708
9703, 9709
9705, 9709
9689, 9710
9711, 9710
9690, 9711
9710, 9711
9689, 9712
9691, 9712
9738, 9712
9763, 9712
9662, 9713
9688, 9713
9714, 9713
9713, 9714
9723, 9714
9736, 9715
9738, 9715
9718, 9716
9737, 9716
9656, 9717
9738, 9717
9655, 9718
9716, 9718
9655, 9719
9720, 9719
9719, 9720
9729, 9720
9656, 9721
9653, 9722
9654, 9722
9658, 9722
9714, 9723
9724, 9723
9652, 9724
9657, 9724
9723, 9724
9652, 9725
9730, 9725
9653, 9726
9732, 9726
9730, 9727
9733, 9727
9732, 9728
9734, 9728
9720, 9729
9735, 9729
9725, 9730
9727, 9730
9654, 9731
9659, 9731
9735, 9731
9726, 9732
9728, 9732
9727, 9733
9734, 9733
9728, 9734
9733, 9734
9729, 9735
9731, 9735
9715, 9736
9737, 9736
9716, 9737
9736, 9737
9686, 9738
9712, 9738
9715, 9738
9717, 9738
9763, 9738
9748, 9739
9761, 9740
9763, 9740
9743, 9741
9762, 9741
9661, 9742
9763, 9742
9660, 9743
9741, 9743
9660, 9744
9745, 9744
9744, 9745
9754, 9745
9661, 9746
9658, 9747
9659, 9747
9739, 9748
9749, 9748
9657, 9749
9748, 9749
9657, 9750
9755, 9750
9658, 9751
9757, 9751
9755, 9752
9758, 9752
9757, 9753
9759, 9753
9745, 9754
9760, 9754
9750, 9755
9752, 9755
9659, 9756
9760, 9756
9751, 9757
9753, 9757
9752, 9758
9759, 9758
9753, 9759
9758, 9759
9754, 9760
9756, 9760
9740, 9761
9762, 9761
9741, 9762
9761, 9762
9686, 9763
9712, 9763
9738, 9763
9740, 9763
9742, 9763
