7388, 7387
7389, 7387
7397, 7387
7387, 7388
7389, 7388
7390, 7388
7391, 7388
7387, 7389
7388, 7389
7390, 7389
7391, 7389
7388, 7390
7389, 7390
7391, 7390
7388, 7391
7389, 7391
7390, 7391
7399, 7392
7400, 7392
7404, 7392
7394, 7393
7395, 7393
7405, 7393
7393, 7394
7395, 7394
7406, 7394
7393, 7395
7394, 7395
7407, 7395
7397, 7396
7402, 7396
7387, 7397
7396, 7397
7401, 7397
7399, 7398
7404, 7398
7392, 7399
7398, 7399
7400, 7399
7403, 7399
7404, 7399
7392, 7400
7399, 7400
7404, 7400
7405, 7400
7406, 7400
7407, 7400
7397, 7401
7402, 7401
7396, 7402
7401, 7402
7399, 7403
7404, 7403
7392, 7404
7398, 7404
7399, 7404
7400, 7404
7403, 7404
7393, 7405
7400, 7405
7406, 7405
7407, 7405
7394, 7406
7400, 7406
7405, 7406
7407, 7406
7395, 7407
7400, 7407
7405, 7407
7406, 7407
