4170, 4160
4173, 4160
4174, 4160
4164, 4161
4166, 4161
4171, 4161
4163, 4162
4167, 4162
4168, 4162
4173, 4162
4174, 4162
4175, 4162
4162, 4163
4168, 4163
4175, 4163
4161, 4164
4165, 4164
4166, 4164
4169, 4164
4171, 4164
4172, 4164
4164, 4165
4170, 4165
4172, 4165
4161, 4166
4164, 4166
4171, 4166
4162, 4167
4173, 4167
4174, 4167
4175, 4167
4162, 4168
4163, 4168
4175, 4168
4164, 4169
4171, 4169
4172, 4169
4160, 4170
4165, 4170
4172, 4170
4173, 4170
4161, 4171
4164, 4171
4166, 4171
4169, 4171
4172, 4171
4164, 4172
4165, 4172
4169, 4172
4170, 4172
4171, 4172
4160, 4173
4162, 4173
4167, 4173
4170, 4173
4174, 4173
4160, 4174
4162, 4174
4167, 4174
4173, 4174
4162, 4175
4163, 4175
4167, 4175
4168, 4175
