4253, 4241
4258, 4241
4259, 4241
4243, 4242
4255, 4242
4257, 4242
4242, 4243
4257, 4243
4261, 4243
4245, 4244
4246, 4244
4260, 4244
4244, 4245
4246, 4245
4247, 4245
4244, 4246
4245, 4246
4247, 4246
4248, 4246
4245, 4247
4246, 4247
4248, 4247
4249, 4247
4246, 4248
4247, 4248
4249, 4248
4247, 4249
4248, 4249
4250, 4249
4251, 4249
4252, 4249
4249, 4250
4251, 4250
4252, 4250
4249, 4251
4250, 4251
4252, 4251
4249, 4252
4250, 4252
4251, 4252
4241, 4253
4254, 4253
4256, 4253
4258, 4253
4259, 4253
4253, 4254
4255, 4254
4256, 4254
4242, 4255
4254, 4255
4256, 4255
4257, 4255
4253, 4256
4254, 4256
4255, 4256
4257, 4256
4242, 4257
4243, 4257
4255, 4257
4256, 4257
4260, 4257
4261, 4257
4262, 4257
4241, 4258
4253, 4258
4259, 4258
4241, 4259
4253, 4259
4258, 4259
4244, 4260
4257, 4260
4261, 4260
4262, 4260
4243, 4261
4257, 4261
4260, 4261
4262, 4261
4257, 4262
4260, 4262
4261, 4262
