205, 183
209, 183
207, 184
210, 184
228, 184
246, 184
186, 185
190, 185
204, 185
185, 186
189, 186
199, 186
205, 187
223, 187
210, 188
225, 188
228, 188
186, 189
190, 189
194, 189
198, 189
222, 189
185, 190
189, 190
193, 190
197, 190
198, 190
199, 190
217, 190
205, 191
241, 191
210, 192
243, 192
246, 192
190, 193
194, 193
240, 193
189, 194
193, 194
235, 194
259, 195
210, 196
228, 196
246, 196
261, 196
264, 196
190, 197
198, 197
258, 197
189, 198
190, 198
197, 198
253, 198
186, 199
190, 199
200, 199
199, 200
201, 200
200, 201
203, 201
221, 201
239, 201
257, 201
203, 202
214, 202
201, 203
202, 203
219, 203
237, 203
255, 203
185, 204
216, 204
183, 205
187, 205
191, 205
206, 205
209, 205
227, 205
245, 205
263, 205
205, 206
208, 206
226, 206
244, 206
262, 206
184, 207
208, 207
206, 208
207, 208
224, 208
242, 208
260, 208
183, 209
205, 209
223, 209
241, 209
259, 209
184, 210
188, 210
192, 210
196, 210
212, 210
213, 211
215, 211
210, 212
213, 212
211, 213
212, 213
202, 214
211, 215
216, 215
233, 215
269, 215
204, 216
215, 216
270, 216
190, 217
218, 217
217, 218
219, 218
203, 219
218, 219
221, 219
239, 219
257, 219
221, 220
232, 220
201, 221
219, 221
220, 221
189, 222
234, 222
187, 223
209, 223
227, 223
245, 223
263, 223
208, 224
225, 224
226, 224
244, 224
262, 224
188, 225
224, 225
206, 226
224, 226
227, 226
205, 227
223, 227
226, 227
184, 228
188, 228
196, 228
230, 228
231, 229
233, 229
228, 230
231, 230
229, 231
230, 231
220, 232
215, 233
229, 233
234, 233
251, 233
222, 234
233, 234
270, 234
194, 235
236, 235
235, 236
237, 236
203, 237
236, 237
239, 237
239, 238
250, 238
201, 239
219, 239
237, 239
238, 239
193, 240
252, 240
191, 241
209, 241
245, 241
208, 242
243, 242
244, 242
192, 243
242, 243
206, 244
224, 244
242, 244
245, 244
205, 245
223, 245
241, 245
244, 245
184, 246
192, 246
196, 246
248, 246
249, 247
251, 247
246, 248
249, 248
247, 249
248, 249
238, 250
233, 251
247, 251
252, 251
269, 251
240, 252
251, 252
270, 252
198, 253
254, 253
253, 254
255, 254
203, 255
254, 255
257, 255
257, 256
268, 256
201, 257
219, 257
255, 257
256, 257
197, 258
270, 258
195, 259
209, 259
263, 259
208, 260
261, 260
262, 260
196, 261
260, 261
206, 262
224, 262
260, 262
263, 262
205, 263
223, 263
259, 263
262, 263
196, 264
266, 264
267, 265
269, 265
264, 266
267, 266
265, 267
266, 267
256, 268
215, 269
251, 269
265, 269
270, 269
216, 270
234, 270
252, 270
258, 270
269, 270
