9789, 9788
9810, 9788
9811, 9788
9788, 9789
9810, 9789
9811, 9789
9813, 9789
9791, 9790
9812, 9790
9813, 9790
9790, 9791
9792, 9791
9812, 9791
9814, 9791
9791, 9792
9793, 9792
9814, 9792
9815, 9792
9792, 9793
9815, 9793
9825, 9793
9808, 9794
9825, 9794
9826, 9794
9796, 9795
9808, 9795
9809, 9795
9795, 9796
9797, 9796
9807, 9796
9809, 9796
9796, 9797
9798, 9797
9806, 9797
9807, 9797
9797, 9798
9799, 9798
9806, 9798
9807, 9798
9798, 9799
9800, 9799
9806, 9799
9827, 9799
9799, 9800
9816, 9800
9827, 9800
9828, 9800
9817, 9801
9818, 9801
9819, 9801
9818, 9802
9819, 9802
9820, 9802
9821, 9802
9820, 9803
9821, 9803
9823, 9803
9824, 9803
9805, 9804
9822, 9804
9823, 9804
9824, 9804
9804, 9805
9822, 9805
9823, 9805
9797, 9806
9798, 9806
9799, 9806
9796, 9807
9797, 9807
9798, 9807
9809, 9807
9794, 9808
9795, 9808
9809, 9808
9826, 9808
9795, 9809
9796, 9809
9807, 9809
9808, 9809
9788, 9810
9789, 9810
9811, 9810
9788, 9811
9789, 9811
9810, 9811
9813, 9811
9790, 9812
9791, 9812
9813, 9812
9789, 9813
9790, 9813
9811, 9813
9812, 9813
9791, 9814
9792, 9814
9815, 9814
9792, 9815
9793, 9815
9814, 9815
9800, 9816
9817, 9816
9828, 9816
9801, 9817
9816, 9817
9818, 9817
9801, 9818
9802, 9818
9817, 9818
9819, 9818
9820, 9818
9801, 9819
9802, 9819
9818, 9819
9820, 9819
9802, 9820
9803, 9820
9818, 9820
9819, 9820
9821, 9820
9802, 9821
9803, 9821
9820, 9821
9824, 9821
9804, 9822
9805, 9822
9823, 9822
9803, 9823
9804, 9823
9805, 9823
9822, 9823
9824, 9823
9803, 9824
9804, 9824
9821, 9824
9823, 9824
9793, 9825
9794, 9825
9826, 9825
9794, 9826
9808, 9826
9825, 9826
9799, 9827
9800, 9827
9828, 9827
9800, 9828
9816, 9828
9827, 9828
