13.000000, 18.716648, 40.730000, -1.630000,  1.855000,116.500000,  6.000000,  4.000000,  3.000000,  5.000000,  5.000000,  3.000000,  3.000000,  5.000000,  5.000000,  6.000000,  4.000000,  3.000000, 1, 0, 0
4.000000,  5.268141, 17.420000,  2.280000,  0.804000, 27.500000,  0.000000,  3.000000,  1.000000,  1.000000,  1.000000,  2.000000,  3.000000,  0.000000,  1.000000,  0.000000,  3.000000,  1.000000, 1, 0, 0
13.000000, 18.862862, 31.130000, -0.530000,  1.413000,107.400000,  9.000000,  2.000000,  2.000000,  1.000000,  9.000000,  3.000000,  3.000000,  8.000000,  2.000000,  9.000000,  2.000000,  2.000000, 1, 0, 0
11.000000, 15.390394, 32.500000, -4.380000,  1.406000,102.000000,  6.000000,  3.000000,  2.000000,  4.000000,  5.000000,  2.000000,  2.000000,  5.000000,  4.000000,  6.000000,  3.000000,  2.000000, 1, 0, 0
5.000000,  7.070860, 16.510000, -0.680000,  0.716000, 47.700000,  1.000000,  4.000000,  0.000000,  3.000000,  0.000000,  2.000000,  2.000000,  0.000000,  3.000000,  1.000000,  4.000000,  0.000000, 1, 0, 0
11.000000, 15.667762, 35.880000,  2.220000,  1.621000, 89.300000,  4.000000,  5.000000,  2.000000,  3.000000,  4.000000,  4.000000,  4.000000,  4.000000,  3.000000,  4.000000,  5.000000,  2.000000, 1, 0, 0
3.000000,  5.445978, 10.320000, -2.480000,  0.461000, 31.000000,  1.000000,  1.000000,  1.000000,  2.000000,  1.000000,  0.000000,  0.000000,  1.000000,  2.000000,  1.000000,  1.000000,  1.000000, 1, 0, 0
13.000000, 18.426505, 39.580000,  0.480000,  1.833000,106.900000,  5.000000,  5.000000,  3.000000,  4.000000,  5.000000,  4.000000,  4.000000,  5.000000,  4.000000,  5.000000,  5.000000,  3.000000, 1, 0, 0
11.000000, 15.640689, 26.180000, -0.130000,  1.165000, 91.200000,  5.000000,  5.000000,  0.000000,  4.000000,  4.000000,  2.000000,  2.000000,  4.000000,  4.000000,  4.000000,  6.000000,  0.000000, 1, 0, 0
13.000000, 18.750054, 40.730000, -1.630000,  1.855000,116.500000,  6.000000,  4.000000,  3.000000,  5.000000,  5.000000,  3.000000,  3.000000,  5.000000,  5.000000,  6.000000,  4.000000,  3.000000, 1, 0, 0
4.000000,  5.301862, 17.420000,  2.280000,  0.804000, 27.500000,  0.000000,  3.000000,  1.000000,  1.000000,  1.000000,  2.000000,  3.000000,  0.000000,  1.000000,  0.000000,  3.000000,  1.000000, 1, 0, 0
13.000000, 18.832113, 31.130000, -0.530000,  1.413000,107.400000,  9.000000,  2.000000,  2.000000,  1.000000,  9.000000,  3.000000,  3.000000,  8.000000,  2.000000,  9.000000,  2.000000,  2.000000, 1, 0, 0
10.000000, 13.959268, 28.500000, -5.520000,  1.220000, 97.100000,  6.000000,  2.000000,  2.000000,  4.000000,  5.000000,  1.000000,  1.000000,  5.000000,  4.000000,  6.000000,  2.000000,  2.000000, 1, 0, 0
5.000000,  7.073240, 16.510000, -0.680000,  0.716000, 47.700000,  1.000000,  4.000000,  0.000000,  3.000000,  0.000000,  2.000000,  2.000000,  0.000000,  3.000000,  1.000000,  4.000000,  0.000000, 1, 0, 0
11.000000, 15.704418, 35.880000,  2.220000,  1.621000, 89.300000,  4.000000,  5.000000,  2.000000,  3.000000,  4.000000,  4.000000,  4.000000,  4.000000,  3.000000,  4.000000,  5.000000,  2.000000, 1, 0, 0
3.000000,  5.463975, 10.320000, -2.480000,  0.461000, 31.000000,  1.000000,  1.000000,  1.000000,  2.000000,  1.000000,  0.000000,  0.000000,  1.000000,  2.000000,  1.000000,  1.000000,  1.000000, 1, 0, 0
12.000000, 16.337296, 39.580000,  1.280000,  1.833000, 97.900000,  4.000000,  5.000000,  3.000000,  4.000000,  4.000000,  4.000000,  4.000000,  4.000000,  4.000000,  4.000000,  5.000000,  3.000000, 1, 0, 0
11.000000, 15.652402, 26.180000, -0.130000,  1.165000, 91.200000,  5.000000,  5.000000,  0.000000,  4.000000,  4.000000,  2.000000,  2.000000,  4.000000,  4.000000,  4.000000,  6.000000,  0.000000, 1, 0, 0
2.000000,  3.832111,  8.890000,  2.480000,  0.430000, 11.100000,  0.000000,  1.000000,  1.000000,  0.000000,  0.000000,  2.000000,  2.000000,  0.000000,  0.000000,  0.000000,  1.000000,  1.000000, 0, 1, 0
4.000000,  9.582747,  5.600000, -0.620000,  0.248000, 32.200000,  3.000000,  1.000000,  0.000000,  0.000000,  3.000000,  1.000000,  1.000000,  3.000000,  0.000000,  3.000000,  1.000000,  0.000000, 0, 1, 0
4.000000,  9.698333, 10.000000,  3.270000,  0.466000, 26.000000,  1.000000,  3.000000,  0.000000,  0.000000,  1.000000,  3.000000,  3.000000,  1.000000,  0.000000,  1.000000,  3.000000,  0.000000, 0, 1, 0
6.000000, 13.758733, 20.250000,  3.350000,  0.915000, 44.200000,  2.000000,  3.000000,  1.000000,  1.000000,  2.000000,  3.000000,  4.000000,  1.000000,  1.000000,  2.000000,  3.000000,  1.000000, 0, 1, 0
9.000000, 22.355638, 29.650000,  3.190000,  1.357000, 73.900000,  4.000000,  3.000000,  2.000000,  3.000000,  2.000000,  4.000000,  4.000000,  2.000000,  3.000000,  3.000000,  4.000000,  2.000000, 0, 1, 0
6.000000, 15.507429, 14.600000,  2.530000,  0.666000, 41.700000,  3.000000,  3.000000,  0.000000,  0.000000,  3.000000,  3.000000,  3.000000,  3.000000,  0.000000,  3.000000,  3.000000,  0.000000, 0, 1, 0
6.000000, 16.442990, 17.370000,  2.090000,  0.793000, 45.900000,  2.000000,  3.000000,  1.000000,  1.000000,  2.000000,  3.000000,  3.000000,  2.000000,  1.000000,  2.000000,  3.000000,  1.000000, 0, 1, 0
2.000000,  3.814425,  7.780000,  0.670000,  0.337000, 17.500000,  0.000000,  2.000000,  0.000000,  1.000000,  0.000000,  1.000000,  1.000000,  0.000000,  1.000000,  0.000000,  2.000000,  0.000000, 0, 1, 0
2.000000, 93.346600,  4.000000,  1.810000,  0.186000,  5.200000,  0.000000,  1.000000,  0.000000,  0.000000,  0.000000,  1.000000,  1.000000,  0.000000,  0.000000,  0.000000,  1.000000,  0.000000, 0, 1, 0
2.000000,  3.801438,  9.890000,  2.490000,  0.476000, 10.100000,  0.000000,  1.000000,  1.000000,  0.000000,  0.000000,  2.000000,  2.000000,  0.000000,  0.000000,  0.000000,  1.000000,  1.000000, 0, 1, 0
4.000000,  9.831991, 19.100000, -0.540000,  0.871000, 37.000000,  1.000000,  1.000000,  2.000000,  2.000000,  2.000000,  0.000000,  1.000000,  1.000000,  2.000000,  0.000000,  2.000000,  2.000000, 0, 1, 0
6.000000, 16.224045, 21.440000,  4.430000,  0.987000, 45.300000,  1.000000,  4.000000,  1.000000,  1.000000,  1.000000,  4.000000,  4.000000,  0.000000,  2.000000,  1.000000,  4.000000,  1.000000, 0, 1, 0
5.000000, 12.815360, 16.500000,  2.170000,  0.748000, 37.000000,  1.000000,  4.000000,  0.000000,  1.000000,  1.000000,  3.000000,  3.000000,  1.000000,  1.000000,  0.000000,  5.000000,  0.000000, 0, 1, 0
4.000000,  7.378019, 11.600000,  2.620000,  0.528000, 26.300000,  1.000000,  3.000000,  0.000000,  0.000000,  1.000000,  3.000000,  3.000000,  1.000000,  0.000000,  1.000000,  3.000000,  0.000000, 0, 1, 0
2.000000,  3.833661,  8.890000,  2.480000,  0.430000, 11.100000,  0.000000,  1.000000,  1.000000,  0.000000,  0.000000,  2.000000,  2.000000,  0.000000,  0.000000,  0.000000,  1.000000,  1.000000, 0, 1, 0
4.000000,  9.579486,  5.600000, -0.620000,  0.248000, 32.200000,  3.000000,  1.000000,  0.000000,  0.000000,  3.000000,  1.000000,  1.000000,  3.000000,  0.000000,  3.000000,  1.000000,  0.000000, 0, 1, 0
4.000000,  9.670856, 10.000000,  3.270000,  0.466000, 26.000000,  1.000000,  3.000000,  0.000000,  0.000000,  1.000000,  3.000000,  3.000000,  1.000000,  0.000000,  1.000000,  3.000000,  0.000000, 0, 1, 0
6.000000, 13.737770, 20.250000,  3.350000,  0.915000, 44.200000,  2.000000,  3.000000,  1.000000,  1.000000,  2.000000,  3.000000,  4.000000,  1.000000,  1.000000,  2.000000,  3.000000,  1.000000, 0, 1, 0
9.000000, 22.380901, 29.650000,  3.190000,  1.357000, 73.900000,  4.000000,  3.000000,  2.000000,  3.000000,  2.000000,  4.000000,  4.000000,  2.000000,  3.000000,  3.000000,  4.000000,  2.000000, 0, 1, 0
6.000000, 15.507448, 14.600000,  2.530000,  0.666000, 41.700000,  3.000000,  3.000000,  0.000000,  0.000000,  3.000000,  3.000000,  3.000000,  3.000000,  0.000000,  3.000000,  3.000000,  0.000000, 0, 1, 0
6.000000, 16.425927, 17.370000,  2.090000,  0.793000, 45.900000,  2.000000,  3.000000,  1.000000,  1.000000,  2.000000,  3.000000,  3.000000,  2.000000,  1.000000,  2.000000,  3.000000,  1.000000, 0, 1, 0
2.000000,  3.812689,  7.780000,  0.670000,  0.337000, 17.500000,  0.000000,  2.000000,  0.000000,  1.000000,  0.000000,  1.000000,  1.000000,  0.000000,  1.000000,  0.000000,  2.000000,  0.000000, 0, 1, 0
2.000000,117.905705,  4.000000,  1.810000,  0.186000,  5.200000,  0.000000,  1.000000,  0.000000,  0.000000,  0.000000,  1.000000,  1.000000,  0.000000,  0.000000,  0.000000,  1.000000,  0.000000, 0, 1, 0
2.000000,  3.797049,  9.890000,  2.490000,  0.476000, 10.100000,  0.000000,  1.000000,  1.000000,  0.000000,  0.000000,  2.000000,  2.000000,  0.000000,  0.000000,  0.000000,  1.000000,  1.000000, 0, 1, 0
4.000000,  9.836971, 19.100000, -0.540000,  0.871000, 37.000000,  1.000000,  1.000000,  2.000000,  2.000000,  2.000000,  0.000000,  1.000000,  1.000000,  2.000000,  0.000000,  2.000000,  2.000000, 0, 1, 0
6.000000, 16.224365, 21.440000,  4.430000,  0.987000, 45.300000,  1.000000,  4.000000,  1.000000,  1.000000,  1.000000,  4.000000,  4.000000,  0.000000,  2.000000,  1.000000,  4.000000,  1.000000, 0, 1, 0
5.000000, 12.798795, 16.500000,  2.170000,  0.748000, 37.000000,  1.000000,  4.000000,  0.000000,  1.000000,  1.000000,  3.000000,  3.000000,  1.000000,  1.000000,  0.000000,  5.000000,  0.000000, 0, 1, 0
4.000000,  7.385225, 11.600000,  2.620000,  0.528000, 26.300000,  1.000000,  3.000000,  0.000000,  0.000000,  1.000000,  3.000000,  3.000000,  1.000000,  0.000000,  1.000000,  3.000000,  0.000000, 0, 1, 0
