5046, 5044
5074, 5044
5082, 5044
5046, 5045
5061, 5045
5075, 5045
5084, 5045
5044, 5046
5045, 5046
5060, 5046
5076, 5046
5063, 5047
5076, 5047
5077, 5047
5049, 5048
5062, 5048
5064, 5048
5077, 5048
5086, 5048
5048, 5049
5063, 5049
5077, 5049
5078, 5049
5086, 5049
5087, 5049
5051, 5050
5078, 5050
5087, 5050
5050, 5051
5052, 5051
5078, 5051
5051, 5052
5079, 5052
5088, 5052
5054, 5053
5079, 5053
5088, 5053
5053, 5054
5055, 5054
5079, 5054
5054, 5055
5056, 5055
5080, 5055
5089, 5055
5055, 5056
5057, 5056
5058, 5056
5080, 5056
5081, 5056
5056, 5057
5058, 5057
5081, 5057
5090, 5057
5056, 5058
5057, 5058
5081, 5058
5060, 5059
5074, 5059
5082, 5059
5084, 5059
5091, 5059
5046, 5060
5059, 5060
5061, 5060
5075, 5060
5084, 5060
5045, 5061
5060, 5061
5085, 5061
5048, 5062
5063, 5062
5085, 5062
5086, 5062
5047, 5063
5049, 5063
5062, 5063
5064, 5063
5086, 5063
5048, 5064
5063, 5064
5087, 5064
5066, 5065
5078, 5065
5087, 5065
5065, 5066
5067, 5066
5068, 5066
5066, 5067
5068, 5067
5069, 5067
5079, 5067
5088, 5067
5066, 5068
5067, 5068
5069, 5068
5079, 5068
5088, 5068
5067, 5069
5068, 5069
5070, 5069
5069, 5070
5071, 5070
5072, 5070
5089, 5070
5070, 5071
5072, 5071
5073, 5071
5089, 5071
5090, 5071
5070, 5072
5071, 5072
5073, 5072
5081, 5072
5090, 5072
5071, 5073
5072, 5073
5044, 5074
5059, 5074
5082, 5074
5083, 5074
5091, 5074
5045, 5075
5060, 5075
5076, 5075
5082, 5075
5085, 5075
5046, 5076
5047, 5076
5075, 5076
5084, 5076
5047, 5077
5048, 5077
5049, 5077
5049, 5078
5050, 5078
5051, 5078
5065, 5078
5052, 5079
5053, 5079
5054, 5079
5067, 5079
5068, 5079
5055, 5080
5056, 5080
5081, 5080
5090, 5080
5056, 5081
5057, 5081
5058, 5081
5072, 5081
5080, 5081
5089, 5081
5090, 5081
5044, 5082
5059, 5082
5074, 5082
5075, 5082
5083, 5082
5091, 5082
5074, 5083
5082, 5083
5091, 5083
5045, 5084
5059, 5084
5060, 5084
5076, 5084
5085, 5084
5061, 5085
5062, 5085
5075, 5085
5084, 5085
5048, 5086
5049, 5086
5062, 5086
5063, 5086
5049, 5087
5050, 5087
5064, 5087
5065, 5087
5052, 5088
5053, 5088
5067, 5088
5068, 5088
5055, 5089
5070, 5089
5071, 5089
5081, 5089
5090, 5089
5057, 5090
5071, 5090
5072, 5090
5080, 5090
5081, 5090
5089, 5090
5059, 5091
5074, 5091
5082, 5091
5083, 5091
