2887, 2864
2889, 2864
2892, 2864
2866, 2865
2867, 2865
2890, 2865
2865, 2866
2867, 2866
2891, 2866
2865, 2867
2866, 2867
2868, 2867
2891, 2867
2867, 2868
2869, 2868
2870, 2868
2868, 2869
2870, 2869
2871, 2869
2868, 2870
2869, 2870
2871, 2870
2869, 2871
2870, 2871
2872, 2871
2873, 2871
2888, 2871
2871, 2872
2873, 2872
2874, 2872
2888, 2872
2871, 2873
2872, 2873
2874, 2873
2888, 2873
2872, 2874
2873, 2874
2875, 2874
2876, 2874
2888, 2874
2874, 2875
2876, 2875
2886, 2875
2894, 2875
2874, 2876
2875, 2876
2877, 2876
2886, 2876
2876, 2877
2878, 2877
2879, 2877
2894, 2877
2895, 2877
2877, 2878
2879, 2878
2885, 2878
2895, 2878
2877, 2879
2878, 2879
2880, 2879
2881, 2879
2882, 2879
2885, 2879
2896, 2879
2879, 2880
2881, 2880
2882, 2880
2897, 2880
2898, 2880
2899, 2880
2879, 2881
2880, 2881
2882, 2881
2897, 2881
2879, 2882
2880, 2882
2881, 2882
2884, 2882
2884, 2883
2897, 2883
2899, 2883
2882, 2884
2883, 2884
2897, 2884
2899, 2884
2878, 2885
2879, 2885
2895, 2885
2896, 2885
2898, 2885
2875, 2886
2876, 2886
2888, 2886
2894, 2886
2864, 2887
2889, 2887
2892, 2887
2893, 2887
2871, 2888
2872, 2888
2873, 2888
2874, 2888
2886, 2888
2864, 2889
2887, 2889
2892, 2889
2893, 2889
2865, 2890
2891, 2890
2892, 2890
2893, 2890
2866, 2891
2867, 2891
2890, 2891
2864, 2892
2887, 2892
2889, 2892
2890, 2892
2893, 2892
2887, 2893
2889, 2893
2890, 2893
2892, 2893
2875, 2894
2877, 2894
2886, 2894
2895, 2894
2877, 2895
2878, 2895
2885, 2895
2894, 2895
2896, 2895
2879, 2896
2885, 2896
2895, 2896
2898, 2896
2899, 2896
2880, 2897
2881, 2897
2883, 2897
2884, 2897
2898, 2897
2899, 2897
2880, 2898
2885, 2898
2896, 2898
2897, 2898
2899, 2898
2880, 2899
2883, 2899
2884, 2899
2896, 2899
2897, 2899
2898, 2899
