6496, 6495
6502, 6495
6504, 6495
6510, 6495
6512, 6495
6516, 6495
6495, 6496
6497, 6496
6498, 6496
6502, 6496
6496, 6497
6498, 6497
6501, 6497
6509, 6497
6496, 6498
6497, 6498
6499, 6498
6500, 6498
6503, 6498
6498, 6499
6503, 6499
6511, 6499
6513, 6499
6498, 6500
6501, 6500
6503, 6500
6508, 6500
6509, 6500
6511, 6500
6497, 6501
6500, 6501
6502, 6501
6508, 6501
6509, 6501
6510, 6501
6495, 6502
6496, 6502
6501, 6502
6509, 6502
6510, 6502
6498, 6503
6499, 6503
6500, 6503
6505, 6503
6508, 6503
6511, 6503
6513, 6503
6495, 6504
6512, 6504
6516, 6504
6503, 6505
6513, 6505
6517, 6505
6507, 6506
6514, 6506
6515, 6506
6506, 6507
6514, 6507
6515, 6507
6517, 6507
6500, 6508
6501, 6508
6503, 6508
6509, 6508
6511, 6508
6497, 6509
6500, 6509
6501, 6509
6502, 6509
6508, 6509
6510, 6509
6495, 6510
6501, 6510
6502, 6510
6509, 6510
6516, 6510
6499, 6511
6500, 6511
6503, 6511
6508, 6511
6495, 6512
6504, 6512
6516, 6512
6499, 6513
6503, 6513
6505, 6513
6517, 6513
6506, 6514
6507, 6514
6515, 6514
6506, 6515
6507, 6515
6514, 6515
6495, 6516
6504, 6516
6510, 6516
6512, 6516
6505, 6517
6507, 6517
6513, 6517
