8196, 8177
8204, 8177
8207, 8177
8196, 8178
8197, 8178
8205, 8178
8180, 8179
8181, 8179
8199, 8179
8179, 8180
8181, 8180
8199, 8180
8179, 8181
8180, 8181
8182, 8181
8183, 8181
8184, 8181
8181, 8182
8183, 8182
8184, 8182
8181, 8183
8182, 8183
8184, 8183
8200, 8183
8181, 8184
8182, 8184
8183, 8184
8185, 8184
8200, 8184
8201, 8184
8184, 8185
8186, 8185
8201, 8185
8185, 8186
8187, 8186
8201, 8186
8202, 8186
8186, 8187
8202, 8187
8203, 8187
8189, 8188
8190, 8188
8191, 8188
8203, 8188
8188, 8189
8190, 8189
8191, 8189
8203, 8189
8188, 8190
8189, 8190
8191, 8190
8188, 8191
8189, 8191
8190, 8191
8192, 8191
8191, 8192
8193, 8192
8194, 8192
8195, 8192
8192, 8193
8194, 8193
8195, 8193
8192, 8194
8193, 8194
8195, 8194
8192, 8195
8193, 8195
8194, 8195
8177, 8196
8178, 8196
8197, 8196
8204, 8196
8207, 8196
8178, 8197
8196, 8197
8198, 8197
8204, 8197
8205, 8197
8206, 8197
8207, 8197
8197, 8198
8199, 8198
8205, 8198
8206, 8198
8179, 8199
8180, 8199
8198, 8199
8206, 8199
8183, 8200
8184, 8200
8201, 8200
8184, 8201
8185, 8201
8186, 8201
8200, 8201
8186, 8202
8187, 8202
8203, 8202
8187, 8203
8188, 8203
8189, 8203
8202, 8203
8177, 8204
8196, 8204
8197, 8204
8207, 8204
8178, 8205
8197, 8205
8198, 8205
8206, 8205
8197, 8206
8198, 8206
8199, 8206
8205, 8206
8177, 8207
8196, 8207
8197, 8207
8204, 8207
