14945, 14944
14949, 14944
14944, 14945
14948, 14945
14952, 14945
14947, 14946
14950, 14946
14951, 14946
14957, 14946
14946, 14947
14950, 14947
14951, 14947
14956, 14947
14945, 14948
14949, 14948
14944, 14949
14948, 14949
14961, 14949
14946, 14950
14947, 14950
14951, 14950
14961, 14950
14946, 14951
14947, 14951
14950, 14951
14964, 14951
14945, 14952
14956, 14952
14957, 14952
14955, 14953
14958, 14953
14965, 14953
14958, 14954
14959, 14954
14960, 14954
14963, 14954
14966, 14954
14967, 14954
14953, 14955
14956, 14955
14958, 14955
14964, 14955
14965, 14955
14947, 14956
14952, 14956
14955, 14956
14957, 14956
14961, 14956
14964, 14956
14965, 14956
14946, 14957
14952, 14957
14956, 14957
14953, 14958
14954, 14958
14955, 14958
14965, 14958
14954, 14959
14960, 14959
14963, 14959
14954, 14960
14959, 14960
14966, 14960
14967, 14960
14949, 14961
14950, 14961
14956, 14961
14963, 14962
14965, 14962
14954, 14963
14959, 14963
14962, 14963
14966, 14963
14951, 14964
14955, 14964
14956, 14964
14965, 14964
14953, 14965
14955, 14965
14956, 14965
14958, 14965
14962, 14965
14964, 14965
14954, 14966
14960, 14966
14963, 14966
14967, 14966
14954, 14967
14960, 14967
14966, 14967
