2849, 2827
2851, 2827
2854, 2827
2829, 2828
2852, 2828
2856, 2828
2828, 2829
2830, 2829
2853, 2829
2829, 2830
2831, 2830
2853, 2830
2857, 2830
2830, 2831
2832, 2831
2833, 2831
2831, 2832
2833, 2832
2834, 2832
2831, 2833
2832, 2833
2834, 2833
2832, 2834
2833, 2834
2835, 2834
2850, 2834
2834, 2835
2836, 2835
2837, 2835
2850, 2835
2835, 2836
2837, 2836
2838, 2836
2850, 2836
2835, 2837
2836, 2837
2838, 2837
2848, 2837
2858, 2837
2836, 2838
2837, 2838
2839, 2838
2848, 2838
2838, 2839
2840, 2839
2841, 2839
2858, 2839
2859, 2839
2839, 2840
2841, 2840
2847, 2840
2859, 2840
2839, 2841
2840, 2841
2842, 2841
2843, 2841
2844, 2841
2847, 2841
2860, 2841
2841, 2842
2843, 2842
2844, 2842
2861, 2842
2862, 2842
2863, 2842
2841, 2843
2842, 2843
2844, 2843
2861, 2843
2841, 2844
2842, 2844
2843, 2844
2846, 2844
2846, 2845
2861, 2845
2863, 2845
2844, 2846
2845, 2846
2861, 2846
2863, 2846
2840, 2847
2841, 2847
2859, 2847
2860, 2847
2862, 2847
2837, 2848
2838, 2848
2850, 2848
2858, 2848
2827, 2849
2851, 2849
2854, 2849
2855, 2849
2834, 2850
2835, 2850
2836, 2850
2848, 2850
2827, 2851
2849, 2851
2854, 2851
2855, 2851
2828, 2852
2854, 2852
2855, 2852
2856, 2852
2829, 2853
2830, 2853
2856, 2853
2857, 2853
2827, 2854
2849, 2854
2851, 2854
2852, 2854
2855, 2854
2849, 2855
2851, 2855
2852, 2855
2854, 2855
2856, 2855
2828, 2856
2852, 2856
2853, 2856
2855, 2856
2857, 2856
2830, 2857
2853, 2857
2856, 2857
2837, 2858
2839, 2858
2848, 2858
2859, 2858
2839, 2859
2840, 2859
2847, 2859
2858, 2859
2860, 2859
2841, 2860
2847, 2860
2859, 2860
2862, 2860
2863, 2860
2842, 2861
2843, 2861
2845, 2861
2846, 2861
2862, 2861
2863, 2861
2842, 2862
2847, 2862
2860, 2862
2861, 2862
2863, 2862
2842, 2863
2845, 2863
2846, 2863
2860, 2863
2861, 2863
2862, 2863
