158, 157
159, 157
160, 157
157, 158
159, 158
160, 158
175, 158
178, 158
157, 159
158, 159
160, 159
161, 159
162, 159
175, 159
178, 159
157, 160
158, 160
159, 160
161, 160
162, 160
179, 160
159, 161
160, 161
162, 161
179, 161
159, 162
160, 162
161, 162
163, 162
180, 162
162, 163
164, 163
165, 163
180, 163
163, 164
165, 164
166, 164
163, 165
164, 165
166, 165
167, 165
168, 165
164, 166
165, 166
167, 166
168, 166
177, 166
165, 167
166, 167
168, 167
177, 167
165, 168
166, 168
167, 168
176, 168
170, 169
171, 169
176, 169
177, 169
181, 169
169, 170
171, 170
172, 170
181, 170
169, 171
170, 171
172, 171
173, 171
181, 171
182, 171
170, 172
171, 172
173, 172
174, 172
182, 172
171, 173
172, 173
174, 173
182, 173
172, 174
173, 174
182, 174
158, 175
159, 175
178, 175
179, 175
168, 176
169, 176
177, 176
181, 176
166, 177
167, 177
169, 177
176, 177
180, 177
158, 178
159, 178
175, 178
179, 178
160, 179
161, 179
175, 179
178, 179
180, 179
162, 180
163, 180
177, 180
179, 180
169, 181
170, 181
171, 181
176, 181
182, 181
171, 182
172, 182
173, 182
174, 182
181, 182
