17871, 17870
17880, 17870
17881, 17870
17870, 17871
17872, 17871
17880, 17871
17882, 17871
17892, 17871
17871, 17872
17873, 17872
17881, 17872
17883, 17872
17891, 17872
17892, 17872
17872, 17873
17882, 17873
17884, 17873
17891, 17873
17893, 17873
17875, 17874
17876, 17874
17893, 17874
17898, 17874
17874, 17875
17876, 17875
17877, 17875
17893, 17875
17898, 17875
17874, 17876
17875, 17876
17877, 17876
17875, 17877
17876, 17877
17878, 17877
17889, 17877
17877, 17878
17894, 17878
17899, 17878
17890, 17879
17894, 17879
17895, 17879
17900, 17879
17870, 17880
17871, 17880
17881, 17880
17870, 17881
17872, 17881
17880, 17881
17892, 17881
17897, 17881
17871, 17882
17873, 17882
17883, 17882
17896, 17882
17897, 17882
17872, 17883
17882, 17883
17896, 17883
17898, 17883
17873, 17884
17885, 17884
17886, 17884
17898, 17884
17884, 17885
17886, 17885
17887, 17885
17884, 17886
17885, 17886
17887, 17886
17888, 17886
17885, 17887
17886, 17887
17888, 17887
17886, 17888
17887, 17888
17889, 17888
17890, 17888
17877, 17889
17888, 17889
17890, 17889
17899, 17889
17879, 17890
17888, 17890
17889, 17890
17900, 17890
17872, 17891
17873, 17891
17892, 17891
17897, 17891
17871, 17892
17872, 17892
17881, 17892
17891, 17892
17896, 17892
17873, 17893
17874, 17893
17875, 17893
17878, 17894
17879, 17894
17895, 17894
17899, 17894
17900, 17894
17879, 17895
17894, 17895
17899, 17895
17900, 17895
17882, 17896
17883, 17896
17892, 17896
17897, 17896
17881, 17897
17882, 17897
17891, 17897
17896, 17897
17874, 17898
17875, 17898
17883, 17898
17884, 17898
17878, 17899
17889, 17899
17894, 17899
17895, 17899
17900, 17899
17879, 17900
17890, 17900
17894, 17900
17895, 17900
17899, 17900
