12151, 12150
12153, 12150
12150, 12151
12153, 12151
12158, 12151
12159, 12151
12167, 12151
12153, 12152
12159, 12152
12165, 12152
12166, 12152
12150, 12153
12151, 12153
12152, 12153
12167, 12153
12155, 12154
12162, 12154
12154, 12155
12156, 12155
12161, 12155
12163, 12155
12155, 12156
12157, 12156
12162, 12156
12156, 12157
12160, 12157
12164, 12157
12165, 12157
12151, 12158
12159, 12158
12166, 12158
12167, 12158
12151, 12159
12152, 12159
12158, 12159
12160, 12159
12166, 12159
12167, 12159
12157, 12160
12159, 12160
12164, 12160
12165, 12160
12155, 12161
12162, 12161
12154, 12162
12156, 12162
12161, 12162
12163, 12162
12155, 12163
12162, 12163
12164, 12163
12157, 12164
12160, 12164
12163, 12164
12165, 12164
12152, 12165
12157, 12165
12160, 12165
12164, 12165
12152, 12166
12158, 12166
12159, 12166
12167, 12166
12151, 12167
12153, 12167
12158, 12167
12159, 12167
12166, 12167
