5861, 5860
5862, 5860
5886, 5860
5860, 5861
5862, 5861
5863, 5861
5886, 5861
5860, 5862
5861, 5862
5863, 5862
5864, 5862
5885, 5862
5886, 5862
5861, 5863
5862, 5863
5864, 5863
5885, 5863
5862, 5864
5863, 5864
5865, 5864
5884, 5864
5885, 5864
5864, 5865
5866, 5865
5884, 5865
5865, 5866
5867, 5866
5883, 5866
5884, 5866
5866, 5867
5868, 5867
5869, 5867
5889, 5867
5867, 5868
5882, 5868
5883, 5868
5889, 5868
5867, 5869
5870, 5869
5871, 5869
5872, 5869
5890, 5869
5869, 5870
5871, 5870
5872, 5870
5881, 5870
5890, 5870
5869, 5871
5870, 5871
5872, 5871
5873, 5871
5881, 5871
5869, 5872
5870, 5872
5871, 5872
5873, 5872
5888, 5872
5871, 5873
5872, 5873
5874, 5873
5887, 5873
5888, 5873
5873, 5874
5875, 5874
5876, 5874
5887, 5874
5874, 5875
5876, 5875
5877, 5875
5878, 5875
5874, 5876
5875, 5876
5877, 5876
5878, 5876
5880, 5876
5875, 5877
5876, 5877
5878, 5877
5879, 5877
5875, 5878
5876, 5878
5877, 5878
5879, 5878
5880, 5878
5877, 5879
5878, 5879
5880, 5879
5876, 5880
5878, 5880
5879, 5880
5870, 5881
5871, 5881
5882, 5881
5888, 5881
5890, 5881
5868, 5882
5881, 5882
5889, 5882
5890, 5882
5866, 5883
5868, 5883
5889, 5883
5864, 5884
5865, 5884
5866, 5884
5885, 5884
5862, 5885
5863, 5885
5864, 5885
5884, 5885
5886, 5885
5860, 5886
5861, 5886
5862, 5886
5885, 5886
5873, 5887
5874, 5887
5888, 5887
5872, 5888
5873, 5888
5881, 5888
5887, 5888
5890, 5888
5867, 5889
5868, 5889
5882, 5889
5883, 5889
5869, 5890
5870, 5890
5881, 5890
5882, 5890
5888, 5890
