8308, 8307
8334, 8307
8335, 8307
8307, 8308
8309, 8308
8310, 8308
8334, 8308
8335, 8308
8308, 8309
8310, 8309
8311, 8309
8312, 8309
8332, 8309
8308, 8310
8309, 8310
8311, 8310
8312, 8310
8332, 8310
8309, 8311
8310, 8311
8312, 8311
8313, 8311
8309, 8312
8310, 8312
8311, 8312
8313, 8312
8314, 8312
8315, 8312
8311, 8313
8312, 8313
8314, 8313
8315, 8313
8312, 8314
8313, 8314
8315, 8314
8316, 8314
8312, 8315
8313, 8315
8314, 8315
8316, 8315
8317, 8315
8331, 8315
8314, 8316
8315, 8316
8317, 8316
8318, 8316
8338, 8316
8315, 8317
8316, 8317
8318, 8317
8337, 8317
8316, 8318
8317, 8318
8319, 8318
8336, 8318
8337, 8318
8318, 8319
8320, 8319
8321, 8319
8328, 8319
8336, 8319
8319, 8320
8321, 8320
8328, 8320
8336, 8320
8319, 8321
8320, 8321
8322, 8321
8321, 8322
8323, 8322
8324, 8322
8322, 8323
8324, 8323
8325, 8323
8326, 8323
8322, 8324
8323, 8324
8325, 8324
8326, 8324
8327, 8324
8323, 8325
8324, 8325
8326, 8325
8327, 8325
8323, 8326
8324, 8326
8325, 8326
8327, 8326
8324, 8327
8325, 8327
8326, 8327
8319, 8328
8320, 8328
8336, 8328
8337, 8328
8330, 8329
8331, 8329
8338, 8329
8329, 8330
8331, 8330
8337, 8330
8338, 8330
8315, 8331
8329, 8331
8330, 8331
8338, 8331
8309, 8332
8310, 8332
8333, 8332
8334, 8332
8335, 8332
8332, 8333
8334, 8333
8335, 8333
8307, 8334
8308, 8334
8332, 8334
8333, 8334
8335, 8334
8307, 8335
8308, 8335
8332, 8335
8333, 8335
8334, 8335
8318, 8336
8319, 8336
8320, 8336
8328, 8336
8337, 8336
8317, 8337
8318, 8337
8328, 8337
8330, 8337
8336, 8337
8338, 8337
8316, 8338
8329, 8338
8330, 8338
8331, 8338
8337, 8338
