5371, 5370
5382, 5370
5370, 5371
5383, 5371
5373, 5372
5384, 5372
5372, 5373
5374, 5373
5383, 5373
5385, 5373
5373, 5374
5375, 5374
5384, 5374
5395, 5374
5396, 5374
5404, 5374
5405, 5374
5374, 5375
5376, 5375
5387, 5375
5375, 5376
5377, 5376
5396, 5376
5376, 5377
5378, 5377
5379, 5377
5377, 5378
5379, 5378
5380, 5378
5398, 5378
5377, 5379
5378, 5379
5380, 5379
5378, 5380
5379, 5380
5399, 5380
5382, 5381
5392, 5381
5370, 5382
5381, 5382
5383, 5382
5371, 5383
5373, 5383
5382, 5383
5384, 5383
5372, 5384
5374, 5384
5383, 5384
5385, 5384
5395, 5384
5404, 5384
5373, 5385
5384, 5385
5387, 5386
5396, 5386
5405, 5386
5375, 5387
5386, 5387
5396, 5387
5397, 5387
5405, 5387
5406, 5387
5389, 5388
5397, 5388
5406, 5388
5388, 5389
5390, 5389
5398, 5389
5389, 5390
5391, 5390
5399, 5390
5390, 5391
5381, 5392
5400, 5392
5409, 5392
5394, 5393
5403, 5393
5393, 5394
5402, 5394
5374, 5395
5384, 5395
5374, 5396
5376, 5396
5386, 5396
5387, 5396
5387, 5397
5388, 5397
5378, 5398
5389, 5398
5399, 5398
5408, 5398
5380, 5399
5390, 5399
5398, 5399
5407, 5399
5392, 5400
5401, 5400
5409, 5400
5400, 5401
5409, 5401
5394, 5402
5403, 5402
5393, 5403
5402, 5403
5374, 5404
5384, 5404
5374, 5405
5386, 5405
5387, 5405
5387, 5406
5388, 5406
5399, 5407
5408, 5407
5398, 5408
5407, 5408
5392, 5409
5400, 5409
5401, 5409
