18516, 18515
18517, 18515
18536, 18515
18515, 18516
18517, 18516
18518, 18516
18535, 18516
18555, 18516
18515, 18517
18516, 18517
18518, 18517
18519, 18517
18516, 18518
18517, 18518
18519, 18518
18517, 18519
18518, 18519
18520, 18519
18519, 18520
18521, 18520
18541, 18520
18520, 18521
18522, 18521
18542, 18521
18556, 18521
18521, 18522
18523, 18522
18541, 18522
18557, 18522
18522, 18523
18524, 18523
18525, 18523
18545, 18523
18523, 18524
18525, 18524
18543, 18524
18545, 18524
18523, 18525
18524, 18525
18526, 18525
18525, 18526
18527, 18526
18547, 18526
18526, 18527
18528, 18527
18546, 18527
18527, 18528
18529, 18528
18549, 18528
18550, 18528
18528, 18529
18530, 18529
18548, 18529
18549, 18529
18550, 18529
18551, 18529
18529, 18530
18531, 18530
18549, 18530
18530, 18531
18532, 18531
18533, 18531
18531, 18532
18533, 18532
18534, 18532
18531, 18533
18532, 18533
18534, 18533
18553, 18533
18532, 18534
18533, 18534
18553, 18534
18516, 18535
18536, 18535
18537, 18535
18559, 18535
18515, 18536
18535, 18536
18537, 18536
18538, 18536
18535, 18537
18536, 18537
18538, 18537
18539, 18537
18536, 18538
18537, 18538
18539, 18538
18537, 18539
18538, 18539
18540, 18539
18539, 18540
18541, 18540
18520, 18541
18522, 18541
18540, 18541
18542, 18541
18560, 18541
18521, 18542
18541, 18542
18543, 18542
18561, 18542
18524, 18543
18542, 18543
18544, 18543
18545, 18543
18543, 18544
18545, 18544
18523, 18545
18524, 18545
18543, 18545
18544, 18545
18546, 18545
18527, 18546
18545, 18546
18547, 18546
18526, 18547
18546, 18547
18548, 18547
18529, 18548
18547, 18548
18549, 18548
18528, 18549
18529, 18549
18530, 18549
18548, 18549
18550, 18549
18528, 18550
18529, 18550
18549, 18550
18551, 18550
18552, 18550
18529, 18551
18550, 18551
18552, 18551
18550, 18552
18551, 18552
18553, 18552
18533, 18553
18534, 18553
18552, 18553
18555, 18554
18559, 18554
18516, 18555
18554, 18555
18558, 18555
18521, 18556
18557, 18556
18561, 18556
18522, 18557
18556, 18557
18560, 18557
18561, 18557
18555, 18558
18559, 18558
18535, 18559
18554, 18559
18558, 18559
18541, 18560
18557, 18560
18561, 18560
18542, 18561
18556, 18561
18557, 18561
18560, 18561
