14049, 14048
14057, 14048
14048, 14049
14050, 14049
14051, 14049
14056, 14049
14049, 14050
14051, 14050
14057, 14050
14049, 14051
14050, 14051
14057, 14051
14058, 14051
14059, 14051
14064, 14051
14053, 14052
14054, 14052
14057, 14052
14052, 14053
14054, 14053
14055, 14053
14052, 14054
14053, 14054
14055, 14054
14059, 14054
14053, 14055
14054, 14055
14059, 14055
14069, 14055
14049, 14056
14057, 14056
14058, 14056
14048, 14057
14050, 14057
14051, 14057
14052, 14057
14056, 14057
14058, 14057
14059, 14057
14051, 14058
14056, 14058
14057, 14058
14059, 14058
14051, 14059
14054, 14059
14055, 14059
14057, 14059
14058, 14059
14073, 14059
14061, 14060
14066, 14060
14060, 14061
14062, 14061
14065, 14061
14067, 14061
14071, 14061
14061, 14062
14063, 14062
14066, 14062
14068, 14062
14070, 14062
14072, 14062
14062, 14063
14064, 14063
14069, 14063
14073, 14063
14051, 14064
14063, 14064
14069, 14064
14073, 14064
14061, 14065
14066, 14065
14060, 14066
14062, 14066
14065, 14066
14067, 14066
14061, 14067
14066, 14067
14068, 14067
14062, 14068
14067, 14068
14069, 14068
14055, 14069
14063, 14069
14064, 14069
14068, 14069
14073, 14069
14062, 14070
14071, 14070
14061, 14071
14070, 14071
14072, 14071
14062, 14072
14071, 14072
14073, 14072
14059, 14073
14063, 14073
14064, 14073
14069, 14073
14072, 14073
