11055, 11033
11056, 11033
11058, 11033
11035, 11034
11057, 11034
11061, 11034
11034, 11035
11036, 11035
11057, 11035
11061, 11035
11064, 11035
11035, 11036
11037, 11036
11062, 11036
11064, 11036
11036, 11037
11038, 11037
11039, 11037
11065, 11037
11037, 11038
11039, 11038
11040, 11038
11037, 11039
11038, 11039
11040, 11039
11038, 11040
11039, 11040
11041, 11040
11042, 11040
11040, 11041
11042, 11041
11043, 11041
11040, 11042
11041, 11042
11043, 11042
11041, 11043
11042, 11043
11044, 11043
11043, 11044
11045, 11044
11046, 11044
11047, 11044
11044, 11045
11046, 11045
11047, 11045
11044, 11046
11045, 11046
11047, 11046
11044, 11047
11045, 11047
11046, 11047
11048, 11047
11047, 11048
11049, 11048
11050, 11048
11051, 11048
11052, 11048
11048, 11049
11050, 11049
11051, 11049
11052, 11049
11048, 11050
11049, 11050
11051, 11050
11048, 11051
11049, 11051
11050, 11051
11052, 11051
11048, 11052
11049, 11052
11051, 11052
11054, 11053
11055, 11053
11059, 11053
11060, 11053
11053, 11054
11055, 11054
11056, 11054
11059, 11054
11060, 11054
11033, 11055
11053, 11055
11054, 11055
11056, 11055
11033, 11056
11054, 11056
11055, 11056
11058, 11056
11034, 11057
11035, 11057
11058, 11057
11061, 11057
11033, 11058
11056, 11058
11057, 11058
11061, 11058
11053, 11059
11054, 11059
11060, 11059
11053, 11060
11054, 11060
11059, 11060
11034, 11061
11035, 11061
11057, 11061
11058, 11061
11036, 11062
11063, 11062
11064, 11062
11065, 11062
11062, 11063
11064, 11063
11065, 11063
11035, 11064
11036, 11064
11062, 11064
11063, 11064
11065, 11064
11037, 11065
11062, 11065
11063, 11065
11064, 11065
