6015, 6014
6028, 6014
6014, 6015
6016, 6015
6042, 6015
6044, 6015
6015, 6016
6028, 6016
6037, 6016
6044, 6016
6046, 6016
6022, 6017
6045, 6017
6046, 6017
6019, 6018
6023, 6018
6024, 6018
6025, 6018
6026, 6018
6031, 6018
6038, 6018
6045, 6018
6018, 6019
6032, 6019
6039, 6019
6021, 6020
6047, 6020
6048, 6020
6020, 6021
6022, 6021
6047, 6021
6049, 6021
6017, 6022
6021, 6022
6049, 6022
6051, 6022
6018, 6023
6029, 6023
6050, 6023
6051, 6023
6018, 6024
6025, 6024
6031, 6024
6038, 6024
6050, 6024
6018, 6025
6024, 6025
6026, 6025
6018, 6026
6025, 6026
6028, 6027
6054, 6027
6055, 6027
6014, 6028
6016, 6028
6027, 6028
6054, 6028
6056, 6028
6023, 6029
6056, 6029
6058, 6029
6036, 6030
6057, 6030
6058, 6030
6018, 6031
6024, 6031
6032, 6031
6038, 6031
6057, 6031
6019, 6032
6031, 6032
6033, 6032
6038, 6032
6039, 6032
6032, 6033
6039, 6033
6043, 6034
6048, 6034
6055, 6034
6059, 6034
6060, 6034
6042, 6035
6047, 6035
6054, 6035
6059, 6035
6061, 6035
6030, 6036
6037, 6036
6061, 6036
6063, 6036
6016, 6037
6036, 6037
6062, 6037
6063, 6037
6018, 6038
6024, 6038
6031, 6038
6032, 6038
6039, 6038
6062, 6038
6019, 6039
6032, 6039
6033, 6039
6038, 6039
6041, 6040
6043, 6040
6053, 6040
6040, 6041
6048, 6041
6052, 6041
6015, 6042
6035, 6042
6043, 6042
6034, 6043
6040, 6043
6042, 6043
6015, 6044
6016, 6044
6017, 6045
6018, 6045
6016, 6046
6017, 6046
6051, 6046
6063, 6046
6020, 6047
6021, 6047
6035, 6047
6020, 6048
6034, 6048
6041, 6048
6021, 6049
6022, 6049
6023, 6050
6024, 6050
6022, 6051
6023, 6051
6046, 6051
6058, 6051
6063, 6051
6041, 6052
6053, 6052
6055, 6052
6040, 6053
6052, 6053
6060, 6053
6027, 6054
6028, 6054
6035, 6054
6027, 6055
6034, 6055
6052, 6055
6028, 6056
6029, 6056
6030, 6057
6031, 6057
6029, 6058
6030, 6058
6051, 6058
6063, 6058
6034, 6059
6035, 6059
6034, 6060
6053, 6060
6035, 6061
6036, 6061
6037, 6062
6038, 6062
6036, 6063
6037, 6063
6046, 6063
6051, 6063
6058, 6063
