13245, 13226
13246, 13226
13244, 13227
13247, 13227
13248, 13227
13251, 13228
13253, 13228
13258, 13228
13251, 13229
13252, 13229
13258, 13229
13252, 13230
13254, 13230
13259, 13230
13232, 13231
13241, 13231
13254, 13231
13261, 13231
13231, 13232
13233, 13232
13242, 13232
13232, 13233
13234, 13233
13241, 13233
13243, 13233
13233, 13234
13242, 13234
13243, 13234
13245, 13235
13246, 13235
13244, 13236
13247, 13236
13255, 13236
13251, 13237
13253, 13237
13258, 13237
13260, 13237
13252, 13238
13258, 13238
13259, 13238
13240, 13239
13252, 13239
13259, 13239
13261, 13239
13239, 13240
13241, 13240
13254, 13240
13261, 13240
13231, 13241
13233, 13241
13240, 13241
13242, 13241
13232, 13242
13234, 13242
13241, 13242
13243, 13242
13233, 13243
13234, 13243
13242, 13243
13227, 13244
13236, 13244
13245, 13244
13246, 13244
13247, 13244
13226, 13245
13235, 13245
13244, 13245
13246, 13245
13247, 13245
13226, 13246
13235, 13246
13244, 13246
13245, 13246
13247, 13246
13227, 13247
13236, 13247
13244, 13247
13245, 13247
13246, 13247
13227, 13248
13249, 13248
13256, 13248
13248, 13249
13250, 13249
13255, 13249
13256, 13249
13257, 13249
13249, 13250
13253, 13250
13256, 13250
13260, 13250
13228, 13251
13229, 13251
13237, 13251
13253, 13251
13258, 13251
13260, 13251
13229, 13252
13230, 13252
13238, 13252
13239, 13252
13228, 13253
13237, 13253
13250, 13253
13251, 13253
13230, 13254
13231, 13254
13240, 13254
13261, 13254
13236, 13255
13249, 13255
13256, 13255
13248, 13256
13249, 13256
13250, 13256
13255, 13256
13257, 13256
13249, 13257
13256, 13257
13260, 13257
13228, 13258
13229, 13258
13237, 13258
13238, 13258
13251, 13258
13230, 13259
13238, 13259
13239, 13259
13237, 13260
13250, 13260
13251, 13260
13257, 13260
13231, 13261
13239, 13261
13240, 13261
13254, 13261
