14833, 14832
14835, 14832
14838, 14832
14832, 14833
14835, 14833
14838, 14833
14835, 14834
14838, 14834
14841, 14834
14832, 14835
14833, 14835
14834, 14835
14838, 14835
14839, 14836
14842, 14836
14846, 14836
14839, 14837
14840, 14837
14843, 14837
14847, 14837
14832, 14838
14833, 14838
14834, 14838
14835, 14838
14836, 14839
14837, 14839
14840, 14839
14837, 14840
14839, 14840
14843, 14840
14834, 14841
14842, 14841
14845, 14841
14846, 14841
14836, 14842
14841, 14842
14845, 14842
14846, 14842
14837, 14843
14840, 14843
14844, 14843
14847, 14843
14848, 14843
14843, 14844
14847, 14844
14848, 14844
14841, 14845
14842, 14845
14846, 14845
14836, 14846
14841, 14846
14842, 14846
14845, 14846
14837, 14847
14843, 14847
14844, 14847
14848, 14847
14843, 14848
14844, 14848
14847, 14848
