11187, 11186
11202, 11186
11203, 11186
11204, 11186
11186, 11187
11188, 11187
11202, 11187
11203, 11187
11204, 11187
11187, 11188
11189, 11188
11205, 11188
11188, 11189
11205, 11189
11206, 11189
11207, 11189
11191, 11190
11192, 11190
11206, 11190
11190, 11191
11192, 11191
11206, 11191
11208, 11191
11190, 11192
11191, 11192
11193, 11192
11208, 11192
11210, 11192
11192, 11193
11194, 11193
11195, 11193
11209, 11193
11193, 11194
11195, 11194
11196, 11194
11193, 11195
11194, 11195
11196, 11195
11194, 11196
11195, 11196
11197, 11196
11196, 11197
11198, 11197
11199, 11197
11197, 11198
11199, 11198
11200, 11198
11201, 11198
11197, 11199
11198, 11199
11200, 11199
11201, 11199
11198, 11200
11199, 11200
11201, 11200
11198, 11201
11199, 11201
11200, 11201
11186, 11202
11187, 11202
11203, 11202
11186, 11203
11187, 11203
11202, 11203
11204, 11203
11205, 11203
11186, 11204
11187, 11204
11203, 11204
11205, 11204
11188, 11205
11189, 11205
11203, 11205
11204, 11205
11207, 11205
11189, 11206
11190, 11206
11191, 11206
11207, 11206
11189, 11207
11205, 11207
11206, 11207
11191, 11208
11192, 11208
11209, 11208
11210, 11208
11211, 11208
11193, 11209
11208, 11209
11210, 11209
11211, 11209
11192, 11210
11208, 11210
11209, 11210
11211, 11210
11208, 11211
11209, 11211
11210, 11211
