7.000000,  9.722592, 24.110000, -1.430000,  1.044000, 66.800000,  2.000000,  4.000000,  1.000000,  4.000000,  1.000000,  2.000000,  2.000000,  1.000000,  4.000000,  2.000000,  4.000000,  1.000000, 1, 0, 0
15.000000, 20.810109, 53.270000,  1.120000,  2.423000,126.300000,  4.000000,  8.000000,  3.000000,  6.000000,  4.000000,  5.000000,  6.000000,  3.000000,  6.000000,  3.000000,  9.000000,  3.000000, 1, 0, 0
13.000000, 18.654891, 48.330000,  3.650000,  2.175000,103.000000,  4.000000,  7.000000,  2.000000,  4.000000,  3.000000,  6.000000,  7.000000,  2.000000,  4.000000,  2.000000,  9.000000,  2.000000, 1, 0, 0
77.000000, 28.745632,277.540000,  2.490000, 12.571000,662.400000, 27.000000, 33.000000, 17.000000, 29.000000, 24.000000, 24.000000, 28.000000, 20.000000, 29.000000, 20.000000, 40.000000, 17.000000, 1, 0, 0
16.000000, 22.972682, 53.510000,  1.930000,  2.476000,130.300000,  5.000000,  6.000000,  5.000000,  4.000000,  6.000000,  6.000000,  6.000000,  5.000000,  5.000000,  5.000000,  6.000000,  5.000000, 1, 0, 0
4.000000,  4.783531, 13.720000, -0.350000,  0.631000, 34.800000,  1.000000,  2.000000,  1.000000,  2.000000,  1.000000,  1.000000,  1.000000,  1.000000,  2.000000,  1.000000,  2.000000,  1.000000, 1, 0, 0
11.000000, 14.921336, 46.690000,  0.670000,  2.093000, 92.200000,  2.000000,  6.000000,  3.000000,  4.000000,  3.000000,  4.000000,  5.000000,  2.000000,  4.000000,  1.000000,  7.000000,  3.000000, 1, 0, 0
7.000000,  9.574212, 24.110000, -1.430000,  1.044000, 66.800000,  2.000000,  4.000000,  1.000000,  4.000000,  1.000000,  2.000000,  2.000000,  1.000000,  4.000000,  2.000000,  4.000000,  1.000000, 1, 0, 0
15.000000, 21.092747, 53.270000,  1.120000,  2.423000,126.300000,  4.000000,  8.000000,  3.000000,  6.000000,  4.000000,  5.000000,  6.000000,  3.000000,  6.000000,  3.000000,  9.000000,  3.000000, 1, 0, 0
13.000000, 18.697563, 48.330000,  3.650000,  2.175000,103.000000,  4.000000,  7.000000,  2.000000,  4.000000,  3.000000,  6.000000,  7.000000,  2.000000,  4.000000,  2.000000,  9.000000,  2.000000, 1, 0, 0
77.000000, 28.783049,277.540000,  2.490000, 12.571000,662.400000, 27.000000, 33.000000, 17.000000, 29.000000, 24.000000, 24.000000, 28.000000, 20.000000, 29.000000, 20.000000, 40.000000, 17.000000, 1, 0, 0
16.000000, 23.007413, 53.510000,  1.930000,  2.476000,130.300000,  5.000000,  6.000000,  5.000000,  4.000000,  6.000000,  6.000000,  6.000000,  5.000000,  5.000000,  5.000000,  6.000000,  5.000000, 1, 0, 0
4.000000,  4.852992, 13.720000, -0.350000,  0.631000, 34.800000,  1.000000,  2.000000,  1.000000,  2.000000,  1.000000,  1.000000,  1.000000,  1.000000,  2.000000,  1.000000,  2.000000,  1.000000, 1, 0, 0
11.000000, 14.892946, 46.690000,  0.670000,  2.093000, 92.200000,  2.000000,  6.000000,  3.000000,  4.000000,  3.000000,  4.000000,  5.000000,  2.000000,  4.000000,  1.000000,  7.000000,  3.000000, 1, 0, 0
2.000000,  3.847311, 12.600000,  0.690000,  0.589000, 16.700000,  0.000000,  0.000000,  2.000000,  1.000000,  1.000000,  0.000000,  1.000000,  0.000000,  1.000000,  0.000000,  0.000000,  2.000000, 0, 1, 0
7.000000, 19.610838, 31.690000,  2.710000,  1.435000, 58.400000,  0.000000,  4.000000,  3.000000,  3.000000,  1.000000,  3.000000,  4.000000,  0.000000,  3.000000,  0.000000,  4.000000,  3.000000, 0, 1, 0
9.000000, 25.909135, 35.780000,  0.710000,  1.649000, 77.100000,  1.000000,  4.000000,  4.000000,  4.000000,  1.000000,  4.000000,  4.000000,  1.000000,  4.000000,  1.000000,  4.000000,  4.000000, 0, 1, 0
8.000000, 23.881163, 26.930000,  5.790000,  1.247000, 55.000000,  3.000000,  4.000000,  1.000000,  1.000000,  2.000000,  5.000000,  5.000000,  2.000000,  1.000000,  2.000000,  5.000000,  1.000000, 0, 1, 0
7.000000, 20.154219, 28.620000,  6.100000,  1.376000, 46.600000,  1.000000,  3.000000,  3.000000,  1.000000,  1.000000,  5.000000,  5.000000,  1.000000,  1.000000,  1.000000,  3.000000,  3.000000, 0, 1, 0
7.000000, 17.157539, 29.000000,  0.460000,  1.288000, 64.500000,  0.000000,  5.000000,  2.000000,  4.000000,  0.000000,  3.000000,  3.000000,  0.000000,  4.000000,  0.000000,  5.000000,  2.000000, 0, 1, 0
3.000000,  6.751627,  9.550000,  0.270000,  0.428000, 25.400000,  1.000000,  2.000000,  0.000000,  1.000000,  1.000000,  1.000000,  1.000000,  1.000000,  1.000000,  1.000000,  2.000000,  0.000000, 0, 1, 0
3.000000,  6.534954, 10.420000,  0.360000,  0.478000, 25.900000,  1.000000,  1.000000,  1.000000,  1.000000,  2.000000,  0.000000,  1.000000,  1.000000,  1.000000,  1.000000,  1.000000,  1.000000, 0, 1, 0
2.000000,  3.811725, 12.600000,  0.690000,  0.589000, 16.700000,  0.000000,  0.000000,  2.000000,  1.000000,  1.000000,  0.000000,  1.000000,  0.000000,  1.000000,  0.000000,  0.000000,  2.000000, 0, 1, 0
7.000000, 20.215789, 31.690000,  2.710000,  1.435000, 58.400000,  0.000000,  4.000000,  3.000000,  3.000000,  1.000000,  3.000000,  4.000000,  0.000000,  3.000000,  0.000000,  4.000000,  3.000000, 0, 1, 0
9.000000, 26.075039, 35.780000,  0.710000,  1.649000, 77.100000,  1.000000,  4.000000,  4.000000,  4.000000,  1.000000,  4.000000,  4.000000,  1.000000,  4.000000,  1.000000,  4.000000,  4.000000, 0, 1, 0
8.000000, 23.877043, 26.930000,  5.790000,  1.247000, 55.000000,  3.000000,  4.000000,  1.000000,  1.000000,  2.000000,  5.000000,  5.000000,  2.000000,  1.000000,  2.000000,  5.000000,  1.000000, 0, 1, 0
7.000000, 20.121360, 28.620000,  6.100000,  1.376000, 46.600000,  1.000000,  3.000000,  3.000000,  1.000000,  1.000000,  5.000000,  5.000000,  1.000000,  1.000000,  1.000000,  3.000000,  3.000000, 0, 1, 0
7.000000, 17.051715, 29.000000,  0.460000,  1.288000, 64.500000,  0.000000,  5.000000,  2.000000,  4.000000,  0.000000,  3.000000,  3.000000,  0.000000,  4.000000,  0.000000,  5.000000,  2.000000, 0, 1, 0
3.000000,  6.783247,  9.550000,  0.270000,  0.428000, 25.400000,  1.000000,  2.000000,  0.000000,  1.000000,  1.000000,  1.000000,  1.000000,  1.000000,  1.000000,  1.000000,  2.000000,  0.000000, 0, 1, 0
3.000000,  6.588099, 10.420000,  0.360000,  0.478000, 25.900000,  1.000000,  1.000000,  1.000000,  1.000000,  2.000000,  0.000000,  1.000000,  1.000000,  1.000000,  1.000000,  1.000000,  1.000000, 0, 1, 0
