5165, 5163
5193, 5163
5201, 5163
5165, 5164
5180, 5164
5194, 5164
5203, 5164
5163, 5165
5164, 5165
5179, 5165
5195, 5165
5182, 5166
5195, 5166
5196, 5166
5205, 5166
5168, 5167
5181, 5167
5183, 5167
5196, 5167
5205, 5167
5167, 5168
5182, 5168
5196, 5168
5197, 5168
5205, 5168
5206, 5168
5170, 5169
5197, 5169
5206, 5169
5169, 5170
5171, 5170
5197, 5170
5170, 5171
5198, 5171
5207, 5171
5173, 5172
5198, 5172
5207, 5172
5172, 5173
5174, 5173
5198, 5173
5173, 5174
5175, 5174
5199, 5174
5208, 5174
5174, 5175
5176, 5175
5177, 5175
5199, 5175
5200, 5175
5175, 5176
5177, 5176
5200, 5176
5209, 5176
5175, 5177
5176, 5177
5200, 5177
5193, 5178
5201, 5178
5202, 5178
5203, 5178
5210, 5178
5165, 5179
5180, 5179
5194, 5179
5203, 5179
5164, 5180
5179, 5180
5204, 5180
5167, 5181
5182, 5181
5204, 5181
5205, 5181
5166, 5182
5168, 5182
5181, 5182
5183, 5182
5205, 5182
5167, 5183
5182, 5183
5206, 5183
5185, 5184
5197, 5184
5206, 5184
5184, 5185
5186, 5185
5187, 5185
5185, 5186
5187, 5186
5188, 5186
5198, 5186
5207, 5186
5185, 5187
5186, 5187
5188, 5187
5198, 5187
5207, 5187
5186, 5188
5187, 5188
5189, 5188
5188, 5189
5190, 5189
5191, 5189
5208, 5189
5189, 5190
5191, 5190
5192, 5190
5208, 5190
5209, 5190
5189, 5191
5190, 5191
5192, 5191
5200, 5191
5209, 5191
5190, 5192
5191, 5192
5163, 5193
5178, 5193
5201, 5193
5210, 5193
5164, 5194
5179, 5194
5195, 5194
5201, 5194
5204, 5194
5165, 5195
5166, 5195
5194, 5195
5203, 5195
5166, 5196
5167, 5196
5168, 5196
5168, 5197
5169, 5197
5170, 5197
5184, 5197
5171, 5198
5172, 5198
5173, 5198
5186, 5198
5187, 5198
5174, 5199
5175, 5199
5200, 5199
5209, 5199
5175, 5200
5176, 5200
5177, 5200
5191, 5200
5199, 5200
5208, 5200
5163, 5201
5178, 5201
5193, 5201
5194, 5201
5202, 5201
5210, 5201
5178, 5202
5201, 5202
5210, 5202
5164, 5203
5178, 5203
5179, 5203
5195, 5203
5204, 5203
5180, 5204
5181, 5204
5194, 5204
5203, 5204
5166, 5205
5167, 5205
5168, 5205
5181, 5205
5182, 5205
5168, 5206
5169, 5206
5183, 5206
5184, 5206
5171, 5207
5172, 5207
5186, 5207
5187, 5207
5174, 5208
5189, 5208
5190, 5208
5200, 5208
5209, 5208
5176, 5209
5190, 5209
5191, 5209
5199, 5209
5208, 5209
5178, 5210
5193, 5210
5201, 5210
5202, 5210
