5530, 5529
5542, 5529
5529, 5530
5531, 5530
5541, 5530
5554, 5530
5555, 5530
5530, 5531
5532, 5531
5544, 5531
5555, 5531
5556, 5531
5531, 5532
5533, 5532
5543, 5532
5545, 5532
5556, 5532
5532, 5533
5534, 5533
5535, 5533
5544, 5533
5557, 5533
5533, 5534
5535, 5534
5547, 5534
5557, 5534
5533, 5535
5534, 5535
5536, 5535
5546, 5535
5558, 5535
5535, 5536
5537, 5536
5538, 5536
5558, 5536
5536, 5537
5538, 5537
5539, 5537
5540, 5537
5559, 5537
5536, 5538
5537, 5538
5539, 5538
5540, 5538
5559, 5538
5560, 5538
5537, 5539
5538, 5539
5540, 5539
5560, 5539
5537, 5540
5538, 5540
5539, 5540
5530, 5541
5542, 5541
5563, 5541
5570, 5541
5529, 5542
5541, 5542
5543, 5542
5563, 5542
5564, 5542
5532, 5543
5542, 5543
5544, 5543
5564, 5543
5565, 5543
5531, 5544
5533, 5544
5543, 5544
5545, 5544
5565, 5544
5532, 5545
5544, 5545
5546, 5545
5547, 5545
5566, 5545
5535, 5546
5545, 5546
5547, 5546
5566, 5546
5534, 5547
5545, 5547
5546, 5547
5548, 5547
5567, 5547
5547, 5548
5549, 5548
5550, 5548
5567, 5548
5548, 5549
5550, 5549
5551, 5549
5552, 5549
5568, 5549
5548, 5550
5549, 5550
5551, 5550
5552, 5550
5568, 5550
5569, 5550
5549, 5551
5550, 5551
5552, 5551
5569, 5551
5549, 5552
5550, 5552
5551, 5552
5561, 5553
5570, 5553
5530, 5554
5555, 5554
5561, 5554
5564, 5554
5530, 5555
5531, 5555
5554, 5555
5556, 5555
5563, 5555
5565, 5555
5531, 5556
5532, 5556
5555, 5556
5557, 5556
5564, 5556
5566, 5556
5533, 5557
5534, 5557
5556, 5557
5558, 5557
5565, 5557
5567, 5557
5535, 5558
5536, 5558
5557, 5558
5566, 5558
5537, 5559
5538, 5559
5560, 5559
5569, 5559
5538, 5560
5539, 5560
5559, 5560
5568, 5560
5553, 5561
5554, 5561
5562, 5561
5570, 5561
5561, 5562
5570, 5562
5541, 5563
5542, 5563
5555, 5563
5564, 5563
5542, 5564
5543, 5564
5554, 5564
5556, 5564
5563, 5564
5565, 5564
5543, 5565
5544, 5565
5555, 5565
5557, 5565
5564, 5565
5566, 5565
5545, 5566
5546, 5566
5556, 5566
5558, 5566
5565, 5566
5567, 5566
5547, 5567
5548, 5567
5557, 5567
5566, 5567
5549, 5568
5550, 5568
5560, 5568
5569, 5568
5550, 5569
5551, 5569
5559, 5569
5568, 5569
5541, 5570
5553, 5570
5561, 5570
5562, 5570
