2388, 2375
2390, 2375
2391, 2375
2377, 2376
2391, 2376
2392, 2376
2393, 2376
2394, 2376
2376, 2377
2378, 2377
2392, 2377
2377, 2378
2379, 2378
2389, 2378
2392, 2378
2378, 2379
2389, 2379
2392, 2379
2381, 2380
2387, 2380
2389, 2380
2380, 2381
2386, 2381
2387, 2381
2383, 2382
2384, 2382
2385, 2382
2386, 2382
2382, 2383
2384, 2383
2385, 2383
2382, 2384
2383, 2384
2385, 2384
2382, 2385
2383, 2385
2384, 2385
2381, 2386
2382, 2386
2387, 2386
2380, 2387
2381, 2387
2386, 2387
2375, 2388
2390, 2388
2391, 2388
2378, 2389
2379, 2389
2380, 2389
2375, 2390
2388, 2390
2391, 2390
2393, 2390
2394, 2390
2375, 2391
2376, 2391
2388, 2391
2390, 2391
2393, 2391
2394, 2391
2376, 2392
2377, 2392
2378, 2392
2379, 2392
2376, 2393
2390, 2393
2391, 2393
2394, 2393
2376, 2394
2390, 2394
2391, 2394
2393, 2394
