13735, 13734
13753, 13734
13734, 13735
13736, 13735
13743, 13735
13752, 13735
13753, 13735
13757, 13735
13735, 13736
13737, 13736
13744, 13736
13746, 13736
13752, 13736
13736, 13737
13752, 13737
13755, 13737
13739, 13738
13755, 13738
13756, 13738
13760, 13738
13738, 13739
13740, 13739
13749, 13739
13756, 13739
13739, 13740
13741, 13740
13748, 13740
13756, 13740
13761, 13740
13740, 13741
13742, 13741
13749, 13741
13751, 13741
13741, 13742
13750, 13742
13751, 13742
13735, 13743
13744, 13743
13753, 13743
13758, 13743
13736, 13744
13743, 13744
13745, 13744
13752, 13744
13757, 13744
13744, 13745
13746, 13745
13757, 13745
13736, 13746
13745, 13746
13760, 13746
13748, 13747
13755, 13747
13760, 13747
13761, 13747
13740, 13748
13747, 13748
13749, 13748
13756, 13748
13761, 13748
13739, 13749
13741, 13749
13748, 13749
13750, 13749
13742, 13750
13749, 13750
13751, 13750
13741, 13751
13742, 13751
13750, 13751
13735, 13752
13736, 13752
13737, 13752
13744, 13752
13734, 13753
13735, 13753
13743, 13753
13754, 13753
13759, 13753
13753, 13754
13758, 13754
13759, 13754
13737, 13755
13738, 13755
13747, 13755
13760, 13755
13738, 13756
13739, 13756
13740, 13756
13748, 13756
13761, 13756
13735, 13757
13744, 13757
13745, 13757
13743, 13758
13754, 13758
13759, 13758
13753, 13759
13754, 13759
13758, 13759
13738, 13760
13746, 13760
13747, 13760
13755, 13760
13740, 13761
13747, 13761
13748, 13761
13756, 13761
