15007, 15006
15012, 15006
15006, 15007
15009, 15007
15012, 15007
15019, 15007
15011, 15008
15012, 15008
15015, 15008
15019, 15008
15007, 15009
15010, 15009
15011, 15009
15009, 15010
15011, 15010
15019, 15010
15008, 15011
15009, 15011
15010, 15011
15019, 15011
15022, 15011
15006, 15012
15007, 15012
15008, 15012
15015, 15012
15022, 15012
15014, 15013
15016, 15013
15023, 15013
15013, 15014
15017, 15014
15024, 15014
15008, 15015
15012, 15015
15016, 15015
15019, 15015
15023, 15015
15013, 15016
15015, 15016
15020, 15016
15022, 15016
15014, 15017
15018, 15017
15021, 15017
15025, 15017
15017, 15018
15024, 15018
15025, 15018
15007, 15019
15008, 15019
15010, 15019
15011, 15019
15015, 15019
15022, 15019
15016, 15020
15021, 15020
15023, 15020
15017, 15021
15020, 15021
15024, 15021
15011, 15022
15012, 15022
15016, 15022
15019, 15022
15023, 15022
15013, 15023
15015, 15023
15020, 15023
15022, 15023
15014, 15024
15018, 15024
15021, 15024
15025, 15024
15017, 15025
15018, 15025
15024, 15025
