3.000000,  5.229412,  9.280000, -2.270000,  0.387000, 33.300000,  2.000000,  1.000000,  0.000000,  2.000000,  1.000000,  0.000000,  0.000000,  1.000000,  2.000000,  1.000000,  2.000000,  0.000000, 1, 0, 0
4.000000,  6.304229, 17.680000,  3.210000,  0.843000, 24.800000,  1.000000,  2.000000,  1.000000,  0.000000,  1.000000,  3.000000,  3.000000,  1.000000,  0.000000,  1.000000,  2.000000,  1.000000, 1, 0, 0
11.000000, 15.247293, 37.140000, -0.730000,  1.681000, 94.700000,  4.000000,  5.000000,  2.000000,  4.000000,  4.000000,  3.000000,  3.000000,  4.000000,  4.000000,  3.000000,  6.000000,  2.000000, 1, 0, 0
4.000000,  5.600864, 12.340000, -1.980000,  0.501000, 43.900000,  3.000000,  1.000000,  0.000000,  3.000000,  0.000000,  1.000000,  1.000000,  0.000000,  3.000000,  3.000000,  1.000000,  0.000000, 1, 0, 0
18.000000, 25.881141, 68.760000, -5.410000,  3.089000,175.900000,  6.000000,  6.000000,  6.000000, 10.000000,  5.000000,  3.000000,  3.000000,  4.000000, 11.000000,  6.000000,  6.000000,  6.000000, 1, 0, 0
3.000000,  5.314478, 11.610000,  2.390000,  0.561000, 19.100000,  1.000000,  1.000000,  1.000000,  0.000000,  1.000000,  2.000000,  2.000000,  1.000000,  0.000000,  0.000000,  2.000000,  1.000000, 1, 0, 0
20.000000, 29.567602, 80.780000,  2.040000,  3.691000,176.700000,  5.000000,  8.000000,  7.000000, 10.000000,  4.000000,  6.000000,  7.000000,  3.000000, 10.000000,  5.000000,  8.000000,  7.000000, 1, 0, 0
21.000000, 29.698092, 74.140000,  2.160000,  3.362000,175.400000,  7.000000,  8.000000,  6.000000,  7.000000,  6.000000,  8.000000,  9.000000,  5.000000,  7.000000,  7.000000,  8.000000,  6.000000, 1, 0, 0
10.000000, 14.994220, 27.330000,  3.770000,  1.275000, 78.100000,  5.000000,  3.000000,  2.000000,  1.000000,  5.000000,  4.000000,  4.000000,  4.000000,  2.000000,  5.000000,  3.000000,  2.000000, 1, 0, 0
3.000000,  5.428960, 10.500000, -0.090000,  0.468000, 25.200000,  1.000000,  2.000000,  0.000000,  1.000000,  1.000000,  1.000000,  1.000000,  1.000000,  1.000000,  0.000000,  3.000000,  0.000000, 1, 0, 0
7.000000, 10.905567, 20.820000, -0.630000,  0.968000, 61.900000,  2.000000,  3.000000,  2.000000,  2.000000,  3.000000,  2.000000,  2.000000,  2.000000,  3.000000,  2.000000,  3.000000,  2.000000, 1, 0, 0
10.000000, 14.043569, 35.300000,  4.320000,  1.704000, 74.800000,  4.000000,  3.000000,  3.000000,  1.000000,  5.000000,  4.000000,  4.000000,  4.000000,  2.000000,  3.000000,  4.000000,  3.000000, 1, 0, 0
14.000000, 19.625095, 50.260000,  5.240000,  2.330000,105.400000,  5.000000,  6.000000,  3.000000,  3.000000,  4.000000,  7.000000,  7.000000,  4.000000,  3.000000,  5.000000,  6.000000,  3.000000, 1, 0, 0
27.000000, 39.510880, 89.460000,  5.460000,  4.200000,217.700000, 12.000000,  6.000000,  9.000000,  7.000000, 11.000000,  9.000000, 10.000000, 10.000000,  7.000000, 11.000000,  7.000000,  9.000000, 1, 0, 0
9.000000, 12.320399, 29.360000, -1.580000,  1.322000, 80.600000,  3.000000,  5.000000,  1.000000,  4.000000,  3.000000,  2.000000,  2.000000,  3.000000,  4.000000,  2.000000,  6.000000,  1.000000, 1, 0, 0
5.000000,  7.101540, 15.560000,  0.120000,  0.674000, 43.200000,  2.000000,  3.000000,  0.000000,  2.000000,  1.000000,  2.000000,  2.000000,  1.000000,  2.000000,  2.000000,  3.000000,  0.000000, 1, 0, 0
5.000000,  6.142225, 16.950000,  2.340000,  0.784000, 33.300000,  1.000000,  4.000000,  0.000000,  1.000000,  1.000000,  3.000000,  3.000000,  1.000000,  1.000000,  1.000000,  4.000000,  0.000000, 1, 0, 0
3.000000,  5.385255,  8.730000, -1.370000,  0.399000, 27.800000,  2.000000,  0.000000,  1.000000,  1.000000,  2.000000,  0.000000,  0.000000,  2.000000,  1.000000,  2.000000,  0.000000,  1.000000, 1, 0, 0
5.000000,  5.878221,  8.500000, -1.070000,  0.374000, 45.300000,  5.000000,  0.000000,  0.000000,  1.000000,  4.000000,  0.000000,  0.000000,  4.000000,  1.000000,  4.000000,  1.000000,  0.000000, 1, 0, 0
12.000000, 16.605062, 47.400000,  1.310000,  2.177000,103.400000,  3.000000,  5.000000,  4.000000,  5.000000,  2.000000,  5.000000,  5.000000,  1.000000,  6.000000,  3.000000,  5.000000,  4.000000, 1, 0, 0
3.000000,  6.609240, 16.680000,  1.190000,  0.811000, 26.100000,  0.000000,  0.000000,  3.000000,  1.000000,  1.000000,  1.000000,  1.000000,  0.000000,  2.000000,  0.000000,  0.000000,  3.000000, 0, 1, 0
4.000000, 10.528534, 14.380000,  1.130000,  0.688000, 28.000000,  2.000000,  0.000000,  2.000000,  0.000000,  2.000000,  2.000000,  2.000000,  2.000000,  0.000000,  2.000000,  0.000000,  2.000000, 0, 1, 0
5.000000, 14.299382, 16.150000,  1.170000,  0.768000, 39.100000,  2.000000,  1.000000,  2.000000,  0.000000,  3.000000,  2.000000,  2.000000,  2.000000,  1.000000,  2.000000,  1.000000,  2.000000, 0, 1, 0
3.000000,  7.008638,  8.030000,  0.250000,  0.375000, 22.400000,  2.000000,  0.000000,  1.000000,  0.000000,  2.000000,  1.000000,  1.000000,  2.000000,  0.000000,  2.000000,  0.000000,  1.000000, 0, 1, 0
4.000000,  9.877538, 13.070000,  1.490000,  0.592000, 28.800000,  2.000000,  1.000000,  1.000000,  0.000000,  3.000000,  1.000000,  2.000000,  2.000000,  0.000000,  2.000000,  1.000000,  1.000000, 0, 1, 0
6.000000, 16.353814, 18.920000, -0.560000,  0.854000, 53.000000,  2.000000,  3.000000,  1.000000,  2.000000,  3.000000,  1.000000,  2.000000,  2.000000,  2.000000,  1.000000,  4.000000,  1.000000, 0, 1, 0
5.000000, 10.857011, 21.330000,  3.520000,  0.997000, 38.700000,  1.000000,  2.000000,  2.000000,  1.000000,  1.000000,  3.000000,  3.000000,  0.000000,  2.000000,  1.000000,  2.000000,  2.000000, 0, 1, 0
