4357, 4356
4358, 4356
4360, 4356
4361, 4356
4356, 4357
4358, 4357
4360, 4357
4366, 4357
4374, 4357
4356, 4358
4357, 4358
4366, 4358
4371, 4358
4372, 4358
4360, 4359
4361, 4359
4376, 4359
4384, 4359
4356, 4360
4357, 4360
4359, 4360
4381, 4360
4382, 4360
4356, 4361
4359, 4361
4369, 4361
4379, 4361
4389, 4361
4394, 4361
4363, 4362
4374, 4362
4384, 4362
4394, 4362
4362, 4363
4366, 4363
4371, 4363
4376, 4363
4386, 4363
4366, 4364
4371, 4364
4376, 4364
4391, 4364
4392, 4364
4370, 4365
4357, 4366
4358, 4366
4363, 4366
4364, 4366
4371, 4366
4372, 4367
4370, 4368
4373, 4368
4383, 4368
4393, 4368
4361, 4369
4373, 4369
4374, 4369
4365, 4370
4368, 4370
4358, 4371
4363, 4371
4364, 4371
4366, 4371
4358, 4372
4367, 4372
4368, 4373
4369, 4373
4378, 4373
4388, 4373
4357, 4374
4362, 4374
4369, 4374
4394, 4374
4380, 4375
4359, 4376
4363, 4376
4364, 4376
4381, 4376
4382, 4377
4373, 4378
4380, 4378
4383, 4378
4393, 4378
4361, 4379
4383, 4379
4384, 4379
4375, 4380
4378, 4380
4360, 4381
4376, 4381
4360, 4382
4377, 4382
4368, 4383
4378, 4383
4379, 4383
4359, 4384
4362, 4384
4379, 4384
4394, 4384
4388, 4385
4390, 4385
4363, 4386
4391, 4386
4392, 4387
4373, 4388
4385, 4388
4393, 4388
4361, 4389
4393, 4389
4385, 4390
4364, 4391
4386, 4391
4364, 4392
4387, 4392
4368, 4393
4378, 4393
4388, 4393
4389, 4393
4361, 4394
4362, 4394
4374, 4394
4384, 4394
