5.000000,  6.578283, 15.340000, -3.080000,  0.639000, 50.800000,  1.000000,  4.000000,  0.000000,  3.000000,  1.000000,  1.000000,  1.000000,  1.000000,  3.000000,  1.000000,  4.000000,  0.000000, 1, 0, 0
17.000000, 24.199881, 73.930000,  5.940000,  3.469000,142.100000,  5.000000,  5.000000,  7.000000,  5.000000,  6.000000,  6.000000,  7.000000,  4.000000,  6.000000,  4.000000,  6.000000,  7.000000, 1, 0, 0
5.000000,  4.815049,  9.670000, -2.430000,  0.422000, 42.600000,  4.000000,  0.000000,  1.000000,  0.000000,  5.000000,  0.000000,  1.000000,  4.000000,  0.000000,  4.000000,  0.000000,  1.000000, 1, 0, 0
15.000000, 21.797684, 54.740000,  0.680000,  2.480000,128.400000,  4.000000,  7.000000,  4.000000,  5.000000,  6.000000,  4.000000,  5.000000,  4.000000,  6.000000,  4.000000,  7.000000,  4.000000, 1, 0, 0
5.000000,  7.440774, 22.090000,  1.790000,  1.013000, 40.900000,  1.000000,  2.000000,  2.000000,  2.000000,  1.000000,  2.000000,  3.000000,  0.000000,  2.000000,  1.000000,  2.000000,  2.000000, 1, 0, 0
9.000000, 12.321803, 49.990000,  3.690000,  2.366000, 74.400000,  1.000000,  3.000000,  5.000000,  4.000000,  1.000000,  4.000000,  5.000000,  0.000000,  4.000000,  1.000000,  3.000000,  5.000000, 1, 0, 0
9.000000, 12.686781, 32.270000,  2.850000,  1.475000, 67.600000,  4.000000,  2.000000,  3.000000,  1.000000,  6.000000,  2.000000,  4.000000,  4.000000,  1.000000,  4.000000,  2.000000,  3.000000, 1, 0, 0
5.000000,  8.200348, 20.710000,  2.140000,  0.955000, 38.600000,  1.000000,  1.000000,  3.000000,  1.000000,  3.000000,  1.000000,  3.000000,  1.000000,  1.000000,  1.000000,  1.000000,  3.000000, 1, 0, 0
13.000000, 17.679205, 55.180000,  6.430000,  2.678000, 99.500000,  4.000000,  4.000000,  5.000000,  3.000000,  3.000000,  7.000000,  7.000000,  3.000000,  3.000000,  4.000000,  4.000000,  5.000000, 1, 0, 0
13.000000, 18.183540, 40.260000,  0.580000,  1.825000,107.800000,  6.000000,  5.000000,  2.000000,  3.000000,  6.000000,  4.000000,  5.000000,  5.000000,  3.000000,  6.000000,  5.000000,  2.000000, 1, 0, 0
13.000000, 17.703180, 53.760000,  2.320000,  2.445000,112.100000,  5.000000,  2.000000,  6.000000,  5.000000,  4.000000,  4.000000,  6.000000,  2.000000,  5.000000,  4.000000,  3.000000,  6.000000, 1, 0, 0
11.000000, 16.136476, 36.040000,  3.640000,  1.667000, 85.000000,  3.000000,  7.000000,  1.000000,  3.000000,  4.000000,  4.000000,  5.000000,  3.000000,  3.000000,  2.000000,  8.000000,  1.000000, 1, 0, 0
6.000000,  8.823744, 19.110000, -0.940000,  0.846000, 53.100000,  3.000000,  2.000000,  1.000000,  2.000000,  2.000000,  2.000000,  2.000000,  2.000000,  2.000000,  3.000000,  2.000000,  1.000000, 1, 0, 0
12.000000, 16.914701, 48.340000,  5.630000,  2.240000, 89.600000,  4.000000,  3.000000,  5.000000,  2.000000,  7.000000,  3.000000,  6.000000,  4.000000,  2.000000,  3.000000,  4.000000,  5.000000, 1, 0, 0
6.000000,  7.724032, 28.830000, -1.280000,  1.286000, 59.500000,  1.000000,  2.000000,  3.000000,  4.000000,  1.000000,  1.000000,  2.000000,  0.000000,  4.000000,  1.000000,  2.000000,  3.000000, 1, 0, 0
15.000000, 20.929808, 62.400000,  6.640000,  2.901000,128.300000,  2.000000,  8.000000,  5.000000,  6.000000,  2.000000,  7.000000,  7.000000,  0.000000,  8.000000,  2.000000,  8.000000,  5.000000, 1, 0, 0
4.000000,  4.868800, 14.380000,  0.870000,  0.686000, 32.600000,  2.000000,  0.000000,  2.000000,  1.000000,  2.000000,  1.000000,  1.000000,  2.000000,  1.000000,  1.000000,  1.000000,  2.000000, 1, 0, 0
4.000000,  4.683174,  6.670000, -1.640000,  0.311000, 36.700000,  3.000000,  1.000000,  0.000000,  1.000000,  3.000000,  0.000000,  0.000000,  3.000000,  1.000000,  2.000000,  2.000000,  0.000000, 1, 0, 0
3.000000,  6.550189, 12.380000,  1.710000,  0.587000, 21.400000,  0.000000,  2.000000,  1.000000,  1.000000,  0.000000,  2.000000,  2.000000,  0.000000,  1.000000,  0.000000,  2.000000,  1.000000, 0, 1, 0
4.000000,  9.688133, 17.080000,  4.680000,  0.827000, 23.600000,  1.000000,  2.000000,  1.000000,  0.000000,  1.000000,  3.000000,  3.000000,  1.000000,  0.000000,  1.000000,  2.000000,  1.000000, 0, 1, 0
6.000000, 15.708515, 18.550000,  2.640000,  0.836000, 49.400000,  2.000000,  3.000000,  1.000000,  2.000000,  1.000000,  3.000000,  3.000000,  1.000000,  2.000000,  2.000000,  3.000000,  1.000000, 0, 1, 0
4.000000,  9.905922, 20.100000,  1.840000,  0.990000, 30.100000,  1.000000,  0.000000,  3.000000,  1.000000,  1.000000,  2.000000,  2.000000,  1.000000,  1.000000,  1.000000,  0.000000,  3.000000, 0, 1, 0
3.000000,  6.831918,  4.000000,  0.350000,  0.186000, 23.000000,  2.000000,  1.000000,  0.000000,  0.000000,  2.000000,  1.000000,  1.000000,  2.000000,  0.000000,  2.000000,  1.000000,  0.000000, 0, 1, 0
3.000000,  6.996683, 13.660000,  2.070000,  0.649000, 22.400000,  0.000000,  1.000000,  2.000000,  1.000000,  0.000000,  2.000000,  2.000000,  0.000000,  1.000000,  0.000000,  1.000000,  2.000000, 0, 1, 0
4.000000,  9.614425, 12.490000,  1.730000,  0.584000, 27.800000,  2.000000,  1.000000,  1.000000,  0.000000,  2.000000,  2.000000,  2.000000,  2.000000,  0.000000,  2.000000,  1.000000,  1.000000, 0, 1, 0
5.000000, 13.275221, 19.560000,  3.100000,  0.927000, 34.800000,  1.000000,  3.000000,  1.000000,  1.000000,  1.000000,  3.000000,  3.000000,  1.000000,  1.000000,  0.000000,  4.000000,  1.000000, 0, 1, 0
3.000000,  6.550189, 12.380000,  1.710000,  0.587000, 21.400000,  0.000000,  2.000000,  1.000000,  1.000000,  0.000000,  2.000000,  2.000000,  0.000000,  1.000000,  0.000000,  2.000000,  1.000000, 0, 1, 0
2.000000,  3.792488,  4.770000, -1.210000,  0.219000, 20.300000,  1.000000,  0.000000,  1.000000,  1.000000,  1.000000,  0.000000,  0.000000,  1.000000,  1.000000,  1.000000,  0.000000,  1.000000, 0, 1, 0
3.000000,  6.186593, 11.970000, -0.020000,  0.534000, 27.200000,  2.000000,  0.000000,  1.000000,  1.000000,  2.000000,  0.000000,  1.000000,  1.000000,  1.000000,  1.000000,  1.000000,  1.000000, 0, 1, 0
5.000000, 11.539704, 21.590000, -0.100000,  0.985000, 47.200000,  1.000000,  3.000000,  1.000000,  3.000000,  0.000000,  2.000000,  2.000000,  0.000000,  3.000000,  1.000000,  3.000000,  1.000000, 0, 1, 0
6.000000, 13.216404, 25.310000, -0.800000,  1.133000, 54.800000,  4.000000,  0.000000,  2.000000,  2.000000,  3.000000,  1.000000,  2.000000,  2.000000,  2.000000,  4.000000,  0.000000,  2.000000, 0, 1, 0
6.000000, 13.959807, 25.140000,  3.620000,  1.138000, 40.700000,  2.000000,  2.000000,  2.000000,  0.000000,  4.000000,  2.000000,  4.000000,  2.000000,  0.000000,  2.000000,  2.000000,  2.000000, 0, 1, 0
6.000000, 16.701407, 26.800000,  3.870000,  1.244000, 44.000000,  0.000000,  4.000000,  2.000000,  2.000000,  0.000000,  4.000000,  4.000000,  0.000000,  2.000000,  0.000000,  4.000000,  2.000000, 0, 1, 0
6.000000, 16.322677, 24.020000,  4.330000,  1.098000, 41.700000,  1.000000,  4.000000,  1.000000,  1.000000,  2.000000,  3.000000,  4.000000,  1.000000,  1.000000,  1.000000,  4.000000,  1.000000, 0, 1, 0
6.000000, 17.343282, 27.220000,  3.120000,  1.269000, 42.100000,  2.000000,  1.000000,  3.000000,  0.000000,  4.000000,  2.000000,  4.000000,  2.000000,  0.000000,  2.000000,  1.000000,  3.000000, 0, 1, 0
5.000000, 13.157825, 15.870000,  1.720000,  0.741000, 41.500000,  2.000000,  2.000000,  1.000000,  1.000000,  2.000000,  2.000000,  2.000000,  1.000000,  2.000000,  1.000000,  3.000000,  1.000000, 0, 1, 0
4.000000,  9.817708, 16.680000, -0.740000,  0.755000, 40.700000,  1.000000,  1.000000,  2.000000,  3.000000,  0.000000,  1.000000,  1.000000,  0.000000,  3.000000,  1.000000,  1.000000,  2.000000, 0, 1, 0
6.000000, 16.308596, 26.680000,  3.860000,  1.278000, 42.900000,  1.000000,  2.000000,  3.000000,  1.000000,  2.000000,  3.000000,  4.000000,  1.000000,  1.000000,  1.000000,  2.000000,  3.000000, 0, 1, 0
6.000000, 16.268737, 26.330000,  3.970000,  1.230000, 42.800000,  1.000000,  3.000000,  2.000000,  1.000000,  2.000000,  3.000000,  4.000000,  1.000000,  1.000000,  1.000000,  3.000000,  2.000000, 0, 1, 0
2.000000,  3.775579,  7.440000, -0.780000,  0.335000, 23.400000,  1.000000,  0.000000,  1.000000,  1.000000,  1.000000,  0.000000,  0.000000,  0.000000,  2.000000,  1.000000,  0.000000,  1.000000, 0, 1, 0
2.000000,  3.798831, 12.940000,  2.220000,  0.596000, 12.400000,  0.000000,  0.000000,  2.000000,  0.000000,  2.000000,  0.000000,  2.000000,  0.000000,  0.000000,  0.000000,  0.000000,  2.000000, 0, 1, 0
