333, 330
334, 330
338, 330
332, 331
335, 331
336, 331
331, 332
333, 332
335, 332
336, 332
337, 332
330, 333
332, 333
334, 333
336, 333
337, 333
338, 333
330, 334
333, 334
337, 334
338, 334
331, 335
332, 335
340, 335
341, 335
331, 336
332, 336
333, 336
337, 336
332, 337
333, 337
334, 337
336, 337
338, 337
330, 338
333, 338
334, 338
337, 338
341, 339
342, 339
343, 339
335, 340
341, 340
342, 340
335, 341
339, 341
340, 341
342, 341
343, 341
339, 342
340, 342
341, 342
343, 342
339, 343
341, 343
342, 343
