13421, 13420
13422, 13420
13423, 13420
13420, 13421
13422, 13421
13423, 13421
13420, 13422
13421, 13422
13423, 13422
13420, 13423
13421, 13423
13422, 13423
13424, 13423
13423, 13424
13425, 13424
13426, 13424
13424, 13425
13426, 13425
13427, 13425
13424, 13426
13425, 13426
13427, 13426
13425, 13427
13426, 13427
13428, 13427
13448, 13427
13427, 13428
13429, 13428
13430, 13428
13449, 13428
13428, 13429
13430, 13429
13431, 13429
13448, 13429
13449, 13429
13428, 13430
13429, 13430
13431, 13430
13448, 13430
13449, 13430
13429, 13431
13430, 13431
13432, 13431
13433, 13431
13434, 13431
13431, 13432
13433, 13432
13434, 13432
13431, 13433
13432, 13433
13434, 13433
13431, 13434
13432, 13434
13433, 13434
13450, 13434
13436, 13435
13451, 13435
13453, 13435
13435, 13436
13437, 13436
13438, 13436
13436, 13437
13438, 13437
13439, 13437
13436, 13438
13437, 13438
13439, 13438
13437, 13439
13438, 13439
13440, 13439
13454, 13439
13455, 13439
13439, 13440
13441, 13440
13442, 13440
13455, 13440
13440, 13441
13442, 13441
13443, 13441
13454, 13441
13455, 13441
13440, 13442
13441, 13442
13443, 13442
13441, 13443
13442, 13443
13456, 13443
13457, 13443
13445, 13444
13446, 13444
13458, 13444
13444, 13445
13446, 13445
13447, 13445
13459, 13445
13460, 13445
13444, 13446
13445, 13446
13447, 13446
13459, 13446
13460, 13446
13445, 13447
13446, 13447
13460, 13447
13427, 13448
13429, 13448
13430, 13448
13449, 13448
13428, 13449
13429, 13449
13430, 13449
13448, 13449
13434, 13450
13451, 13450
13452, 13450
13453, 13450
13435, 13451
13450, 13451
13452, 13451
13453, 13451
13450, 13452
13451, 13452
13453, 13452
13435, 13453
13450, 13453
13451, 13453
13452, 13453
13439, 13454
13441, 13454
13455, 13454
13439, 13455
13440, 13455
13441, 13455
13454, 13455
13443, 13456
13457, 13456
13458, 13456
13443, 13457
13456, 13457
13458, 13457
13444, 13458
13456, 13458
13457, 13458
13459, 13458
13445, 13459
13446, 13459
13458, 13459
13460, 13459
13445, 13460
13446, 13460
13447, 13460
13459, 13460
