9003, 9002
9022, 9002
9024, 9002
9002, 9003
9022, 9003
9024, 9003
9005, 9004
9006, 9004
9019, 9004
9004, 9005
9006, 9005
9019, 9005
9004, 9006
9005, 9006
9020, 9006
9008, 9007
9009, 9007
9027, 9007
9028, 9007
9007, 9008
9009, 9008
9027, 9008
9028, 9008
9007, 9009
9008, 9009
9010, 9009
9027, 9009
9009, 9010
9027, 9010
9031, 9010
9039, 9010
9012, 9011
9013, 9011
9014, 9011
9034, 9011
9035, 9011
9011, 9012
9013, 9012
9014, 9012
9034, 9012
9011, 9013
9012, 9013
9014, 9013
9033, 9013
9011, 9014
9012, 9014
9013, 9014
9033, 9014
9032, 9015
9033, 9015
9040, 9015
9017, 9016
9018, 9016
9023, 9016
9024, 9016
9016, 9017
9022, 9017
9024, 9017
9016, 9018
9019, 9018
9023, 9018
9004, 9019
9005, 9019
9018, 9019
9020, 9019
9023, 9019
9006, 9020
9019, 9020
9021, 9020
9025, 9020
9026, 9020
9020, 9021
9025, 9021
9026, 9021
9002, 9022
9003, 9022
9017, 9022
9024, 9022
9016, 9023
9018, 9023
9019, 9023
9002, 9024
9003, 9024
9016, 9024
9017, 9024
9022, 9024
9020, 9025
9021, 9025
9026, 9025
9020, 9026
9021, 9026
9025, 9026
9007, 9027
9008, 9027
9009, 9027
9010, 9027
9028, 9027
9031, 9027
9039, 9027
9007, 9028
9008, 9028
9027, 9028
9032, 9029
9033, 9029
9040, 9029
9037, 9030
9038, 9030
9041, 9030
9042, 9030
9010, 9031
9027, 9031
9036, 9031
9039, 9031
9015, 9032
9029, 9032
9033, 9032
9040, 9032
9013, 9033
9014, 9033
9015, 9033
9029, 9033
9032, 9033
9040, 9033
9011, 9034
9012, 9034
9035, 9034
9042, 9034
9011, 9035
9034, 9035
9041, 9035
9042, 9035
9031, 9036
9037, 9036
9039, 9036
9030, 9037
9036, 9037
9038, 9037
9041, 9037
9030, 9038
9037, 9038
9041, 9038
9010, 9039
9027, 9039
9031, 9039
9036, 9039
9015, 9040
9029, 9040
9032, 9040
9033, 9040
9030, 9041
9035, 9041
9037, 9041
9038, 9041
9042, 9041
9030, 9042
9034, 9042
9035, 9042
9041, 9042
