717, 716
732, 716
733, 716
716, 717
718, 717
732, 717
733, 717
717, 718
719, 718
720, 718
733, 718
734, 718
718, 719
720, 719
721, 719
734, 719
735, 719
718, 720
719, 720
721, 720
735, 720
719, 721
720, 721
722, 721
736, 721
721, 722
723, 722
724, 722
736, 722
737, 722
722, 723
724, 723
725, 723
738, 723
739, 723
722, 724
723, 724
725, 724
726, 724
739, 724
723, 725
724, 725
726, 725
740, 725
724, 726
725, 726
727, 726
728, 726
740, 726
726, 727
728, 727
729, 727
726, 728
727, 728
729, 728
727, 729
728, 729
741, 729
748, 730
751, 730
754, 730
742, 731
743, 731
746, 731
716, 732
717, 732
733, 732
734, 732
716, 733
717, 733
718, 733
732, 733
734, 733
735, 733
718, 734
719, 734
732, 734
733, 734
735, 734
719, 735
720, 735
733, 735
734, 735
736, 735
721, 736
722, 736
735, 736
737, 736
738, 736
722, 737
736, 737
738, 737
739, 737
723, 738
736, 738
737, 738
739, 738
740, 738
723, 739
724, 739
737, 739
738, 739
740, 739
725, 740
726, 740
738, 740
739, 740
729, 741
747, 741
750, 741
753, 741
731, 742
743, 742
744, 742
746, 742
731, 743
742, 743
744, 743
746, 743
742, 744
743, 744
746, 744
746, 745
749, 745
752, 745
731, 746
742, 746
743, 746
744, 746
745, 746
752, 746
741, 747
750, 747
753, 747
730, 748
749, 748
751, 748
752, 748
745, 749
748, 749
752, 749
741, 750
747, 750
753, 750
754, 750
730, 751
748, 751
753, 751
754, 751
745, 752
746, 752
748, 752
749, 752
741, 753
747, 753
750, 753
751, 753
754, 753
730, 754
750, 754
751, 754
753, 754
