8.000000, 10.965432, 28.920000,  3.750000,  1.320000, 60.400000,  2.000000,  5.000000,  1.000000,  2.000000,  2.000000,  4.000000,  5.000000,  1.000000,  2.000000,  1.000000,  6.000000,  1.000000, 1, 0, 0
11.000000, 15.406389, 40.920000,  2.620000,  1.927000, 94.900000,  4.000000,  2.000000,  5.000000,  3.000000,  4.000000,  4.000000,  4.000000,  2.000000,  5.000000,  3.000000,  3.000000,  5.000000, 1, 0, 0
22.000000, 32.905413, 71.200000,  2.030000,  3.245000,180.600000, 10.000000,  8.000000,  4.000000,  7.000000,  6.000000,  9.000000,  9.000000,  6.000000,  7.000000,  8.000000, 10.000000,  4.000000, 1, 0, 0
3.000000,  5.567733,  8.030000,  1.610000,  0.376000, 19.900000,  2.000000,  1.000000,  0.000000,  0.000000,  1.000000,  2.000000,  2.000000,  1.000000,  0.000000,  1.000000,  2.000000,  0.000000, 1, 0, 0
5.000000,  5.754324, 16.560000,  1.170000,  0.787000, 37.900000,  2.000000,  2.000000,  1.000000,  1.000000,  2.000000,  2.000000,  2.000000,  2.000000,  1.000000,  1.000000,  3.000000,  1.000000, 1, 0, 0
6.000000,  8.953671, 10.100000, -2.570000,  0.438000, 54.100000,  5.000000,  1.000000,  0.000000,  1.000000,  4.000000,  1.000000,  1.000000,  4.000000,  1.000000,  4.000000,  2.000000,  0.000000, 1, 0, 0
18.000000, 26.418167, 64.510000, -1.800000,  2.948000,159.700000,  5.000000,  9.000000,  4.000000,  8.000000,  5.000000,  5.000000,  5.000000,  5.000000,  8.000000,  3.000000, 11.000000,  4.000000, 1, 0, 0
14.000000, 18.817085, 60.420000,  2.570000,  2.871000,118.900000,  4.000000,  3.000000,  7.000000,  5.000000,  5.000000,  4.000000,  4.000000,  4.000000,  6.000000,  2.000000,  5.000000,  7.000000, 1, 0, 0
9.000000, 11.999313, 26.660000,  1.140000,  1.227000, 71.800000,  5.000000,  3.000000,  1.000000,  2.000000,  4.000000,  3.000000,  3.000000,  4.000000,  2.000000,  3.000000,  5.000000,  1.000000, 1, 0, 0
4.000000,  5.287009, 18.250000,  2.250000,  0.821000, 28.300000,  0.000000,  3.000000,  1.000000,  1.000000,  1.000000,  2.000000,  3.000000,  0.000000,  1.000000,  0.000000,  3.000000,  1.000000, 1, 0, 0
6.000000,  9.265156, 16.580000,  1.450000,  0.802000, 46.500000,  4.000000,  0.000000,  2.000000,  0.000000,  4.000000,  2.000000,  2.000000,  3.000000,  1.000000,  3.000000,  1.000000,  2.000000, 1, 0, 0
10.000000, 14.754075, 32.020000, -2.120000,  1.471000, 93.800000,  4.000000,  4.000000,  2.000000,  5.000000,  3.000000,  2.000000,  2.000000,  3.000000,  5.000000,  2.000000,  6.000000,  2.000000, 1, 0, 0
5.000000,  6.974651, 19.730000,  3.090000,  0.946000, 35.000000,  1.000000,  2.000000,  2.000000,  1.000000,  1.000000,  3.000000,  3.000000,  1.000000,  1.000000,  1.000000,  2.000000,  2.000000, 1, 0, 0
8.000000, 10.627529, 23.200000, -4.670000,  1.014000, 74.300000,  4.000000,  4.000000,  0.000000,  3.000000,  4.000000,  1.000000,  1.000000,  4.000000,  3.000000,  3.000000,  5.000000,  0.000000, 1, 0, 0
8.000000, 11.870442, 25.040000,  4.970000,  1.160000, 52.900000,  4.000000,  4.000000,  0.000000,  0.000000,  4.000000,  4.000000,  4.000000,  4.000000,  0.000000,  2.000000,  6.000000,  0.000000, 1, 0, 0
6.000000,  8.729250,  0.000000,  0.000000,  0.000000,  0.000000,  0.000000,  0.000000,  0.000000,  0.000000,  0.000000,  0.000000,  0.000000,  0.000000,  0.000000,  0.000000,  0.000000,  0.000000, 1, 0, 0
3.000000,  5.710155,  0.000000,  0.000000,  0.000000,  0.000000,  0.000000,  0.000000,  0.000000,  0.000000,  0.000000,  0.000000,  0.000000,  0.000000,  0.000000,  0.000000,  0.000000,  0.000000, 1, 0, 0
6.000000,  8.499118,  0.000000,  0.000000,  0.000000,  0.000000,  0.000000,  0.000000,  0.000000,  0.000000,  0.000000,  0.000000,  0.000000,  0.000000,  0.000000,  0.000000,  0.000000,  0.000000, 1, 0, 0
6.000000,  9.460273,  0.000000,  0.000000,  0.000000,  0.000000,  0.000000,  0.000000,  0.000000,  0.000000,  0.000000,  0.000000,  0.000000,  0.000000,  0.000000,  0.000000,  0.000000,  0.000000, 1, 0, 0
18.000000, 25.780077,  0.000000,  0.000000,  0.000000,  0.000000,  0.000000,  0.000000,  0.000000,  0.000000,  0.000000,  0.000000,  0.000000,  0.000000,  0.000000,  0.000000,  0.000000,  0.000000, 1, 0, 0
7.000000, 17.133665, 20.530000, -1.590000,  0.926000, 62.500000,  4.000000,  2.000000,  1.000000,  3.000000,  2.000000,  2.000000,  2.000000,  2.000000,  3.000000,  3.000000,  3.000000,  1.000000, 0, 1, 0
13.000000, 27.448507, 49.010000, -0.680000,  2.261000,116.800000,  2.000000,  6.000000,  5.000000,  7.000000,  2.000000,  4.000000,  4.000000,  2.000000,  7.000000,  2.000000,  6.000000,  5.000000, 0, 1, 0
8.000000, 21.303632, 31.720000,  1.340000,  1.479000, 72.400000,  2.000000,  3.000000,  3.000000,  4.000000,  1.000000,  3.000000,  3.000000,  0.000000,  5.000000,  1.000000,  4.000000,  3.000000, 0, 1, 0
9.000000, 24.550477, 34.770000, -0.890000,  1.591000, 78.900000,  3.000000,  1.000000,  5.000000,  3.000000,  4.000000,  2.000000,  3.000000,  3.000000,  3.000000,  3.000000,  1.000000,  5.000000, 0, 1, 0
8.000000, 22.835773, 41.340000,  5.330000,  1.950000, 54.100000,  0.000000,  3.000000,  5.000000,  2.000000,  2.000000,  4.000000,  6.000000,  0.000000,  2.000000,  0.000000,  3.000000,  5.000000, 0, 1, 0
7.000000, 17.449281, 26.520000, -2.540000,  1.204000, 64.400000,  3.000000,  1.000000,  3.000000,  3.000000,  4.000000,  0.000000,  1.000000,  3.000000,  3.000000,  3.000000,  1.000000,  3.000000, 0, 1, 0
7.000000, 17.133665, 20.530000, -1.590000,  0.926000, 62.500000,  4.000000,  2.000000,  1.000000,  3.000000,  2.000000,  2.000000,  2.000000,  2.000000,  3.000000,  3.000000,  3.000000,  1.000000, 0, 1, 0
7.000000, 17.133665, 20.530000, -1.590000,  0.926000, 62.500000,  4.000000,  2.000000,  1.000000,  3.000000,  2.000000,  2.000000,  2.000000,  2.000000,  3.000000,  3.000000,  3.000000,  1.000000, 0, 1, 0
2.000000,  3.799112, 10.470000,  2.920000,  0.484000, 11.400000,  0.000000,  1.000000,  1.000000,  0.000000,  1.000000,  1.000000,  2.000000,  0.000000,  0.000000,  0.000000,  1.000000,  1.000000, 0, 1, 0
3.000000,  6.552246, 19.070000,  1.800000,  0.887000, 22.900000,  0.000000,  0.000000,  3.000000,  1.000000,  2.000000,  0.000000,  2.000000,  0.000000,  1.000000,  0.000000,  0.000000,  3.000000, 0, 1, 0
3.000000,  6.768514,  3.600000, -1.550000,  0.154000, 25.700000,  3.000000,  0.000000,  0.000000,  0.000000,  3.000000,  0.000000,  0.000000,  3.000000,  0.000000,  3.000000,  0.000000,  0.000000, 0, 1, 0
2.000000,  3.805271,  6.500000, -1.230000,  0.282000, 20.300000,  1.000000,  1.000000,  0.000000,  1.000000,  1.000000,  0.000000,  0.000000,  1.000000,  1.000000,  0.000000,  2.000000,  0.000000, 0, 1, 0
2.000000,  3.775340,  5.780000,  0.090000,  0.245000, 18.900000,  1.000000,  1.000000,  0.000000,  1.000000,  0.000000,  1.000000,  1.000000,  0.000000,  1.000000,  1.000000,  1.000000,  0.000000, 0, 1, 0
