18683, 18682
18684, 18682
18698, 18682
18706, 18682
18708, 18682
18682, 18683
18684, 18683
18685, 18683
18682, 18684
18683, 18684
18685, 18684
18683, 18685
18684, 18685
18686, 18685
18698, 18685
18685, 18686
18687, 18686
18688, 18686
18705, 18686
18708, 18686
18686, 18687
18688, 18687
18705, 18687
18686, 18688
18687, 18688
18704, 18688
18690, 18689
18703, 18689
18704, 18689
18689, 18690
18691, 18690
18702, 18690
18703, 18690
18690, 18691
18692, 18691
18702, 18691
18691, 18692
18693, 18692
18694, 18692
18701, 18692
18692, 18693
18694, 18693
18695, 18693
18700, 18693
18701, 18693
18692, 18694
18693, 18694
18695, 18694
18700, 18694
18701, 18694
18693, 18695
18694, 18695
18696, 18695
18700, 18695
18695, 18696
18697, 18696
18699, 18696
18707, 18696
18696, 18697
18699, 18697
18707, 18697
18682, 18698
18685, 18698
18705, 18698
18706, 18698
18708, 18698
18696, 18699
18697, 18699
18700, 18699
18707, 18699
18693, 18700
18694, 18700
18695, 18700
18699, 18700
18701, 18700
18707, 18700
18692, 18701
18693, 18701
18694, 18701
18700, 18701
18690, 18702
18691, 18702
18703, 18702
18689, 18703
18690, 18703
18702, 18703
18688, 18704
18689, 18704
18705, 18704
18686, 18705
18687, 18705
18698, 18705
18704, 18705
18682, 18706
18698, 18706
18708, 18706
18696, 18707
18697, 18707
18699, 18707
18700, 18707
18682, 18708
18686, 18708
18698, 18708
18706, 18708
