7444, 7436
7445, 7436
7449, 7436
7438, 7437
7447, 7437
7448, 7437
7452, 7437
7453, 7437
7437, 7438
7439, 7438
7441, 7438
7443, 7438
7446, 7438
7448, 7438
7453, 7438
7438, 7439
7443, 7439
7446, 7439
7441, 7440
7444, 7440
7449, 7440
7452, 7440
7438, 7441
7440, 7441
7442, 7441
7443, 7441
7452, 7441
7453, 7441
7441, 7442
7443, 7442
7451, 7442
7453, 7442
7438, 7443
7439, 7443
7441, 7443
7442, 7443
7451, 7443
7436, 7444
7440, 7444
7445, 7444
7447, 7444
7450, 7444
7436, 7445
7444, 7445
7449, 7445
7438, 7446
7439, 7446
7448, 7446
7453, 7446
7437, 7447
7444, 7447
7448, 7447
7437, 7448
7438, 7448
7446, 7448
7447, 7448
7451, 7448
7452, 7448
7453, 7448
7436, 7449
7440, 7449
7445, 7449
7450, 7449
7444, 7450
7449, 7450
7442, 7451
7443, 7451
7448, 7451
7453, 7451
7437, 7452
7440, 7452
7441, 7452
7448, 7452
7437, 7453
7438, 7453
7441, 7453
7442, 7453
7446, 7453
7448, 7453
7451, 7453
