6310, 6309
6311, 6309
6343, 6309
6363, 6309
6309, 6310
6311, 6310
6328, 6310
6348, 6310
6309, 6311
6310, 6311
6312, 6311
6336, 6311
6311, 6312
6313, 6312
6326, 6312
6329, 6312
6335, 6312
6312, 6313
6338, 6313
6340, 6313
6349, 6313
6358, 6313
6315, 6314
6331, 6314
6344, 6314
6364, 6314
6314, 6315
6316, 6315
6333, 6315
6344, 6315
6353, 6315
6315, 6316
6333, 6316
6342, 6316
6353, 6316
6318, 6317
6319, 6317
6343, 6317
6348, 6317
6363, 6317
6317, 6318
6319, 6318
6348, 6318
6357, 6318
6317, 6319
6318, 6319
6320, 6319
6347, 6319
6319, 6320
6321, 6320
6326, 6320
6349, 6320
6355, 6320
6320, 6321
6322, 6321
6349, 6321
6358, 6321
6360, 6321
6321, 6322
6323, 6322
6324, 6322
6351, 6322
6364, 6322
6322, 6323
6324, 6323
6333, 6323
6353, 6323
6364, 6323
6322, 6324
6323, 6324
6353, 6324
6362, 6324
6326, 6325
6334, 6325
6312, 6326
6320, 6326
6325, 6326
6335, 6326
6334, 6327
6336, 6327
6347, 6327
6356, 6327
6310, 6328
6337, 6328
6348, 6328
6357, 6328
6312, 6329
6338, 6329
6339, 6330
6343, 6330
6363, 6330
6314, 6331
6340, 6331
6341, 6332
6342, 6332
6361, 6332
6362, 6332
6315, 6333
6316, 6333
6323, 6333
6364, 6333
6325, 6334
6327, 6334
6312, 6335
6326, 6335
6311, 6336
6327, 6336
6347, 6336
6356, 6336
6328, 6337
6343, 6337
6348, 6337
6357, 6337
6313, 6338
6329, 6338
6330, 6339
6343, 6339
6363, 6339
6313, 6340
6331, 6340
6332, 6341
6342, 6341
6352, 6341
6362, 6341
6316, 6342
6332, 6342
6341, 6342
6309, 6343
6317, 6343
6330, 6343
6337, 6343
6339, 6343
6314, 6344
6315, 6344
6364, 6344
6354, 6345
6356, 6345
6354, 6346
6355, 6346
6319, 6347
6327, 6347
6336, 6347
6356, 6347
6310, 6348
6317, 6348
6318, 6348
6328, 6348
6337, 6348
6357, 6348
6313, 6349
6320, 6349
6321, 6349
6358, 6349
6359, 6350
6322, 6351
6360, 6351
6341, 6352
6361, 6352
6315, 6353
6316, 6353
6323, 6353
6324, 6353
6364, 6353
6345, 6354
6346, 6354
6320, 6355
6346, 6355
6327, 6356
6336, 6356
6345, 6356
6347, 6356
6318, 6357
6328, 6357
6337, 6357
6348, 6357
6313, 6358
6321, 6358
6349, 6358
6350, 6359
6363, 6359
6321, 6360
6351, 6360
6332, 6361
6352, 6361
6362, 6361
6324, 6362
6332, 6362
6341, 6362
6361, 6362
6309, 6363
6317, 6363
6330, 6363
6339, 6363
6359, 6363
6314, 6364
6322, 6364
6323, 6364
6333, 6364
6344, 6364
6353, 6364
