4331, 4330
4333, 4330
4341, 4330
4330, 4331
4333, 4331
4334, 4331
4338, 4331
4335, 4332
4337, 4332
4340, 4332
4330, 4333
4331, 4333
4334, 4333
4338, 4333
4339, 4333
4341, 4333
4331, 4334
4333, 4334
4338, 4334
4339, 4334
4332, 4335
4336, 4335
4337, 4335
4340, 4335
4341, 4335
4335, 4336
4340, 4336
4341, 4336
4332, 4337
4335, 4337
4340, 4337
4331, 4338
4333, 4338
4334, 4338
4339, 4338
4341, 4338
4333, 4339
4334, 4339
4338, 4339
4332, 4340
4335, 4340
4336, 4340
4337, 4340
4330, 4341
4333, 4341
4335, 4341
4336, 4341
4338, 4341
