2542, 2541
2543, 2541
2549, 2541
2541, 2542
2543, 2542
2549, 2542
2541, 2543
2542, 2543
2549, 2543
2550, 2543
2545, 2544
2549, 2544
2550, 2544
2551, 2544
2544, 2545
2551, 2545
2552, 2545
2553, 2545
2553, 2546
2556, 2546
2557, 2546
2548, 2547
2554, 2547
2559, 2547
2547, 2548
2558, 2548
2559, 2548
2541, 2549
2542, 2549
2543, 2549
2544, 2549
2550, 2549
2543, 2550
2544, 2550
2549, 2550
2551, 2550
2544, 2551
2545, 2551
2550, 2551
2552, 2551
2545, 2552
2551, 2552
2553, 2552
2545, 2553
2546, 2553
2552, 2553
2547, 2554
2555, 2554
2556, 2554
2557, 2554
2554, 2555
2556, 2555
2557, 2555
2546, 2556
2554, 2556
2555, 2556
2557, 2556
2546, 2557
2554, 2557
2555, 2557
2556, 2557
2548, 2558
2559, 2558
2561, 2558
2562, 2558
2547, 2559
2548, 2559
2558, 2559
2561, 2559
2561, 2560
2562, 2560
2563, 2560
2558, 2561
2559, 2561
2560, 2561
2562, 2561
2563, 2561
2558, 2562
2560, 2562
2561, 2562
2563, 2562
2560, 2563
2561, 2563
2562, 2563
