17618, 17617
17622, 17617
17617, 17618
17619, 17618
17625, 17618
17636, 17618
17637, 17618
17618, 17619
17620, 17619
17624, 17619
17626, 17619
17632, 17619
17640, 17619
17619, 17620
17621, 17620
17625, 17620
17627, 17620
17632, 17620
17639, 17620
17620, 17621
17626, 17621
17627, 17621
17629, 17621
17641, 17621
17617, 17622
17623, 17622
17628, 17622
17642, 17622
17622, 17623
17624, 17623
17645, 17623
17654, 17623
17619, 17624
17623, 17624
17625, 17624
17648, 17624
17649, 17624
17618, 17625
17620, 17625
17624, 17625
17626, 17625
17644, 17625
17652, 17625
17619, 17626
17621, 17626
17625, 17626
17627, 17626
17644, 17626
17651, 17626
17620, 17627
17621, 17627
17626, 17627
17643, 17627
17653, 17627
17622, 17628
17630, 17628
17654, 17628
17621, 17629
17641, 17629
17643, 17629
17653, 17629
17628, 17630
17633, 17630
17642, 17630
17645, 17630
17634, 17631
17635, 17631
17647, 17631
17655, 17631
17619, 17632
17620, 17632
17639, 17632
17651, 17632
17630, 17633
17634, 17633
17646, 17633
17631, 17634
17633, 17634
17645, 17634
17631, 17635
17636, 17635
17655, 17635
17618, 17636
17635, 17636
17637, 17636
17649, 17636
17618, 17637
17636, 17637
17640, 17637
17648, 17637
17652, 17637
17639, 17638
17641, 17638
17651, 17638
17653, 17638
17620, 17639
17632, 17639
17638, 17639
17644, 17639
17650, 17639
17619, 17640
17637, 17640
17649, 17640
17621, 17641
17629, 17641
17638, 17641
17643, 17641
17650, 17641
17653, 17641
17622, 17642
17630, 17642
17654, 17642
17627, 17643
17629, 17643
17641, 17643
17653, 17643
17625, 17644
17626, 17644
17639, 17644
17651, 17644
17623, 17645
17630, 17645
17634, 17645
17646, 17645
17633, 17646
17645, 17646
17655, 17646
17631, 17647
17648, 17647
17655, 17647
17624, 17648
17637, 17648
17647, 17648
17649, 17648
17624, 17649
17636, 17649
17640, 17649
17648, 17649
17652, 17649
17639, 17650
17641, 17650
17651, 17650
17653, 17650
17626, 17651
17632, 17651
17638, 17651
17644, 17651
17650, 17651
17625, 17652
17637, 17652
17649, 17652
17627, 17653
17629, 17653
17638, 17653
17641, 17653
17643, 17653
17650, 17653
17623, 17654
17628, 17654
17642, 17654
17631, 17655
17635, 17655
17646, 17655
17647, 17655
