9398, 9393
9403, 9393
9421, 9393
9425, 9393
9421, 9394
9430, 9394
9417, 9395
9418, 9395
9444, 9395
9470, 9395
9411, 9396
9416, 9396
9420, 9396
9449, 9397
9450, 9397
9393, 9398
9403, 9398
9408, 9398
9447, 9398
9451, 9398
9447, 9399
9456, 9399
9443, 9400
9444, 9400
9411, 9401
9442, 9401
9446, 9401
9475, 9402
9476, 9402
9393, 9403
9398, 9403
9408, 9403
9473, 9403
9477, 9403
9473, 9404
9482, 9404
9469, 9405
9470, 9405
9411, 9406
9468, 9406
9472, 9406
9501, 9407
9502, 9407
9398, 9408
9403, 9408
9499, 9408
9503, 9408
9499, 9409
9508, 9409
9495, 9410
9496, 9410
9396, 9411
9401, 9411
9406, 9411
9494, 9411
9498, 9411
9413, 9412
9412, 9413
9422, 9413
9435, 9414
9437, 9414
9417, 9415
9436, 9415
9396, 9416
9437, 9416
9395, 9417
9415, 9417
9395, 9418
9419, 9418
9418, 9419
9428, 9419
9396, 9420
9393, 9421
9394, 9421
9413, 9422
9423, 9422
9422, 9423
9424, 9423
9423, 9424
9429, 9424
9393, 9425
9431, 9425
9429, 9426
9432, 9426
9431, 9427
9433, 9427
9419, 9428
9434, 9428
9424, 9429
9426, 9429
9394, 9430
9434, 9430
9456, 9430
9482, 9430
9425, 9431
9427, 9431
9483, 9431
9426, 9432
9433, 9432
9427, 9433
9432, 9433
9428, 9434
9430, 9434
9414, 9435
9436, 9435
9415, 9436
9435, 9436
9414, 9437
9416, 9437
9515, 9437
9439, 9438
9438, 9439
9448, 9439
9461, 9440
9463, 9440
9443, 9441
9462, 9441
9401, 9442
9463, 9442
9400, 9443
9441, 9443
9395, 9444
9400, 9444
9445, 9444
9444, 9445
9454, 9445
9401, 9446
9398, 9447
9399, 9447
9439, 9448
9449, 9448
9397, 9449
9448, 9449
9397, 9450
9455, 9450
9398, 9451
9457, 9451
9455, 9452
9458, 9452
9457, 9453
9459, 9453
9445, 9454
9460, 9454
9450, 9455
9452, 9455
9399, 9456
9430, 9456
9460, 9456
9508, 9456
9451, 9457
9453, 9457
9483, 9457
9452, 9458
9459, 9458
9453, 9459
9458, 9459
9454, 9460
9456, 9460
9440, 9461
9462, 9461
9441, 9462
9461, 9462
9440, 9463
9442, 9463
9515, 9463
9465, 9464
9464, 9465
9474, 9465
9487, 9466
9489, 9466
9469, 9467
9488, 9467
9406, 9468
9489, 9468
9405, 9469
9467, 9469
9395, 9470
9405, 9470
9471, 9470
9470, 9471
9480, 9471
9406, 9472
9403, 9473
9404, 9473
9465, 9474
9475, 9474
9402, 9475
9474, 9475
9402, 9476
9481, 9476
9403, 9477
9483, 9477
9481, 9478
9484, 9478
9483, 9479
9485, 9479
9471, 9480
9486, 9480
9476, 9481
9478, 9481
9404, 9482
9430, 9482
9486, 9482
9508, 9482
9431, 9483
9457, 9483
9477, 9483
9479, 9483
9509, 9483
9478, 9484
9485, 9484
9479, 9485
9484, 9485
9480, 9486
9482, 9486
9466, 9487
9488, 9487
9467, 9488
9487, 9488
9466, 9489
9468, 9489
9515, 9489
9491, 9490
9490, 9491
9500, 9491
9513, 9492
9515, 9492
9495, 9493
9514, 9493
9411, 9494
9515, 9494
9410, 9495
9493, 9495
9410, 9496
9497, 9496
9496, 9497
9506, 9497
9411, 9498
9408, 9499
9409, 9499
9491, 9500
9501, 9500
9407, 9501
9500, 9501
9407, 9502
9507, 9502
9408, 9503
9509, 9503
9507, 9504
9510, 9504
9509, 9505
9511, 9505
9497, 9506
9512, 9506
9502, 9507
9504, 9507
9409, 9508
9456, 9508
9482, 9508
9512, 9508
9483, 9509
9503, 9509
9505, 9509
9504, 9510
9511, 9510
9505, 9511
9510, 9511
9506, 9512
9508, 9512
9492, 9513
9514, 9513
9493, 9514
9513, 9514
9437, 9515
9463, 9515
9489, 9515
9492, 9515
9494, 9515
