12416, 12415
12417, 12415
12430, 12415
12431, 12415
12441, 12415
12415, 12416
12417, 12416
12430, 12416
12431, 12416
12432, 12416
12441, 12416
12415, 12417
12416, 12417
12418, 12417
12433, 12417
12435, 12417
12417, 12418
12419, 12418
12434, 12418
12435, 12418
12418, 12419
12420, 12419
12436, 12419
12419, 12420
12421, 12420
12436, 12420
12438, 12420
12420, 12421
12422, 12421
12423, 12421
12440, 12421
12421, 12422
12423, 12422
12424, 12422
12421, 12423
12422, 12423
12424, 12423
12422, 12424
12423, 12424
12425, 12424
12424, 12425
12426, 12425
12427, 12425
12425, 12426
12427, 12426
12428, 12426
12429, 12426
12425, 12427
12426, 12427
12428, 12427
12429, 12427
12426, 12428
12427, 12428
12429, 12428
12426, 12429
12427, 12429
12428, 12429
12415, 12430
12416, 12430
12441, 12430
12415, 12431
12416, 12431
12432, 12431
12433, 12431
12416, 12432
12431, 12432
12433, 12432
12417, 12433
12431, 12433
12432, 12433
12434, 12433
12435, 12433
12418, 12434
12433, 12434
12435, 12434
12417, 12435
12418, 12435
12433, 12435
12434, 12435
12419, 12436
12420, 12436
12437, 12436
12438, 12436
12439, 12436
12436, 12437
12438, 12437
12439, 12437
12440, 12437
12420, 12438
12436, 12438
12437, 12438
12439, 12438
12440, 12438
12436, 12439
12437, 12439
12438, 12439
12440, 12439
12421, 12440
12437, 12440
12438, 12440
12439, 12440
12415, 12441
12416, 12441
12430, 12441
