916, 915
917, 915
918, 915
933, 915
915, 916
917, 916
918, 916
933, 916
934, 916
915, 917
916, 917
918, 917
933, 917
934, 917
915, 918
916, 918
917, 918
919, 918
935, 918
918, 919
920, 919
921, 919
935, 919
919, 920
921, 920
922, 920
935, 920
919, 921
920, 921
922, 921
923, 921
920, 922
921, 922
923, 922
925, 922
926, 922
921, 923
922, 923
924, 923
925, 923
926, 923
936, 923
923, 924
935, 924
936, 924
937, 924
922, 925
923, 925
926, 925
936, 925
922, 926
923, 926
925, 926
927, 926
937, 926
926, 927
928, 927
929, 927
937, 927
927, 928
929, 928
930, 928
927, 929
928, 929
930, 929
931, 929
932, 929
928, 930
929, 930
931, 930
932, 930
929, 931
930, 931
932, 931
929, 932
930, 932
931, 932
915, 933
916, 933
917, 933
934, 933
916, 934
917, 934
933, 934
935, 934
918, 935
919, 935
920, 935
924, 935
934, 935
923, 936
924, 936
925, 936
937, 936
924, 937
926, 937
927, 937
936, 937
