12470, 12469
12475, 12469
12482, 12469
12469, 12470
12475, 12470
12482, 12470
12472, 12471
12477, 12471
12484, 12471
12471, 12472
12473, 12472
12480, 12472
12472, 12473
12474, 12473
12479, 12473
12480, 12473
12481, 12473
12473, 12474
12480, 12474
12469, 12475
12470, 12475
12476, 12475
12483, 12475
12475, 12476
12477, 12476
12482, 12476
12484, 12476
12471, 12477
12476, 12477
12478, 12477
12483, 12477
12484, 12477
12477, 12478
12479, 12478
12484, 12478
12473, 12479
12478, 12479
12480, 12479
12472, 12480
12473, 12480
12474, 12480
12479, 12480
12481, 12480
12473, 12481
12480, 12481
12469, 12482
12470, 12482
12476, 12482
12483, 12482
12475, 12483
12477, 12483
12482, 12483
12484, 12483
12471, 12484
12476, 12484
12477, 12484
12478, 12484
12483, 12484
