18308, 18307
18309, 18307
18310, 18307
18307, 18308
18309, 18308
18310, 18308
18315, 18308
18316, 18308
18307, 18309
18308, 18309
18310, 18309
18311, 18309
18315, 18309
18317, 18309
18307, 18310
18308, 18310
18309, 18310
18311, 18310
18312, 18310
18317, 18310
18309, 18311
18310, 18311
18312, 18311
18313, 18311
18314, 18311
18318, 18311
18310, 18312
18311, 18312
18313, 18312
18314, 18312
18318, 18312
18311, 18313
18312, 18313
18314, 18313
18319, 18313
18311, 18314
18312, 18314
18313, 18314
18319, 18314
18308, 18315
18309, 18315
18316, 18315
18317, 18315
18318, 18315
18308, 18316
18315, 18316
18317, 18316
18309, 18317
18310, 18317
18315, 18317
18316, 18317
18318, 18317
18319, 18317
18311, 18318
18312, 18318
18315, 18318
18317, 18318
18319, 18318
18313, 18319
18314, 18319
18317, 18319
18318, 18319
