17682, 17681
17688, 17681
17705, 17681
17681, 17682
17688, 17682
17705, 17682
17684, 17683
17698, 17683
17699, 17683
17683, 17684
17698, 17684
17699, 17684
17701, 17684
17686, 17685
17690, 17685
17699, 17685
17701, 17685
17685, 17686
17690, 17686
17703, 17686
17700, 17687
17702, 17687
17703, 17687
17704, 17687
17681, 17688
17682, 17688
17695, 17688
17705, 17688
17693, 17689
17697, 17689
17698, 17689
17685, 17690
17686, 17690
17703, 17690
17692, 17691
17695, 17691
17705, 17691
17691, 17692
17694, 17692
17696, 17692
17689, 17693
17694, 17693
17696, 17693
17697, 17693
17692, 17694
17693, 17694
17696, 17694
17697, 17694
17688, 17695
17691, 17695
17705, 17695
17692, 17696
17693, 17696
17694, 17696
17697, 17696
17689, 17697
17693, 17697
17694, 17697
17696, 17697
17683, 17698
17684, 17698
17689, 17698
17699, 17698
17701, 17698
17683, 17699
17684, 17699
17685, 17699
17698, 17699
17701, 17699
17687, 17700
17702, 17700
17703, 17700
17704, 17700
17684, 17701
17685, 17701
17698, 17701
17699, 17701
17687, 17702
17700, 17702
17703, 17702
17704, 17702
17686, 17703
17687, 17703
17690, 17703
17700, 17703
17702, 17703
17687, 17704
17700, 17704
17702, 17704
17681, 17705
17682, 17705
17688, 17705
17691, 17705
17695, 17705
