14862, 14861
14866, 14861
14861, 14862
14865, 14862
14876, 14862
14864, 14863
14868, 14863
14876, 14863
14863, 14864
14867, 14864
14868, 14864
14872, 14864
14862, 14865
14866, 14865
14861, 14866
14865, 14866
14876, 14866
14884, 14866
14864, 14867
14868, 14867
14884, 14867
14863, 14868
14864, 14868
14867, 14868
14880, 14868
14873, 14869
14874, 14870
14875, 14870
14882, 14870
14872, 14871
14875, 14871
14880, 14871
14883, 14871
14864, 14872
14871, 14872
14879, 14872
14884, 14872
14869, 14873
14874, 14873
14870, 14874
14873, 14874
14878, 14874
14870, 14875
14871, 14875
14879, 14875
14862, 14876
14863, 14876
14866, 14876
14884, 14876
14881, 14877
14874, 14878
14882, 14878
14883, 14878
14872, 14879
14875, 14879
14880, 14879
14883, 14879
14868, 14880
14871, 14880
14879, 14880
14884, 14880
14877, 14881
14882, 14881
14870, 14882
14878, 14882
14881, 14882
14871, 14883
14878, 14883
14879, 14883
14866, 14884
14867, 14884
14872, 14884
14876, 14884
14880, 14884
