11.000000, 15.399038, 38.940000,  1.110000,  1.756000, 90.600000,  5.000000,  3.000000,  3.000000,  3.000000,  5.000000,  3.000000,  5.000000,  3.000000,  3.000000,  5.000000,  3.000000,  3.000000, 1, 0, 0
7.000000,  9.941834, 16.330000, -2.010000,  0.717000, 61.200000,  4.000000,  3.000000,  0.000000,  2.000000,  4.000000,  1.000000,  1.000000,  4.000000,  2.000000,  4.000000,  3.000000,  0.000000, 1, 0, 0
3.000000,  5.427045,  7.370000, -1.360000,  0.327000, 28.600000,  2.000000,  0.000000,  1.000000,  1.000000,  2.000000,  0.000000,  0.000000,  2.000000,  1.000000,  2.000000,  0.000000,  1.000000, 1, 0, 0
4.000000,  5.531432, 10.780000,  1.250000,  0.477000, 31.900000,  2.000000,  2.000000,  0.000000,  1.000000,  1.000000,  2.000000,  2.000000,  1.000000,  1.000000,  2.000000,  2.000000,  0.000000, 1, 0, 0
11.000000, 15.173804, 38.940000,  1.110000,  1.756000, 90.600000,  5.000000,  3.000000,  3.000000,  3.000000,  5.000000,  3.000000,  5.000000,  3.000000,  3.000000,  5.000000,  3.000000,  3.000000, 1, 0, 0
7.000000,  9.777058, 16.330000, -2.010000,  0.717000, 61.200000,  4.000000,  3.000000,  0.000000,  2.000000,  4.000000,  1.000000,  1.000000,  4.000000,  2.000000,  4.000000,  3.000000,  0.000000, 1, 0, 0
4.000000,  5.402685, 10.780000,  1.250000,  0.477000, 31.900000,  2.000000,  2.000000,  0.000000,  1.000000,  1.000000,  2.000000,  2.000000,  1.000000,  1.000000,  2.000000,  2.000000,  0.000000, 1, 0, 0
11.000000, 15.434883, 38.940000,  1.110000,  1.756000, 90.600000,  5.000000,  3.000000,  3.000000,  3.000000,  5.000000,  3.000000,  5.000000,  3.000000,  3.000000,  5.000000,  3.000000,  3.000000, 1, 0, 0
7.000000,  9.815228, 16.330000, -2.010000,  0.717000, 61.200000,  4.000000,  3.000000,  0.000000,  2.000000,  4.000000,  1.000000,  1.000000,  4.000000,  2.000000,  4.000000,  3.000000,  0.000000, 1, 0, 0
3.000000,  5.344147,  7.370000, -1.360000,  0.327000, 28.600000,  2.000000,  0.000000,  1.000000,  1.000000,  2.000000,  0.000000,  0.000000,  2.000000,  1.000000,  2.000000,  0.000000,  1.000000, 1, 0, 0
4.000000,  5.391220, 10.780000,  1.250000,  0.477000, 31.900000,  2.000000,  2.000000,  0.000000,  1.000000,  1.000000,  2.000000,  2.000000,  1.000000,  1.000000,  2.000000,  2.000000,  0.000000, 1, 0, 0
3.000000,  5.445224,  7.730000, -3.040000,  0.331000, 31.800000,  1.000000,  2.000000,  0.000000,  2.000000,  1.000000,  0.000000,  0.000000,  1.000000,  2.000000,  1.000000,  2.000000,  0.000000, 1, 0, 0
11.000000, 15.300644, 40.910000, -1.490000,  1.832000,101.600000,  3.000000,  5.000000,  3.000000,  5.000000,  3.000000,  3.000000,  3.000000,  2.000000,  6.000000,  3.000000,  5.000000,  3.000000, 1, 0, 0
10.000000, 13.868733, 29.890000,  3.330000,  1.400000, 72.400000,  6.000000,  3.000000,  1.000000,  1.000000,  4.000000,  5.000000,  5.000000,  4.000000,  1.000000,  5.000000,  4.000000,  1.000000, 1, 0, 0
6.000000,  9.272115, 23.940000, -3.370000,  1.082000, 59.000000,  1.000000,  3.000000,  2.000000,  4.000000,  1.000000,  1.000000,  1.000000,  1.000000,  4.000000,  1.000000,  3.000000,  2.000000, 1, 0, 0
14.000000, 19.915540, 42.900000, -1.170000,  1.948000,121.300000,  5.000000,  6.000000,  3.000000,  5.000000,  5.000000,  4.000000,  4.000000,  5.000000,  5.000000,  5.000000,  6.000000,  3.000000, 1, 0, 0
12.000000, 16.197456, 44.910000, -0.350000,  2.018000,106.500000,  3.000000,  6.000000,  3.000000,  5.000000,  3.000000,  4.000000,  4.000000,  2.000000,  6.000000,  3.000000,  6.000000,  3.000000, 1, 0, 0
10.000000, 13.923403, 29.890000,  3.330000,  1.400000, 72.400000,  6.000000,  3.000000,  1.000000,  1.000000,  4.000000,  5.000000,  5.000000,  4.000000,  1.000000,  5.000000,  4.000000,  1.000000, 1, 0, 0
14.000000, 20.276161, 46.680000, -1.510000,  2.099000,124.600000,  4.000000,  7.000000,  3.000000,  6.000000,  4.000000,  4.000000,  4.000000,  4.000000,  6.000000,  4.000000,  7.000000,  3.000000, 1, 0, 0
3.000000,  5.331897,  7.730000, -3.040000,  0.331000, 31.800000,  1.000000,  2.000000,  0.000000,  2.000000,  1.000000,  0.000000,  0.000000,  1.000000,  2.000000,  1.000000,  2.000000,  0.000000, 1, 0, 0
11.000000, 15.264014, 40.910000, -1.490000,  1.832000,101.600000,  3.000000,  5.000000,  3.000000,  5.000000,  3.000000,  3.000000,  3.000000,  2.000000,  6.000000,  3.000000,  5.000000,  3.000000, 1, 0, 0
10.000000, 13.973165, 29.890000,  3.330000,  1.400000, 72.400000,  6.000000,  3.000000,  1.000000,  1.000000,  4.000000,  5.000000,  5.000000,  4.000000,  1.000000,  5.000000,  4.000000,  1.000000, 1, 0, 0
6.000000,  9.066627, 23.940000, -3.370000,  1.082000, 59.000000,  1.000000,  3.000000,  2.000000,  4.000000,  1.000000,  1.000000,  1.000000,  1.000000,  4.000000,  1.000000,  3.000000,  2.000000, 1, 0, 0
15.000000, 21.610712, 46.680000, -2.310000,  2.099000,133.600000,  5.000000,  7.000000,  3.000000,  6.000000,  5.000000,  4.000000,  4.000000,  5.000000,  6.000000,  5.000000,  7.000000,  3.000000, 1, 0, 0
4.000000,  9.392505, 17.500000,  0.210000,  0.804000, 35.600000,  1.000000,  1.000000,  2.000000,  2.000000,  1.000000,  1.000000,  1.000000,  1.000000,  2.000000,  1.000000,  1.000000,  2.000000, 0, 1, 0
4.000000, 10.570932, 17.840000,  1.740000,  0.811000, 31.300000,  1.000000,  1.000000,  2.000000,  1.000000,  2.000000,  1.000000,  2.000000,  1.000000,  1.000000,  1.000000,  1.000000,  2.000000, 0, 1, 0
5.000000, 13.316424, 22.200000,  2.670000,  1.023000, 36.000000,  1.000000,  2.000000,  2.000000,  1.000000,  2.000000,  2.000000,  3.000000,  1.000000,  1.000000,  1.000000,  2.000000,  2.000000, 0, 1, 0
5.000000, 13.960845, 21.770000, -0.870000,  1.002000, 49.300000,  2.000000,  1.000000,  2.000000,  3.000000,  1.000000,  1.000000,  1.000000,  1.000000,  3.000000,  2.000000,  1.000000,  2.000000, 0, 1, 0
5.000000, 10.446399, 12.670000,  0.520000,  0.581000, 41.400000,  3.000000,  1.000000,  1.000000,  1.000000,  2.000000,  2.000000,  2.000000,  2.000000,  1.000000,  3.000000,  1.000000,  1.000000, 0, 1, 0
4.000000, 10.542379, 17.840000,  1.740000,  0.811000, 31.300000,  1.000000,  1.000000,  2.000000,  1.000000,  2.000000,  1.000000,  2.000000,  1.000000,  1.000000,  1.000000,  1.000000,  2.000000, 0, 1, 0
5.000000, 13.340227, 22.200000,  2.670000,  1.023000, 36.000000,  1.000000,  2.000000,  2.000000,  1.000000,  2.000000,  2.000000,  3.000000,  1.000000,  1.000000,  1.000000,  2.000000,  2.000000, 0, 1, 0
5.000000, 13.947672, 21.770000, -0.870000,  1.002000, 49.300000,  2.000000,  1.000000,  2.000000,  3.000000,  1.000000,  1.000000,  1.000000,  1.000000,  3.000000,  2.000000,  1.000000,  2.000000, 0, 1, 0
5.000000, 10.429917, 12.670000,  0.520000,  0.581000, 41.400000,  3.000000,  1.000000,  1.000000,  1.000000,  2.000000,  2.000000,  2.000000,  2.000000,  1.000000,  3.000000,  1.000000,  1.000000, 0, 1, 0
4.000000, 10.614580, 17.840000,  1.740000,  0.811000, 31.300000,  1.000000,  1.000000,  2.000000,  1.000000,  2.000000,  1.000000,  2.000000,  1.000000,  1.000000,  1.000000,  1.000000,  2.000000, 0, 1, 0
5.000000, 13.321083, 22.200000,  2.670000,  1.023000, 36.000000,  1.000000,  2.000000,  2.000000,  1.000000,  2.000000,  2.000000,  3.000000,  1.000000,  1.000000,  1.000000,  2.000000,  2.000000, 0, 1, 0
5.000000, 14.024845, 21.770000, -0.870000,  1.002000, 49.300000,  2.000000,  1.000000,  2.000000,  3.000000,  1.000000,  1.000000,  1.000000,  1.000000,  3.000000,  2.000000,  1.000000,  2.000000, 0, 1, 0
5.000000, 10.378799, 12.670000,  0.520000,  0.581000, 41.400000,  3.000000,  1.000000,  1.000000,  1.000000,  2.000000,  2.000000,  2.000000,  2.000000,  1.000000,  3.000000,  1.000000,  1.000000, 0, 1, 0
6.000000, 16.797570, 20.490000,  1.370000,  0.944000, 53.400000,  1.000000,  3.000000,  2.000000,  3.000000,  1.000000,  2.000000,  2.000000,  1.000000,  3.000000,  1.000000,  3.000000,  2.000000, 0, 1, 0
6.000000, 15.837108, 28.990000,  3.560000,  1.363000, 43.900000,  0.000000,  4.000000,  2.000000,  2.000000,  0.000000,  4.000000,  4.000000,  0.000000,  2.000000,  0.000000,  4.000000,  2.000000, 0, 1, 0
5.000000, 12.701125, 18.600000,  5.800000,  0.852000, 29.100000,  1.000000,  4.000000,  0.000000,  0.000000,  1.000000,  4.000000,  4.000000,  1.000000,  0.000000,  1.000000,  4.000000,  0.000000, 0, 1, 0
4.000000,  9.851080, 10.950000,  2.190000,  0.506000, 30.800000,  1.000000,  3.000000,  0.000000,  1.000000,  1.000000,  2.000000,  2.000000,  1.000000,  1.000000,  1.000000,  3.000000,  0.000000, 0, 1, 0
6.000000, 15.866601, 28.990000,  3.560000,  1.363000, 43.900000,  0.000000,  4.000000,  2.000000,  2.000000,  0.000000,  4.000000,  4.000000,  0.000000,  2.000000,  0.000000,  4.000000,  2.000000, 0, 1, 0
6.000000, 15.826125, 20.200000,  4.830000,  0.914000, 38.300000,  2.000000,  4.000000,  0.000000,  0.000000,  2.000000,  4.000000,  4.000000,  2.000000,  0.000000,  2.000000,  4.000000,  0.000000, 0, 1, 0
5.000000, 13.056531, 15.720000,  1.780000,  0.725000, 42.100000,  1.000000,  3.000000,  1.000000,  2.000000,  1.000000,  2.000000,  2.000000,  1.000000,  2.000000,  1.000000,  3.000000,  1.000000, 0, 1, 0
6.000000, 16.155770, 28.990000,  3.560000,  1.363000, 43.900000,  0.000000,  4.000000,  2.000000,  2.000000,  0.000000,  4.000000,  4.000000,  0.000000,  2.000000,  0.000000,  4.000000,  2.000000, 0, 1, 0
5.000000, 12.709569, 18.600000,  5.800000,  0.852000, 29.100000,  1.000000,  4.000000,  0.000000,  0.000000,  1.000000,  4.000000,  4.000000,  1.000000,  0.000000,  1.000000,  4.000000,  0.000000, 0, 1, 0
