14183, 14182
14206, 14182
14211, 14182
14182, 14183
14184, 14183
14206, 14183
14207, 14183
14183, 14184
14206, 14184
14207, 14184
14189, 14185
14211, 14185
14216, 14185
14187, 14186
14211, 14186
14216, 14186
14186, 14187
14190, 14187
14212, 14187
14217, 14187
14189, 14188
14216, 14188
14185, 14189
14188, 14189
14190, 14189
14211, 14189
14216, 14189
14187, 14190
14189, 14190
14212, 14190
14217, 14190
14192, 14191
14207, 14191
14208, 14191
14191, 14192
14193, 14192
14196, 14192
14201, 14192
14209, 14192
14214, 14192
14192, 14193
14194, 14193
14197, 14193
14199, 14193
14202, 14193
14204, 14193
14210, 14193
14193, 14194
14195, 14194
14198, 14194
14200, 14194
14203, 14194
14205, 14194
14210, 14194
14215, 14194
14194, 14195
14205, 14195
14192, 14196
14212, 14196
14213, 14196
14193, 14197
14198, 14197
14214, 14197
14194, 14198
14197, 14198
14215, 14198
14193, 14199
14200, 14199
14215, 14199
14194, 14200
14199, 14200
14205, 14200
14192, 14201
14217, 14201
14218, 14201
14193, 14202
14203, 14202
14219, 14202
14194, 14203
14202, 14203
14220, 14203
14193, 14204
14205, 14204
14220, 14204
14194, 14205
14195, 14205
14200, 14205
14204, 14205
14182, 14206
14183, 14206
14184, 14206
14207, 14206
14183, 14207
14184, 14207
14191, 14207
14206, 14207
14191, 14208
14209, 14208
14210, 14208
14212, 14208
14217, 14208
14192, 14209
14208, 14209
14210, 14209
14212, 14209
14217, 14209
14218, 14209
14220, 14209
14193, 14210
14194, 14210
14208, 14210
14209, 14210
14220, 14210
14182, 14211
14185, 14211
14186, 14211
14189, 14211
14187, 14212
14190, 14212
14196, 14212
14208, 14212
14209, 14212
14196, 14213
14214, 14213
14215, 14213
14217, 14213
14192, 14214
14197, 14214
14213, 14214
14215, 14214
14194, 14215
14198, 14215
14199, 14215
14213, 14215
14214, 14215
14185, 14216
14186, 14216
14188, 14216
14189, 14216
14187, 14217
14190, 14217
14201, 14217
14208, 14217
14209, 14217
14213, 14217
14201, 14218
14209, 14218
14219, 14218
14220, 14218
14202, 14219
14218, 14219
14220, 14219
14203, 14220
14204, 14220
14209, 14220
14210, 14220
14218, 14220
14219, 14220
