7869, 7853
7870, 7853
7882, 7853
7885, 7853
7855, 7854
7870, 7854
7882, 7854
7854, 7855
7856, 7855
7869, 7855
7855, 7856
7857, 7856
7870, 7856
7882, 7856
7885, 7856
7856, 7857
7858, 7857
7857, 7858
7859, 7858
7874, 7858
7858, 7859
7860, 7859
7861, 7859
7873, 7859
7874, 7859
7859, 7860
7861, 7860
7862, 7860
7859, 7861
7860, 7861
7862, 7861
7860, 7862
7861, 7862
7863, 7862
7865, 7862
7862, 7863
7864, 7863
7865, 7863
7863, 7864
7865, 7864
7866, 7864
7867, 7864
7879, 7864
7862, 7865
7863, 7865
7864, 7865
7866, 7865
7867, 7865
7864, 7866
7865, 7866
7867, 7866
7884, 7866
7864, 7867
7865, 7867
7866, 7867
7881, 7867
7883, 7867
7869, 7868
7870, 7868
7885, 7868
7853, 7869
7855, 7869
7868, 7869
7870, 7869
7871, 7869
7885, 7869
7853, 7870
7854, 7870
7856, 7870
7868, 7870
7869, 7870
7871, 7870
7869, 7871
7870, 7871
7872, 7871
7871, 7872
7873, 7872
7859, 7873
7872, 7873
7874, 7873
7858, 7874
7859, 7874
7873, 7874
7875, 7874
7874, 7875
7876, 7875
7877, 7875
7875, 7876
7877, 7876
7878, 7876
7875, 7877
7876, 7877
7878, 7877
7879, 7877
7876, 7878
7877, 7878
7879, 7878
7880, 7878
7864, 7879
7877, 7879
7878, 7879
7880, 7879
7881, 7879
7878, 7880
7879, 7880
7881, 7880
7887, 7880
7867, 7881
7879, 7881
7880, 7881
7886, 7881
7853, 7882
7854, 7882
7856, 7882
7867, 7883
7884, 7883
7887, 7883
7866, 7884
7883, 7884
7886, 7884
7887, 7884
7853, 7885
7856, 7885
7868, 7885
7869, 7885
7881, 7886
7884, 7886
7887, 7886
7880, 7887
7883, 7887
7884, 7887
7886, 7887
