18235, 18234
18243, 18234
18244, 18234
18234, 18235
18236, 18235
18242, 18235
18244, 18235
18235, 18236
18237, 18236
18242, 18236
18243, 18236
18236, 18237
18250, 18237
18262, 18237
18252, 18238
18257, 18238
18260, 18238
18272, 18238
18240, 18239
18252, 18239
18264, 18239
18239, 18240
18259, 18240
18271, 18240
18258, 18241
18261, 18241
18273, 18241
18235, 18242
18236, 18242
18243, 18242
18234, 18243
18236, 18243
18242, 18243
18244, 18243
18234, 18244
18235, 18244
18243, 18244
18245, 18244
18244, 18245
18250, 18245
18262, 18245
18247, 18246
18260, 18246
18264, 18246
18272, 18246
18246, 18247
18248, 18247
18252, 18247
18264, 18247
18247, 18248
18259, 18248
18271, 18248
18258, 18249
18273, 18249
18237, 18250
18245, 18250
18253, 18250
18265, 18250
18254, 18251
18255, 18251
18267, 18251
18238, 18252
18239, 18252
18247, 18252
18259, 18252
18250, 18253
18254, 18253
18262, 18253
18266, 18253
18251, 18254
18253, 18254
18265, 18254
18266, 18254
18251, 18255
18256, 18255
18263, 18255
18255, 18256
18257, 18256
18269, 18256
18238, 18257
18256, 18257
18260, 18257
18268, 18257
18272, 18257
18241, 18258
18249, 18258
18259, 18258
18261, 18258
18271, 18258
18273, 18258
18240, 18259
18248, 18259
18252, 18259
18258, 18259
18264, 18259
18238, 18260
18246, 18260
18257, 18260
18269, 18260
18241, 18261
18258, 18261
18270, 18261
18273, 18261
18237, 18262
18245, 18262
18253, 18262
18265, 18262
18255, 18263
18266, 18263
18267, 18263
18239, 18264
18246, 18264
18247, 18264
18259, 18264
18250, 18265
18254, 18265
18262, 18265
18266, 18265
18253, 18266
18254, 18266
18263, 18266
18265, 18266
18251, 18267
18263, 18267
18268, 18267
18257, 18268
18267, 18268
18269, 18268
18256, 18269
18260, 18269
18268, 18269
18272, 18269
18261, 18270
18271, 18270
18273, 18270
18240, 18271
18248, 18271
18258, 18271
18270, 18271
18238, 18272
18246, 18272
18257, 18272
18269, 18272
18241, 18273
18249, 18273
18258, 18273
18261, 18273
18270, 18273
