8295, 8275
8296, 8275
8303, 8275
8295, 8276
8296, 8276
8303, 8276
8278, 8277
8279, 8277
8297, 8277
8298, 8277
8277, 8278
8279, 8278
8280, 8278
8298, 8278
8277, 8279
8278, 8279
8280, 8279
8281, 8279
8278, 8280
8279, 8280
8281, 8280
8282, 8280
8283, 8280
8279, 8281
8280, 8281
8282, 8281
8283, 8281
8280, 8282
8281, 8282
8283, 8282
8280, 8283
8281, 8283
8282, 8283
8284, 8283
8299, 8283
8283, 8284
8285, 8284
8300, 8284
8284, 8285
8286, 8285
8300, 8285
8301, 8285
8285, 8286
8301, 8286
8302, 8286
8288, 8287
8302, 8287
8306, 8287
8287, 8288
8289, 8288
8290, 8288
8306, 8288
8288, 8289
8290, 8289
8306, 8289
8288, 8290
8289, 8290
8291, 8290
8306, 8290
8290, 8291
8292, 8291
8293, 8291
8294, 8291
8291, 8292
8293, 8292
8294, 8292
8291, 8293
8292, 8293
8294, 8293
8291, 8294
8292, 8294
8293, 8294
8275, 8295
8276, 8295
8296, 8295
8303, 8295
8275, 8296
8276, 8296
8295, 8296
8297, 8296
8303, 8296
8277, 8297
8296, 8297
8298, 8297
8277, 8298
8278, 8298
8297, 8298
8283, 8299
8300, 8299
8304, 8299
8305, 8299
8284, 8300
8285, 8300
8299, 8300
8301, 8300
8304, 8300
8305, 8300
8285, 8301
8286, 8301
8300, 8301
8302, 8301
8286, 8302
8287, 8302
8301, 8302
8306, 8302
8275, 8303
8276, 8303
8295, 8303
8296, 8303
8299, 8304
8300, 8304
8305, 8304
8299, 8305
8300, 8305
8304, 8305
8287, 8306
8288, 8306
8289, 8306
8290, 8306
8302, 8306
