12.000000, 17.080705, 40.970000,  1.810000,  1.870000, 97.000000,  5.000000,  5.000000,  2.000000,  3.000000,  4.000000,  5.000000,  5.000000,  4.000000,  3.000000,  5.000000,  5.000000,  2.000000, 1, 0, 0
8.000000,  9.818584, 35.070000,  4.030000,  1.678000, 60.800000,  2.000000,  3.000000,  3.000000,  2.000000,  2.000000,  4.000000,  4.000000,  2.000000,  2.000000,  2.000000,  3.000000,  3.000000, 1, 0, 0
13.000000, 17.366717, 40.740000,  0.700000,  1.873000,113.800000,  6.000000,  3.000000,  4.000000,  5.000000,  4.000000,  4.000000,  5.000000,  3.000000,  5.000000,  5.000000,  4.000000,  4.000000, 1, 0, 0
5.000000,  7.096229, 18.780000,  4.080000,  0.849000, 33.200000,  0.000000,  5.000000,  0.000000,  1.000000,  0.000000,  4.000000,  4.000000,  0.000000,  1.000000,  0.000000,  5.000000,  0.000000, 1, 0, 0
12.000000, 16.160088, 31.820000, -5.480000,  1.374000,116.600000,  7.000000,  3.000000,  2.000000,  5.000000,  5.000000,  2.000000,  2.000000,  5.000000,  5.000000,  7.000000,  3.000000,  2.000000, 1, 0, 0
9.000000, 12.248932, 38.310000,  0.670000,  1.748000, 75.700000,  1.000000,  5.000000,  3.000000,  4.000000,  1.000000,  4.000000,  4.000000,  1.000000,  4.000000,  1.000000,  5.000000,  3.000000, 1, 0, 0
10.000000, 12.231122,  0.000000,  0.000000,  0.000000,  0.000000,  0.000000,  0.000000,  0.000000,  0.000000,  0.000000,  0.000000,  0.000000,  0.000000,  0.000000,  0.000000,  0.000000,  0.000000, 1, 0, 0
4.000000,  5.124750,  0.000000,  0.000000,  0.000000,  0.000000,  0.000000,  0.000000,  0.000000,  0.000000,  0.000000,  0.000000,  0.000000,  0.000000,  0.000000,  0.000000,  0.000000,  0.000000, 1, 0, 0
14.000000, 20.058871,  0.000000,  0.000000,  0.000000,  0.000000,  0.000000,  0.000000,  0.000000,  0.000000,  0.000000,  0.000000,  0.000000,  0.000000,  0.000000,  0.000000,  0.000000,  0.000000, 1, 0, 0
6.000000,  7.319850,  0.000000,  0.000000,  0.000000,  0.000000,  0.000000,  0.000000,  0.000000,  0.000000,  0.000000,  0.000000,  0.000000,  0.000000,  0.000000,  0.000000,  0.000000,  0.000000, 1, 0, 0
11.000000, 15.701497,  0.000000,  0.000000,  0.000000,  0.000000,  0.000000,  0.000000,  0.000000,  0.000000,  0.000000,  0.000000,  0.000000,  0.000000,  0.000000,  0.000000,  0.000000,  0.000000, 1, 0, 0
9.000000, 12.867055,  0.000000,  0.000000,  0.000000,  0.000000,  0.000000,  0.000000,  0.000000,  0.000000,  0.000000,  0.000000,  0.000000,  0.000000,  0.000000,  0.000000,  0.000000,  0.000000, 1, 0, 0
11.000000, 15.329560,  0.000000,  0.000000,  0.000000,  0.000000,  0.000000,  0.000000,  0.000000,  0.000000,  0.000000,  0.000000,  0.000000,  0.000000,  0.000000,  0.000000,  0.000000,  0.000000, 1, 0, 0
8.000000, 10.235159,  0.000000,  0.000000,  0.000000,  0.000000,  0.000000,  0.000000,  0.000000,  0.000000,  0.000000,  0.000000,  0.000000,  0.000000,  0.000000,  0.000000,  0.000000,  0.000000, 1, 0, 0
4.000000, 10.142980,  0.000000,  0.000000,  0.000000,  0.000000,  0.000000,  0.000000,  0.000000,  0.000000,  0.000000,  0.000000,  0.000000,  0.000000,  0.000000,  0.000000,  0.000000,  0.000000, 0, 1, 0
4.000000,  9.519626, 18.810000,  0.600000,  0.880000, 34.100000,  0.000000,  3.000000,  1.000000,  2.000000,  0.000000,  2.000000,  2.000000,  0.000000,  2.000000,  0.000000,  3.000000,  1.000000, 0, 1, 0
7.000000, 19.386997,  0.000000,  0.000000,  0.000000,  0.000000,  0.000000,  0.000000,  0.000000,  0.000000,  0.000000,  0.000000,  0.000000,  0.000000,  0.000000,  0.000000,  0.000000,  0.000000, 0, 1, 0
10.000000, 24.924374, 33.660000,  3.470000,  1.609000, 73.600000,  5.000000,  1.000000,  4.000000,  1.000000,  5.000000,  4.000000,  4.000000,  5.000000,  1.000000,  4.000000,  2.000000,  4.000000, 0, 1, 0
7.000000, 19.474119, 31.580000,  3.570000,  1.528000, 52.600000,  1.000000,  2.000000,  4.000000,  2.000000,  1.000000,  4.000000,  4.000000,  1.000000,  2.000000,  1.000000,  2.000000,  4.000000, 0, 1, 0
7.000000, 19.783371,  0.000000,  0.000000,  0.000000,  0.000000,  0.000000,  0.000000,  0.000000,  0.000000,  0.000000,  0.000000,  0.000000,  0.000000,  0.000000,  0.000000,  0.000000,  0.000000, 0, 1, 0
4.000000,  9.713482, 16.420000,  2.270000,  0.758000, 28.500000,  0.000000,  3.000000,  1.000000,  1.000000,  1.000000,  2.000000,  3.000000,  0.000000,  1.000000,  0.000000,  3.000000,  1.000000, 0, 1, 0
4.000000, 10.442961,  0.000000,  0.000000,  0.000000,  0.000000,  0.000000,  0.000000,  0.000000,  0.000000,  0.000000,  0.000000,  0.000000,  0.000000,  0.000000,  0.000000,  0.000000,  0.000000, 0, 1, 0
4.000000, 10.025836,  0.000000,  0.000000,  0.000000,  0.000000,  0.000000,  0.000000,  0.000000,  0.000000,  0.000000,  0.000000,  0.000000,  0.000000,  0.000000,  0.000000,  0.000000,  0.000000, 0, 1, 0
6.000000, 16.663333,  0.000000,  0.000000,  0.000000,  0.000000,  0.000000,  0.000000,  0.000000,  0.000000,  0.000000,  0.000000,  0.000000,  0.000000,  0.000000,  0.000000,  0.000000,  0.000000, 0, 1, 0
7.000000, 20.143746,  0.000000,  0.000000,  0.000000,  0.000000,  0.000000,  0.000000,  0.000000,  0.000000,  0.000000,  0.000000,  0.000000,  0.000000,  0.000000,  0.000000,  0.000000,  0.000000, 0, 1, 0
4.000000, 10.015417,  0.000000,  0.000000,  0.000000,  0.000000,  0.000000,  0.000000,  0.000000,  0.000000,  0.000000,  0.000000,  0.000000,  0.000000,  0.000000,  0.000000,  0.000000,  0.000000, 0, 1, 0
7.000000, 19.655954,  0.000000,  0.000000,  0.000000,  0.000000,  0.000000,  0.000000,  0.000000,  0.000000,  0.000000,  0.000000,  0.000000,  0.000000,  0.000000,  0.000000,  0.000000,  0.000000, 0, 1, 0
6.000000, 16.245401,  0.000000,  0.000000,  0.000000,  0.000000,  0.000000,  0.000000,  0.000000,  0.000000,  0.000000,  0.000000,  0.000000,  0.000000,  0.000000,  0.000000,  0.000000,  0.000000, 0, 1, 0
