11.000000, 15.252228, 42.040000, -0.590000,  1.901000, 97.600000,  3.000000,  5.000000,  3.000000,  4.000000,  4.000000,  3.000000,  3.000000,  3.000000,  5.000000,  2.000000,  6.000000,  3.000000, 1, 0, 0
10.000000, 14.652677, 37.650000, -1.360000,  1.668000, 94.800000,  1.000000,  6.000000,  3.000000,  6.000000,  1.000000,  3.000000,  3.000000,  1.000000,  6.000000,  1.000000,  6.000000,  3.000000, 1, 0, 0
3.000000,  5.526791,  8.660000,  1.410000,  0.416000, 24.400000,  1.000000,  1.000000,  1.000000,  0.000000,  2.000000,  1.000000,  1.000000,  1.000000,  1.000000,  1.000000,  1.000000,  1.000000, 1, 0, 0
14.000000, 20.411020, 52.320000,  6.010000,  2.439000,107.300000,  5.000000,  3.000000,  6.000000,  3.000000,  5.000000,  6.000000,  7.000000,  4.000000,  3.000000,  4.000000,  4.000000,  6.000000, 1, 0, 0
8.000000, 10.952118, 26.690000,  1.610000,  1.202000, 68.600000,  4.000000,  2.000000,  2.000000,  2.000000,  4.000000,  2.000000,  3.000000,  2.000000,  3.000000,  4.000000,  2.000000,  2.000000, 1, 0, 0
24.000000, 35.173155, 91.340000,  6.400000,  4.171000,191.400000,  5.000000, 13.000000,  6.000000,  7.000000,  7.000000, 10.000000, 12.000000,  5.000000,  7.000000,  4.000000, 14.000000,  6.000000, 1, 0, 0
3.000000,  5.347922, 11.850000, -0.700000,  0.511000, 27.800000,  2.000000,  0.000000,  1.000000,  1.000000,  2.000000,  0.000000,  1.000000,  1.000000,  1.000000,  2.000000,  0.000000,  1.000000, 1, 0, 0
13.000000, 18.712485, 48.800000, -1.060000,  2.168000,111.400000,  5.000000,  4.000000,  4.000000,  4.000000,  6.000000,  3.000000,  5.000000,  4.000000,  4.000000,  5.000000,  4.000000,  4.000000, 1, 0, 0
9.000000, 12.256523, 26.130000, -5.220000,  1.169000, 91.400000,  5.000000,  1.000000,  3.000000,  4.000000,  5.000000,  0.000000,  0.000000,  4.000000,  5.000000,  5.000000,  1.000000,  3.000000, 1, 0, 0
18.000000, 26.690161, 60.550000,  3.140000,  2.724000,138.100000,  6.000000, 10.000000,  2.000000,  4.000000,  7.000000,  7.000000,  9.000000,  5.000000,  4.000000,  5.000000, 11.000000,  2.000000, 1, 0, 0
12.000000, 16.390899, 53.250000,  2.530000,  2.464000, 99.300000,  2.000000,  4.000000,  6.000000,  5.000000,  3.000000,  4.000000,  5.000000,  2.000000,  5.000000,  2.000000,  4.000000,  6.000000, 1, 0, 0
4.000000,  4.717383,  7.720000,  0.270000,  0.363000, 30.000000,  3.000000,  1.000000,  0.000000,  0.000000,  3.000000,  1.000000,  1.000000,  3.000000,  0.000000,  2.000000,  2.000000,  0.000000, 1, 0, 0
11.000000, 16.077061, 48.310000, -2.790000,  2.187000,114.400000,  1.000000,  3.000000,  7.000000,  9.000000,  0.000000,  2.000000,  2.000000,  0.000000,  9.000000,  1.000000,  3.000000,  7.000000, 1, 0, 0
10.000000, 13.944123, 33.870000,  3.870000,  1.587000, 78.600000,  2.000000,  5.000000,  3.000000,  2.000000,  3.000000,  5.000000,  5.000000,  2.000000,  3.000000,  2.000000,  5.000000,  3.000000, 1, 0, 0
5.000000,  6.618313, 19.410000, -1.680000,  0.884000, 51.000000,  2.000000,  1.000000,  2.000000,  3.000000,  1.000000,  1.000000,  1.000000,  1.000000,  3.000000,  2.000000,  1.000000,  2.000000, 1, 0, 0
11.000000, 15.973195, 36.470000,  1.160000,  1.632000, 96.100000,  5.000000,  3.000000,  3.000000,  4.000000,  4.000000,  3.000000,  4.000000,  3.000000,  4.000000,  5.000000,  3.000000,  3.000000, 1, 0, 0
24.000000, 34.145188, 84.050000,  0.760000,  3.828000,212.700000,  7.000000, 11.000000,  6.000000, 10.000000,  6.000000,  8.000000,  8.000000,  5.000000, 11.000000,  5.000000, 13.000000,  6.000000, 1, 0, 0
12.000000, 16.644863, 34.930000,  0.820000,  1.593000, 96.800000,  7.000000,  2.000000,  3.000000,  2.000000,  8.000000,  2.000000,  3.000000,  7.000000,  2.000000,  6.000000,  3.000000,  3.000000, 1, 0, 0
3.000000,  6.651110, 10.780000,  1.130000,  0.477000, 23.100000,  0.000000,  3.000000,  0.000000,  1.000000,  0.000000,  2.000000,  2.000000,  0.000000,  1.000000,  0.000000,  3.000000,  0.000000, 0, 1, 0
5.000000, 13.514965, 19.040000,  2.760000,  0.911000, 38.500000,  0.000000,  3.000000,  2.000000,  1.000000,  1.000000,  3.000000,  3.000000,  0.000000,  2.000000,  0.000000,  3.000000,  2.000000, 0, 1, 0
5.000000, 13.274296, 10.840000, -1.330000,  0.516000, 41.800000,  3.000000,  1.000000,  1.000000,  1.000000,  3.000000,  1.000000,  1.000000,  3.000000,  1.000000,  3.000000,  1.000000,  1.000000, 0, 1, 0
6.000000, 17.001590, 25.920000,  2.650000,  1.220000, 45.700000,  2.000000,  1.000000,  3.000000,  1.000000,  3.000000,  2.000000,  3.000000,  2.000000,  1.000000,  2.000000,  1.000000,  3.000000, 0, 1, 0
6.000000, 16.373105, 23.270000,  3.520000,  1.061000, 42.100000,  1.000000,  4.000000,  1.000000,  1.000000,  1.000000,  4.000000,  4.000000,  1.000000,  1.000000,  1.000000,  4.000000,  1.000000, 0, 1, 0
5.000000, 13.565779, 23.430000,  3.480000,  1.100000, 37.900000,  0.000000,  2.000000,  3.000000,  2.000000,  0.000000,  3.000000,  3.000000,  0.000000,  2.000000,  0.000000,  2.000000,  3.000000, 0, 1, 0
3.000000,  6.488683, 12.890000,  4.290000,  0.616000, 16.300000,  0.000000,  2.000000,  1.000000,  0.000000,  0.000000,  3.000000,  3.000000,  0.000000,  0.000000,  0.000000,  2.000000,  1.000000, 0, 1, 0
3.000000,  6.383530, 13.840000, -0.070000,  0.625000, 26.100000,  1.000000,  0.000000,  2.000000,  1.000000,  2.000000,  0.000000,  1.000000,  1.000000,  1.000000,  1.000000,  0.000000,  2.000000, 0, 1, 0
