8340, 8339
8353, 8339
8339, 8340
8352, 8340
8365, 8340
8373, 8340
8374, 8340
8342, 8341
8368, 8341
8377, 8341
8341, 8342
8343, 8342
8368, 8342
8342, 8343
8369, 8343
8378, 8343
8345, 8344
8370, 8344
8379, 8344
8344, 8345
8371, 8345
8380, 8345
8347, 8346
8360, 8346
8372, 8346
8381, 8346
8346, 8347
8348, 8347
8359, 8347
8347, 8348
8349, 8348
8350, 8348
8351, 8348
8348, 8349
8350, 8349
8351, 8349
8348, 8350
8349, 8350
8351, 8350
8348, 8351
8349, 8351
8350, 8351
8340, 8352
8353, 8352
8339, 8353
8352, 8353
8365, 8353
8373, 8353
8374, 8353
8382, 8353
8355, 8354
8368, 8354
8377, 8354
8354, 8355
8356, 8355
8368, 8355
8355, 8356
8369, 8356
8378, 8356
8358, 8357
8370, 8357
8379, 8357
8357, 8358
8371, 8358
8380, 8358
8347, 8359
8360, 8359
8372, 8359
8381, 8359
8346, 8360
8359, 8360
8361, 8360
8360, 8361
8362, 8361
8363, 8361
8364, 8361
8361, 8362
8363, 8362
8364, 8362
8361, 8363
8362, 8363
8364, 8363
8361, 8364
8362, 8364
8363, 8364
8340, 8365
8353, 8365
8373, 8365
8382, 8365
8367, 8366
8373, 8366
8376, 8366
8366, 8367
8368, 8367
8375, 8367
8377, 8367
8341, 8368
8342, 8368
8354, 8368
8355, 8368
8367, 8368
8376, 8368
8343, 8369
8356, 8369
8370, 8369
8379, 8369
8344, 8370
8357, 8370
8369, 8370
8378, 8370
8345, 8371
8358, 8371
8372, 8371
8346, 8372
8359, 8372
8371, 8372
8340, 8373
8353, 8373
8365, 8373
8366, 8373
8374, 8373
8382, 8373
8340, 8374
8353, 8374
8373, 8374
8375, 8374
8382, 8374
8367, 8375
8374, 8375
8376, 8375
8366, 8376
8368, 8376
8375, 8376
8377, 8376
8341, 8377
8354, 8377
8367, 8377
8376, 8377
8343, 8378
8356, 8378
8370, 8378
8379, 8378
8344, 8379
8357, 8379
8369, 8379
8378, 8379
8345, 8380
8358, 8380
8381, 8380
8346, 8381
8359, 8381
8380, 8381
8353, 8382
8365, 8382
8373, 8382
8374, 8382
