14417, 14416
14420, 14416
14416, 14417
14418, 14417
14419, 14417
14422, 14417
14417, 14418
14419, 14418
14420, 14418
14425, 14418
14428, 14418
14417, 14419
14418, 14419
14420, 14419
14416, 14420
14418, 14420
14419, 14420
14439, 14420
14422, 14421
14425, 14421
14436, 14421
14442, 14421
14417, 14422
14421, 14422
14425, 14422
14439, 14422
14426, 14423
14429, 14423
14433, 14423
14426, 14424
14427, 14424
14430, 14424
14440, 14424
14441, 14424
14418, 14425
14421, 14425
14422, 14425
14436, 14425
14423, 14426
14424, 14426
14427, 14426
14424, 14427
14426, 14427
14438, 14427
14440, 14427
14418, 14428
14432, 14428
14423, 14429
14432, 14429
14433, 14429
14437, 14429
14424, 14430
14434, 14430
14448, 14430
14434, 14431
14435, 14431
14449, 14431
14428, 14432
14429, 14432
14423, 14433
14429, 14433
14437, 14433
14430, 14434
14431, 14434
14444, 14434
14431, 14435
14445, 14435
14449, 14435
14421, 14436
14425, 14436
14439, 14436
14429, 14437
14433, 14437
14440, 14437
14447, 14437
14427, 14438
14441, 14438
14444, 14438
14420, 14439
14422, 14439
14436, 14439
14424, 14440
14427, 14440
14437, 14440
14441, 14440
14424, 14441
14438, 14441
14440, 14441
14421, 14442
14446, 14442
14446, 14443
14447, 14443
14434, 14444
14438, 14444
14448, 14444
14435, 14445
14448, 14445
14449, 14445
14442, 14446
14443, 14446
14437, 14447
14443, 14447
14430, 14448
14444, 14448
14445, 14448
14431, 14449
14435, 14449
14445, 14449
