17450, 17449
17477, 17449
17479, 17449
17449, 17450
17477, 17450
17479, 17450
17452, 17451
17463, 17451
17470, 17451
17451, 17452
17462, 17452
17469, 17452
17486, 17452
17454, 17453
17455, 17453
17462, 17453
17453, 17454
17455, 17454
17487, 17454
17453, 17455
17454, 17455
17487, 17455
17460, 17456
17467, 17456
17474, 17456
17459, 17457
17461, 17457
17468, 17457
17489, 17457
17490, 17457
17475, 17458
17477, 17458
17480, 17458
17481, 17458
17457, 17459
17489, 17459
17490, 17459
17456, 17460
17461, 17460
17488, 17460
17457, 17461
17460, 17461
17468, 17461
17488, 17461
17452, 17462
17453, 17462
17469, 17462
17486, 17462
17451, 17463
17470, 17463
17478, 17463
17485, 17463
17471, 17464
17476, 17464
17483, 17464
17484, 17464
17466, 17465
17472, 17465
17473, 17465
17465, 17466
17472, 17466
17473, 17466
17475, 17466
17482, 17466
17456, 17467
17474, 17467
17487, 17467
17457, 17468
17461, 17468
17488, 17468
17489, 17468
17452, 17469
17462, 17469
17486, 17469
17451, 17470
17463, 17470
17478, 17470
17485, 17470
17464, 17471
17476, 17471
17483, 17471
17465, 17472
17466, 17472
17473, 17472
17476, 17472
17465, 17473
17466, 17473
17472, 17473
17475, 17473
17482, 17473
17456, 17474
17467, 17474
17487, 17474
17458, 17475
17466, 17475
17473, 17475
17481, 17475
17482, 17475
17464, 17476
17471, 17476
17472, 17476
17483, 17476
17449, 17477
17450, 17477
17458, 17477
17479, 17477
17480, 17477
17481, 17477
17463, 17478
17470, 17478
17484, 17478
17485, 17478
17449, 17479
17450, 17479
17477, 17479
17458, 17480
17477, 17480
17481, 17480
17458, 17481
17475, 17481
17477, 17481
17480, 17481
17466, 17482
17473, 17482
17475, 17482
17464, 17483
17471, 17483
17476, 17483
17464, 17484
17478, 17484
17485, 17484
17463, 17485
17470, 17485
17478, 17485
17484, 17485
17452, 17486
17462, 17486
17469, 17486
17454, 17487
17455, 17487
17467, 17487
17474, 17487
17460, 17488
17461, 17488
17468, 17488
17457, 17489
17459, 17489
17468, 17489
17490, 17489
17457, 17490
17459, 17490
17489, 17490
