3339, 3330
3340, 3330
3341, 3330
3332, 3331
3333, 3331
3338, 3331
3346, 3331
3331, 3332
3333, 3332
3346, 3332
3331, 3333
3332, 3333
3346, 3333
3335, 3334
3340, 3334
3341, 3334
3334, 3335
3340, 3335
3341, 3335
3338, 3336
3342, 3336
3344, 3336
3339, 3337
3343, 3337
3345, 3337
3331, 3338
3336, 3338
3344, 3338
3346, 3338
3330, 3339
3337, 3339
3341, 3339
3345, 3339
3330, 3340
3334, 3340
3335, 3340
3341, 3340
3330, 3341
3334, 3341
3335, 3341
3339, 3341
3340, 3341
3336, 3342
3343, 3342
3344, 3342
3337, 3343
3342, 3343
3345, 3343
3336, 3344
3338, 3344
3342, 3344
3346, 3344
3337, 3345
3339, 3345
3343, 3345
3331, 3346
3332, 3346
3333, 3346
3338, 3346
3344, 3346
