15079, 15078
15081, 15078
15086, 15078
15078, 15079
15081, 15079
15086, 15079
15081, 15080
15085, 15080
15086, 15080
15078, 15081
15079, 15081
15080, 15081
15085, 15081
15086, 15081
15083, 15082
15084, 15082
15085, 15082
15087, 15082
15088, 15082
15089, 15082
15082, 15083
15087, 15083
15088, 15083
15089, 15083
15082, 15084
15085, 15084
15087, 15084
15080, 15085
15081, 15085
15082, 15085
15084, 15085
15086, 15085
15087, 15085
15078, 15086
15079, 15086
15080, 15086
15081, 15086
15085, 15086
15082, 15087
15083, 15087
15084, 15087
15085, 15087
15082, 15088
15083, 15088
15089, 15088
15082, 15089
15083, 15089
15088, 15089
