14391, 14390
14394, 14390
14406, 14390
14390, 14391
14392, 14391
14406, 14391
14407, 14391
14391, 14392
14406, 14392
14407, 14392
14413, 14392
14394, 14393
14411, 14393
14390, 14394
14393, 14394
14395, 14394
14411, 14394
14412, 14394
14394, 14395
14411, 14395
14412, 14395
14407, 14396
14408, 14396
14409, 14396
14398, 14397
14409, 14397
14397, 14398
14399, 14398
14402, 14398
14404, 14398
14410, 14398
14398, 14399
14400, 14399
14403, 14399
14405, 14399
14410, 14399
14399, 14400
14404, 14400
14405, 14400
14408, 14401
14409, 14401
14412, 14401
14413, 14401
14398, 14402
14403, 14402
14409, 14402
14414, 14402
14399, 14403
14402, 14403
14404, 14403
14415, 14403
14398, 14404
14400, 14404
14403, 14404
14405, 14404
14410, 14404
14415, 14404
14399, 14405
14400, 14405
14404, 14405
14390, 14406
14391, 14406
14392, 14406
14391, 14407
14392, 14407
14396, 14407
14413, 14407
14414, 14407
14396, 14408
14401, 14408
14409, 14408
14396, 14409
14397, 14409
14401, 14409
14402, 14409
14408, 14409
14398, 14410
14399, 14410
14404, 14410
14415, 14410
14393, 14411
14394, 14411
14395, 14411
14412, 14411
14394, 14412
14395, 14412
14401, 14412
14411, 14412
14392, 14413
14401, 14413
14407, 14413
14414, 14413
14415, 14413
14402, 14414
14407, 14414
14413, 14414
14415, 14414
14403, 14415
14404, 14415
14410, 14415
14413, 14415
14414, 14415
