19023, 19022
19024, 19022
19029, 19022
19022, 19023
19024, 19023
19030, 19023
19037, 19023
19038, 19023
19022, 19024
19023, 19024
19030, 19024
19032, 19024
19026, 19025
19027, 19025
19033, 19025
19025, 19026
19027, 19026
19031, 19026
19025, 19027
19026, 19027
19040, 19027
19029, 19028
19036, 19028
19037, 19028
19022, 19029
19028, 19029
19036, 19029
19037, 19029
19023, 19030
19024, 19030
19032, 19030
19035, 19030
19038, 19030
19026, 19031
19033, 19031
19039, 19031
19040, 19031
19024, 19032
19030, 19032
19035, 19032
19038, 19032
19041, 19032
19025, 19033
19031, 19033
19034, 19033
19039, 19033
19040, 19033
19041, 19033
19042, 19033
19033, 19034
19041, 19034
19042, 19034
19030, 19035
19032, 19035
19038, 19035
19041, 19035
19042, 19035
19028, 19036
19029, 19036
19037, 19036
19023, 19037
19028, 19037
19029, 19037
19036, 19037
19023, 19038
19030, 19038
19032, 19038
19035, 19038
19031, 19039
19033, 19039
19040, 19039
19027, 19040
19031, 19040
19033, 19040
19039, 19040
19032, 19041
19033, 19041
19034, 19041
19035, 19041
19042, 19041
19033, 19042
19034, 19042
19035, 19042
19041, 19042
