2565, 2564
2588, 2564
2590, 2564
2564, 2565
2566, 2565
2567, 2565
2591, 2565
2594, 2565
2565, 2566
2567, 2566
2568, 2566
2591, 2566
2565, 2567
2566, 2567
2568, 2567
2569, 2567
2592, 2567
2566, 2568
2567, 2568
2569, 2568
2570, 2568
2592, 2568
2567, 2569
2568, 2569
2570, 2569
2568, 2570
2569, 2570
2571, 2570
2572, 2570
2570, 2571
2572, 2571
2573, 2571
2570, 2572
2571, 2572
2573, 2572
2571, 2573
2572, 2573
2574, 2573
2573, 2574
2575, 2574
2576, 2574
2589, 2574
2574, 2575
2576, 2575
2577, 2575
2589, 2575
2574, 2576
2575, 2576
2577, 2576
2587, 2576
2589, 2576
2575, 2577
2576, 2577
2578, 2577
2587, 2577
2595, 2577
2577, 2578
2579, 2578
2580, 2578
2595, 2578
2596, 2578
2578, 2579
2580, 2579
2586, 2579
2596, 2579
2578, 2580
2579, 2580
2581, 2580
2586, 2580
2597, 2580
2580, 2581
2582, 2581
2583, 2581
2597, 2581
2598, 2581
2581, 2582
2583, 2582
2584, 2582
2585, 2582
2598, 2582
2581, 2583
2582, 2583
2584, 2583
2585, 2583
2582, 2584
2583, 2584
2585, 2584
2582, 2585
2583, 2585
2584, 2585
2598, 2585
2579, 2586
2580, 2586
2596, 2586
2597, 2586
2598, 2586
2576, 2587
2577, 2587
2589, 2587
2595, 2587
2564, 2588
2590, 2588
2593, 2588
2574, 2589
2575, 2589
2576, 2589
2587, 2589
2564, 2590
2588, 2590
2593, 2590
2594, 2590
2565, 2591
2566, 2591
2592, 2591
2593, 2591
2594, 2591
2567, 2592
2568, 2592
2591, 2592
2594, 2592
2588, 2593
2590, 2593
2591, 2593
2594, 2593
2565, 2594
2590, 2594
2591, 2594
2592, 2594
2593, 2594
2577, 2595
2578, 2595
2587, 2595
2596, 2595
2578, 2596
2579, 2596
2586, 2596
2595, 2596
2597, 2596
2580, 2597
2581, 2597
2586, 2597
2596, 2597
2598, 2597
2581, 2598
2582, 2598
2585, 2598
2586, 2598
2597, 2598
