6576, 6575
6577, 6575
6578, 6575
6585, 6575
6593, 6575
6597, 6575
6575, 6576
6577, 6576
6578, 6576
6583, 6576
6575, 6577
6576, 6577
6578, 6577
6575, 6578
6576, 6578
6577, 6578
6582, 6578
6581, 6579
6584, 6579
6589, 6579
6584, 6580
6586, 6580
6592, 6580
6594, 6580
6579, 6581
6582, 6581
6584, 6581
6589, 6581
6590, 6581
6592, 6581
6578, 6582
6581, 6582
6583, 6582
6589, 6582
6590, 6582
6591, 6582
6576, 6583
6582, 6583
6590, 6583
6591, 6583
6597, 6583
6579, 6584
6580, 6584
6581, 6584
6586, 6584
6592, 6584
6594, 6584
6575, 6585
6593, 6585
6597, 6585
6580, 6586
6584, 6586
6592, 6586
6594, 6586
6598, 6586
6588, 6587
6595, 6587
6596, 6587
6587, 6588
6595, 6588
6596, 6588
6598, 6588
6579, 6589
6581, 6589
6582, 6589
6590, 6589
6581, 6590
6582, 6590
6583, 6590
6589, 6590
6591, 6590
6582, 6591
6583, 6591
6590, 6591
6597, 6591
6580, 6592
6581, 6592
6584, 6592
6586, 6592
6575, 6593
6585, 6593
6597, 6593
6580, 6594
6584, 6594
6586, 6594
6598, 6594
6587, 6595
6588, 6595
6596, 6595
6587, 6596
6588, 6596
6595, 6596
6575, 6597
6583, 6597
6585, 6597
6591, 6597
6593, 6597
6586, 6598
6588, 6598
6594, 6598
