16131, 16130
16132, 16130
16133, 16130
16130, 16131
16132, 16131
16133, 16131
16130, 16132
16131, 16132
16133, 16132
16134, 16132
16130, 16133
16131, 16133
16132, 16133
16134, 16133
16151, 16133
16132, 16134
16133, 16134
16135, 16134
16136, 16134
16151, 16134
16158, 16134
16134, 16135
16136, 16135
16137, 16135
16138, 16135
16159, 16135
16134, 16136
16135, 16136
16137, 16136
16138, 16136
16135, 16137
16136, 16137
16138, 16137
16135, 16138
16136, 16138
16137, 16138
16139, 16138
16152, 16138
16138, 16139
16140, 16139
16141, 16139
16152, 16139
16139, 16140
16141, 16140
16142, 16140
16139, 16141
16140, 16141
16142, 16141
16153, 16141
16140, 16142
16141, 16142
16143, 16142
16144, 16142
16153, 16142
16142, 16143
16144, 16143
16145, 16143
16142, 16144
16143, 16144
16145, 16144
16146, 16144
16154, 16144
16143, 16145
16144, 16145
16146, 16145
16147, 16145
16154, 16145
16144, 16146
16145, 16146
16147, 16146
16148, 16146
16155, 16146
16145, 16147
16146, 16147
16148, 16147
16149, 16147
16150, 16147
16155, 16147
16156, 16147
16146, 16148
16147, 16148
16149, 16148
16150, 16148
16156, 16148
16147, 16149
16148, 16149
16150, 16149
16157, 16149
16147, 16150
16148, 16150
16149, 16150
16157, 16150
16133, 16151
16134, 16151
16158, 16151
16159, 16151
16138, 16152
16139, 16152
16153, 16152
16158, 16152
16159, 16152
16141, 16153
16142, 16153
16152, 16153
16154, 16153
16155, 16153
16144, 16154
16145, 16154
16153, 16154
16155, 16154
16156, 16154
16146, 16155
16147, 16155
16153, 16155
16154, 16155
16156, 16155
16157, 16155
16147, 16156
16148, 16156
16154, 16156
16155, 16156
16157, 16156
16149, 16157
16150, 16157
16155, 16157
16156, 16157
16134, 16158
16151, 16158
16152, 16158
16159, 16158
16135, 16159
16151, 16159
16152, 16159
16158, 16159
