6858, 6857
6859, 6857
6867, 6857
6857, 6858
6859, 6858
6867, 6858
6876, 6858
6857, 6859
6858, 6859
6860, 6859
6867, 6859
6875, 6859
6876, 6859
6859, 6860
6861, 6860
6875, 6860
6877, 6860
6860, 6861
6862, 6861
6877, 6861
6861, 6862
6863, 6862
6877, 6862
6862, 6863
6864, 6863
6871, 6863
6863, 6864
6871, 6864
6872, 6864
6873, 6864
6869, 6865
6870, 6865
6873, 6865
6874, 6865
6868, 6866
6869, 6866
6870, 6866
6857, 6867
6858, 6867
6859, 6867
6876, 6867
6866, 6868
6869, 6868
6870, 6868
6865, 6869
6866, 6869
6868, 6869
6870, 6869
6865, 6870
6866, 6870
6868, 6870
6869, 6870
6874, 6870
6863, 6871
6864, 6871
6872, 6871
6873, 6871
6864, 6872
6871, 6872
6873, 6872
6874, 6872
6864, 6873
6865, 6873
6871, 6873
6872, 6873
6874, 6873
6865, 6874
6870, 6874
6872, 6874
6873, 6874
6859, 6875
6860, 6875
6876, 6875
6877, 6875
6858, 6876
6859, 6876
6867, 6876
6875, 6876
6860, 6877
6861, 6877
6862, 6877
6875, 6877
