13396, 13395
13401, 13395
13395, 13396
13400, 13396
13405, 13396
13398, 13397
13403, 13397
13408, 13397
13411, 13397
13397, 13398
13399, 13398
13409, 13398
13412, 13398
13398, 13399
13404, 13399
13410, 13399
13412, 13399
13396, 13400
13401, 13400
13395, 13401
13400, 13401
13405, 13401
13413, 13401
13408, 13402
13411, 13402
13416, 13402
13418, 13402
13397, 13403
13408, 13403
13409, 13403
13417, 13403
13419, 13403
13399, 13404
13410, 13404
13419, 13404
13396, 13405
13401, 13405
13406, 13405
13414, 13405
13405, 13406
13407, 13406
13413, 13406
13415, 13406
13406, 13407
13411, 13407
13414, 13407
13418, 13407
13397, 13408
13402, 13408
13403, 13408
13409, 13408
13417, 13408
13398, 13409
13403, 13409
13408, 13409
13416, 13409
13417, 13409
13399, 13410
13404, 13410
13412, 13410
13419, 13410
13397, 13411
13402, 13411
13407, 13411
13415, 13411
13398, 13412
13399, 13412
13410, 13412
13419, 13412
13401, 13413
13406, 13413
13414, 13413
13405, 13414
13407, 13414
13413, 13414
13415, 13414
13406, 13415
13411, 13415
13414, 13415
13418, 13415
13402, 13416
13409, 13416
13417, 13416
13403, 13417
13408, 13417
13409, 13417
13416, 13417
13402, 13418
13407, 13418
13415, 13418
13403, 13419
13404, 13419
13410, 13419
13412, 13419
