16861, 16860
16873, 16860
16860, 16861
16862, 16861
16872, 16861
16885, 16861
16886, 16861
16861, 16862
16863, 16862
16884, 16862
16885, 16862
16862, 16863
16864, 16863
16876, 16863
16884, 16863
16891, 16863
16863, 16864
16865, 16864
16875, 16864
16891, 16864
16864, 16865
16866, 16865
16867, 16865
16890, 16865
16865, 16866
16867, 16866
16879, 16866
16890, 16866
16865, 16867
16866, 16867
16878, 16867
16880, 16867
16889, 16867
16869, 16868
16879, 16868
16881, 16868
16889, 16868
16868, 16869
16880, 16869
16888, 16869
16871, 16870
16883, 16870
16887, 16870
16888, 16870
16870, 16871
16882, 16871
16883, 16871
16887, 16871
16861, 16872
16873, 16872
16886, 16872
16894, 16872
16860, 16873
16872, 16873
16874, 16873
16893, 16873
16894, 16873
16873, 16874
16875, 16874
16892, 16874
16893, 16874
16864, 16875
16874, 16875
16876, 16875
16892, 16875
16899, 16875
16863, 16876
16875, 16876
16877, 16876
16899, 16876
16876, 16877
16878, 16877
16879, 16877
16898, 16877
16867, 16878
16877, 16878
16879, 16878
16898, 16878
16866, 16879
16868, 16879
16877, 16879
16878, 16879
16897, 16879
16867, 16880
16869, 16880
16881, 16880
16897, 16880
16868, 16881
16880, 16881
16896, 16881
16871, 16882
16883, 16882
16895, 16882
16896, 16882
16870, 16883
16871, 16883
16882, 16883
16895, 16883
16862, 16884
16863, 16884
16891, 16884
16899, 16884
16861, 16885
16862, 16885
16886, 16885
16894, 16885
16861, 16886
16872, 16886
16885, 16886
16893, 16886
16870, 16887
16871, 16887
16888, 16887
16896, 16887
16869, 16888
16870, 16888
16887, 16888
16895, 16888
16867, 16889
16868, 16889
16890, 16889
16898, 16889
16865, 16890
16866, 16890
16889, 16890
16897, 16890
16863, 16891
16864, 16891
16884, 16891
16892, 16891
16899, 16891
16874, 16892
16875, 16892
16891, 16892
16899, 16892
16873, 16893
16874, 16893
16886, 16893
16894, 16893
16872, 16894
16873, 16894
16885, 16894
16893, 16894
16882, 16895
16883, 16895
16888, 16895
16896, 16895
16881, 16896
16882, 16896
16887, 16896
16895, 16896
16879, 16897
16880, 16897
16890, 16897
16898, 16897
16877, 16898
16878, 16898
16889, 16898
16897, 16898
16875, 16899
16876, 16899
16884, 16899
16891, 16899
16892, 16899
