17322, 17321
17355, 17321
17321, 17322
17323, 17322
17401, 17322
17322, 17323
17324, 17323
17401, 17323
17323, 17324
17356, 17324
17326, 17325
17325, 17326
17349, 17326
17328, 17327
17348, 17327
17350, 17327
17327, 17328
17329, 17328
17328, 17329
17330, 17329
17329, 17330
17331, 17330
17351, 17330
17330, 17331
17352, 17331
17333, 17332
17344, 17332
17332, 17333
17334, 17333
17402, 17333
17333, 17334
17335, 17334
17402, 17334
17404, 17334
17334, 17335
17337, 17336
17359, 17336
17336, 17337
17360, 17337
17339, 17338
17359, 17338
17338, 17339
17340, 17339
17339, 17340
17341, 17340
17340, 17341
17342, 17341
17341, 17342
17352, 17342
17344, 17343
17355, 17343
17332, 17344
17343, 17344
17354, 17344
17402, 17344
17403, 17344
17404, 17344
17346, 17345
17403, 17345
17345, 17346
17348, 17347
17359, 17347
17327, 17348
17347, 17348
17349, 17348
17326, 17349
17348, 17349
17350, 17349
17327, 17350
17349, 17350
17351, 17350
17330, 17351
17350, 17351
17352, 17351
17363, 17351
17331, 17352
17342, 17352
17351, 17352
17353, 17352
17362, 17352
17364, 17352
17352, 17353
17363, 17353
17364, 17353
17344, 17354
17355, 17354
17321, 17355
17343, 17355
17354, 17355
17404, 17355
17324, 17356
17357, 17356
17401, 17356
17403, 17356
17404, 17356
17356, 17357
17359, 17358
17336, 17359
17338, 17359
17347, 17359
17358, 17359
17360, 17359
17337, 17360
17359, 17360
17361, 17360
17360, 17361
17362, 17361
17352, 17362
17361, 17362
17363, 17362
17351, 17363
17353, 17363
17362, 17363
17364, 17363
17352, 17364
17353, 17364
17363, 17364
17373, 17365
17382, 17365
17391, 17365
17400, 17365
17365, 17373
17374, 17373
17383, 17373
17392, 17373
17400, 17373
17373, 17374
17382, 17374
17391, 17374
17400, 17374
17365, 17382
17374, 17382
17373, 17383
17365, 17391
17374, 17391
17373, 17392
17365, 17400
17373, 17400
17374, 17400
17322, 17401
17323, 17401
17356, 17401
17333, 17402
17334, 17402
17344, 17402
17344, 17403
17345, 17403
17356, 17403
17334, 17404
17344, 17404
17355, 17404
17356, 17404
