18206, 18186
18188, 18187
18189, 18187
18205, 18187
18187, 18188
18190, 18188
18194, 18188
18187, 18189
18215, 18189
18219, 18189
18188, 18190
18191, 18190
18218, 18190
18190, 18191
18193, 18191
18194, 18191
18206, 18192
18219, 18192
18228, 18192
18232, 18192
18191, 18193
18194, 18193
18231, 18193
18188, 18194
18191, 18194
18193, 18194
18197, 18195
18210, 18195
18223, 18195
18197, 18196
18198, 18196
18211, 18196
18224, 18196
18195, 18197
18196, 18197
18208, 18197
18221, 18197
18196, 18198
18202, 18198
18209, 18198
18215, 18198
18222, 18198
18228, 18198
18203, 18199
18207, 18199
18220, 18199
18233, 18199
18203, 18200
18204, 18200
18216, 18200
18229, 18200
18204, 18201
18205, 18201
18217, 18201
18218, 18201
18230, 18201
18231, 18201
18198, 18202
18206, 18202
18199, 18203
18200, 18203
18213, 18203
18226, 18203
18200, 18204
18201, 18204
18214, 18204
18227, 18204
18187, 18205
18201, 18205
18186, 18206
18192, 18206
18202, 18206
18207, 18206
18199, 18207
18206, 18207
18212, 18207
18219, 18207
18225, 18207
18232, 18207
18233, 18207
18197, 18208
18210, 18208
18198, 18209
18210, 18209
18211, 18209
18195, 18210
18208, 18210
18209, 18210
18196, 18211
18209, 18211
18215, 18211
18207, 18212
18216, 18212
18220, 18212
18203, 18213
18216, 18213
18217, 18213
18204, 18214
18217, 18214
18218, 18214
18189, 18215
18198, 18215
18211, 18215
18200, 18216
18212, 18216
18213, 18216
18201, 18217
18213, 18217
18214, 18217
18190, 18218
18201, 18218
18214, 18218
18189, 18219
18192, 18219
18207, 18219
18220, 18219
18199, 18220
18212, 18220
18219, 18220
18233, 18220
18197, 18221
18223, 18221
18198, 18222
18223, 18222
18224, 18222
18195, 18223
18221, 18223
18222, 18223
18196, 18224
18222, 18224
18228, 18224
18207, 18225
18229, 18225
18233, 18225
18203, 18226
18229, 18226
18230, 18226
18204, 18227
18230, 18227
18231, 18227
18192, 18228
18198, 18228
18224, 18228
18200, 18229
18225, 18229
18226, 18229
18201, 18230
18226, 18230
18227, 18230
18193, 18231
18201, 18231
18227, 18231
18192, 18232
18207, 18232
18233, 18232
18199, 18233
18207, 18233
18220, 18233
18225, 18233
18232, 18233
