6519, 6518
6520, 6518
6553, 6518
6573, 6518
6518, 6519
6520, 6519
6521, 6519
6538, 6519
6518, 6520
6519, 6520
6521, 6520
6519, 6521
6520, 6521
6522, 6521
6537, 6521
6521, 6522
6523, 6522
6536, 6522
6539, 6522
6545, 6522
6522, 6523
6548, 6523
6550, 6523
6559, 6523
6568, 6523
6525, 6524
6541, 6524
6554, 6524
6574, 6524
6524, 6525
6526, 6525
6543, 6525
6554, 6525
6563, 6525
6525, 6526
6543, 6526
6552, 6526
6563, 6526
6528, 6527
6529, 6527
6553, 6527
6558, 6527
6573, 6527
6527, 6528
6529, 6528
6558, 6528
6567, 6528
6527, 6529
6528, 6529
6530, 6529
6557, 6529
6529, 6530
6531, 6530
6536, 6530
6559, 6530
6565, 6530
6530, 6531
6532, 6531
6559, 6531
6568, 6531
6570, 6531
6531, 6532
6533, 6532
6534, 6532
6561, 6532
6574, 6532
6532, 6533
6534, 6533
6543, 6533
6563, 6533
6574, 6533
6532, 6534
6533, 6534
6563, 6534
6572, 6534
6544, 6535
6546, 6535
6522, 6536
6530, 6536
6544, 6536
6545, 6536
6521, 6537
6546, 6537
6557, 6537
6566, 6537
6519, 6538
6547, 6538
6558, 6538
6567, 6538
6522, 6539
6548, 6539
6549, 6540
6553, 6540
6573, 6540
6524, 6541
6550, 6541
6551, 6542
6552, 6542
6571, 6542
6572, 6542
6525, 6543
6526, 6543
6533, 6543
6574, 6543
6535, 6544
6536, 6544
6522, 6545
6536, 6545
6535, 6546
6537, 6546
6557, 6546
6566, 6546
6538, 6547
6553, 6547
6558, 6547
6567, 6547
6523, 6548
6539, 6548
6540, 6549
6553, 6549
6573, 6549
6523, 6550
6541, 6550
6542, 6551
6552, 6551
6562, 6551
6572, 6551
6526, 6552
6542, 6552
6551, 6552
6518, 6553
6527, 6553
6540, 6553
6547, 6553
6549, 6553
6524, 6554
6525, 6554
6574, 6554
6564, 6555
6566, 6555
6564, 6556
6565, 6556
6529, 6557
6537, 6557
6546, 6557
6566, 6557
6527, 6558
6528, 6558
6538, 6558
6547, 6558
6567, 6558
6523, 6559
6530, 6559
6531, 6559
6568, 6559
6569, 6560
6532, 6561
6570, 6561
6551, 6562
6571, 6562
6525, 6563
6526, 6563
6533, 6563
6534, 6563
6574, 6563
6555, 6564
6556, 6564
6530, 6565
6556, 6565
6537, 6566
6546, 6566
6555, 6566
6557, 6566
6528, 6567
6538, 6567
6547, 6567
6558, 6567
6523, 6568
6531, 6568
6559, 6568
6560, 6569
6573, 6569
6531, 6570
6561, 6570
6542, 6571
6562, 6571
6572, 6571
6534, 6572
6542, 6572
6551, 6572
6571, 6572
6518, 6573
6527, 6573
6540, 6573
6549, 6573
6569, 6573
6524, 6574
6532, 6574
6533, 6574
6543, 6574
6554, 6574
6563, 6574
