11319, 11318
11333, 11318
11338, 11318
11318, 11319
11333, 11319
11337, 11319
11338, 11319
11321, 11320
11336, 11320
11337, 11320
11320, 11321
11334, 11321
11336, 11321
11337, 11321
11323, 11322
11334, 11322
11335, 11322
11322, 11323
11324, 11323
11335, 11323
11339, 11323
11323, 11324
11339, 11324
11340, 11324
11326, 11325
11327, 11325
11340, 11325
11325, 11326
11327, 11326
11328, 11326
11325, 11327
11326, 11327
11328, 11327
11326, 11328
11327, 11328
11329, 11328
11328, 11329
11330, 11329
11331, 11329
11332, 11329
11329, 11330
11331, 11330
11332, 11330
11329, 11331
11330, 11331
11332, 11331
11329, 11332
11330, 11332
11331, 11332
11318, 11333
11319, 11333
11338, 11333
11321, 11334
11322, 11334
11335, 11334
11322, 11335
11323, 11335
11334, 11335
11320, 11336
11321, 11336
11337, 11336
11338, 11336
11319, 11337
11320, 11337
11321, 11337
11336, 11337
11338, 11337
11318, 11338
11319, 11338
11333, 11338
11336, 11338
11337, 11338
11323, 11339
11324, 11339
11340, 11339
11324, 11340
11325, 11340
11339, 11340
