7889, 7888
7891, 7888
7888, 7889
7890, 7889
7892, 7889
7895, 7889
7896, 7889
7889, 7890
7891, 7890
7893, 7890
7901, 7890
7888, 7891
7890, 7891
7893, 7891
7902, 7891
7889, 7892
7893, 7892
7907, 7892
7890, 7893
7891, 7893
7892, 7893
7908, 7893
7897, 7894
7889, 7895
7897, 7895
7903, 7895
7909, 7895
7889, 7896
7899, 7896
7905, 7896
7911, 7896
7894, 7897
7895, 7897
7900, 7897
7901, 7897
7906, 7897
7907, 7897
7899, 7898
7896, 7899
7898, 7899
7902, 7899
7904, 7899
7908, 7899
7910, 7899
7911, 7899
7897, 7900
7903, 7900
7890, 7901
7897, 7901
7903, 7901
7891, 7902
7899, 7902
7905, 7902
7895, 7903
7900, 7903
7901, 7903
7899, 7904
7905, 7904
7896, 7905
7902, 7905
7904, 7905
7911, 7905
7897, 7906
7909, 7906
7892, 7907
7897, 7907
7909, 7907
7893, 7908
7899, 7908
7911, 7908
7895, 7909
7906, 7909
7907, 7909
7899, 7910
7911, 7910
7896, 7911
7899, 7911
7905, 7911
7908, 7911
7910, 7911
