11814, 11796
11816, 11796
11819, 11796
11821, 11796
11798, 11797
11799, 11797
11805, 11797
11807, 11797
11814, 11797
11819, 11797
11797, 11798
11799, 11798
11814, 11798
11797, 11799
11798, 11799
11815, 11799
11801, 11800
11815, 11800
11817, 11800
11820, 11800
11822, 11800
11800, 11801
11815, 11801
11817, 11801
11820, 11801
11822, 11801
11803, 11802
11809, 11802
11810, 11802
11812, 11802
11817, 11802
11822, 11802
11802, 11803
11811, 11803
11818, 11803
11823, 11803
11813, 11804
11818, 11804
11823, 11804
11797, 11805
11806, 11805
11819, 11805
11821, 11805
11805, 11806
11807, 11806
11808, 11806
11819, 11806
11797, 11807
11806, 11807
11808, 11807
11806, 11808
11807, 11808
11809, 11808
11820, 11808
11802, 11809
11808, 11809
11810, 11809
11820, 11809
11802, 11810
11809, 11810
11811, 11810
11822, 11810
11803, 11811
11810, 11811
11812, 11811
11817, 11811
11822, 11811
11802, 11812
11811, 11812
11813, 11812
11823, 11812
11804, 11813
11812, 11813
11823, 11813
11796, 11814
11797, 11814
11798, 11814
11816, 11814
11821, 11814
11799, 11815
11800, 11815
11801, 11815
11796, 11816
11814, 11816
11800, 11817
11801, 11817
11802, 11817
11811, 11817
11803, 11818
11804, 11818
11823, 11818
11796, 11819
11797, 11819
11805, 11819
11806, 11819
11800, 11820
11801, 11820
11808, 11820
11809, 11820
11796, 11821
11805, 11821
11814, 11821
11800, 11822
11801, 11822
11802, 11822
11810, 11822
11811, 11822
11803, 11823
11804, 11823
11812, 11823
11813, 11823
11818, 11823
