19235, 19234
19247, 19234
19234, 19235
19248, 19235
19253, 19235
19237, 19236
19252, 19236
19253, 19236
19262, 19236
19236, 19237
19242, 19237
19248, 19237
19252, 19237
19257, 19237
19239, 19238
19245, 19238
19261, 19238
19238, 19239
19244, 19239
19250, 19239
19251, 19239
19241, 19240
19240, 19241
19242, 19241
19253, 19241
19262, 19241
19274, 19241
19237, 19242
19241, 19242
19243, 19242
19262, 19242
19263, 19242
19242, 19243
19252, 19243
19263, 19243
19264, 19243
19275, 19243
19239, 19244
19245, 19244
19251, 19244
19273, 19244
19238, 19245
19244, 19245
19261, 19245
19279, 19245
19247, 19246
19234, 19247
19246, 19247
19249, 19247
19274, 19247
19235, 19248
19237, 19248
19249, 19248
19274, 19248
19275, 19248
19247, 19249
19248, 19249
19275, 19249
19276, 19249
19239, 19250
19251, 19250
19279, 19250
19239, 19251
19244, 19251
19250, 19251
19236, 19252
19237, 19252
19243, 19252
19253, 19252
19262, 19252
19263, 19252
19274, 19252
19275, 19252
19235, 19253
19236, 19253
19241, 19253
19252, 19253
19262, 19253
19274, 19253
19260, 19254
19261, 19254
19267, 19254
19273, 19254
19279, 19254
19285, 19254
19259, 19255
19260, 19255
19270, 19255
19271, 19255
19282, 19255
19283, 19255
19258, 19256
19259, 19256
19265, 19256
19268, 19256
19269, 19256
19277, 19256
19280, 19256
19281, 19256
19237, 19257
19258, 19257
19264, 19257
19276, 19257
19256, 19258
19257, 19258
19255, 19259
19256, 19259
19265, 19259
19269, 19259
19281, 19259
19254, 19260
19255, 19260
19266, 19260
19271, 19260
19272, 19260
19283, 19260
19284, 19260
19238, 19261
19245, 19261
19254, 19261
19279, 19261
19236, 19262
19241, 19262
19242, 19262
19252, 19262
19253, 19262
19263, 19262
19275, 19262
19242, 19263
19243, 19263
19252, 19263
19262, 19263
19243, 19264
19257, 19264
19268, 19264
19256, 19265
19259, 19265
19268, 19265
19269, 19265
19277, 19265
19281, 19265
19260, 19266
19267, 19266
19272, 19266
19278, 19266
19254, 19267
19266, 19267
19273, 19267
19285, 19267
19256, 19268
19264, 19268
19265, 19268
19256, 19269
19259, 19269
19265, 19269
19270, 19269
19255, 19270
19269, 19270
19271, 19270
19255, 19271
19260, 19271
19270, 19271
19272, 19271
19282, 19271
19283, 19271
19260, 19272
19266, 19272
19271, 19272
19278, 19272
19284, 19272
19244, 19273
19254, 19273
19267, 19273
19279, 19273
19285, 19273
19241, 19274
19247, 19274
19248, 19274
19252, 19274
19253, 19274
19243, 19275
19248, 19275
19249, 19275
19252, 19275
19262, 19275
19249, 19276
19257, 19276
19280, 19276
19256, 19277
19265, 19277
19280, 19277
19281, 19277
19266, 19278
19272, 19278
19283, 19278
19284, 19278
19245, 19279
19250, 19279
19254, 19279
19261, 19279
19273, 19279
19285, 19279
19256, 19280
19276, 19280
19277, 19280
19256, 19281
19259, 19281
19265, 19281
19277, 19281
19282, 19281
19255, 19282
19271, 19282
19281, 19282
19283, 19282
19255, 19283
19260, 19283
19271, 19283
19278, 19283
19282, 19283
19260, 19284
19272, 19284
19278, 19284
19285, 19284
19254, 19285
19267, 19285
19273, 19285
19279, 19285
19284, 19285
