5227, 5211
5228, 5211
5235, 5211
5213, 5212
5228, 5212
5229, 5212
5212, 5213
5228, 5213
5229, 5213
5215, 5214
5229, 5214
5230, 5214
5214, 5215
5216, 5215
5230, 5215
5231, 5215
5215, 5216
5230, 5216
5231, 5216
5218, 5217
5219, 5217
5231, 5217
5217, 5218
5219, 5218
5220, 5218
5217, 5219
5218, 5219
5220, 5219
5221, 5219
5232, 5219
5218, 5220
5219, 5220
5222, 5220
5232, 5220
5219, 5221
5222, 5221
5232, 5221
5220, 5222
5221, 5222
5223, 5222
5222, 5223
5224, 5223
5233, 5223
5223, 5224
5225, 5224
5226, 5224
5233, 5224
5234, 5224
5224, 5225
5226, 5225
5233, 5225
5234, 5225
5224, 5226
5225, 5226
5211, 5227
5228, 5227
5235, 5227
5211, 5228
5212, 5228
5213, 5228
5227, 5228
5229, 5228
5235, 5228
5212, 5229
5213, 5229
5214, 5229
5228, 5229
5214, 5230
5215, 5230
5216, 5230
5215, 5231
5216, 5231
5217, 5231
5219, 5232
5220, 5232
5221, 5232
5223, 5233
5224, 5233
5225, 5233
5234, 5233
5224, 5234
5225, 5234
5233, 5234
5211, 5235
5227, 5235
5228, 5235
