9830, 9829
9839, 9829
9829, 9830
9838, 9830
9848, 9830
9853, 9830
9832, 9831
9833, 9831
9842, 9831
9855, 9831
9831, 9832
9833, 9832
9840, 9832
9842, 9832
9843, 9832
9858, 9832
9831, 9833
9832, 9833
9834, 9833
9835, 9833
9841, 9833
9843, 9833
9858, 9833
9833, 9834
9835, 9834
9858, 9834
9833, 9835
9834, 9835
9857, 9835
9837, 9836
9843, 9836
9845, 9836
9859, 9836
9836, 9837
9844, 9837
9845, 9837
9854, 9837
9830, 9838
9839, 9838
9863, 9838
9864, 9838
9829, 9839
9838, 9839
9864, 9839
9869, 9839
9832, 9840
9841, 9840
9842, 9840
9871, 9840
9833, 9841
9840, 9841
9858, 9841
9874, 9841
9831, 9842
9832, 9842
9840, 9842
9843, 9842
9874, 9842
9832, 9843
9833, 9843
9836, 9843
9842, 9843
9873, 9843
9837, 9844
9845, 9844
9859, 9844
9875, 9844
9836, 9845
9837, 9845
9844, 9845
9854, 9845
9870, 9845
9847, 9846
9863, 9846
9846, 9847
9848, 9847
9862, 9847
9864, 9847
9830, 9848
9847, 9848
9863, 9848
9854, 9849
9856, 9849
9870, 9849
9872, 9849
9852, 9850
9855, 9850
9871, 9850
9856, 9851
9872, 9851
9850, 9852
9853, 9852
9869, 9852
9830, 9853
9852, 9853
9868, 9853
9837, 9854
9845, 9854
9849, 9854
9865, 9854
9831, 9855
9850, 9855
9858, 9855
9866, 9855
9874, 9855
9849, 9856
9851, 9856
9865, 9856
9867, 9856
9835, 9857
9860, 9857
9876, 9857
9832, 9858
9833, 9858
9834, 9858
9841, 9858
9855, 9858
9871, 9858
9836, 9859
9844, 9859
9861, 9859
9877, 9859
9857, 9860
9861, 9860
9873, 9860
9877, 9860
9859, 9861
9860, 9861
9875, 9861
9877, 9861
9847, 9862
9863, 9862
9838, 9863
9846, 9863
9848, 9863
9862, 9863
9864, 9863
9838, 9864
9839, 9864
9847, 9864
9863, 9864
9854, 9865
9856, 9865
9870, 9865
9872, 9865
9855, 9866
9868, 9866
9871, 9866
9856, 9867
9872, 9867
9853, 9868
9866, 9868
9869, 9868
9839, 9869
9852, 9869
9868, 9869
9845, 9870
9849, 9870
9865, 9870
9840, 9871
9850, 9871
9858, 9871
9866, 9871
9874, 9871
9849, 9872
9851, 9872
9865, 9872
9867, 9872
9843, 9873
9860, 9873
9876, 9873
9841, 9874
9842, 9874
9855, 9874
9871, 9874
9844, 9875
9861, 9875
9877, 9875
9857, 9876
9873, 9876
9877, 9876
9859, 9877
9860, 9877
9861, 9877
9875, 9877
9876, 9877
