6366, 6365
6367, 6365
6400, 6365
6420, 6365
6365, 6366
6367, 6366
6385, 6366
6405, 6366
6365, 6367
6366, 6367
6368, 6367
6393, 6367
6367, 6368
6369, 6368
6383, 6368
6386, 6368
6392, 6368
6368, 6369
6395, 6369
6397, 6369
6406, 6369
6415, 6369
6371, 6370
6388, 6370
6401, 6370
6421, 6370
6370, 6371
6372, 6371
6390, 6371
6401, 6371
6410, 6371
6371, 6372
6390, 6372
6399, 6372
6410, 6372
6374, 6373
6375, 6373
6376, 6373
6400, 6373
6414, 6373
6420, 6373
6373, 6374
6375, 6374
6376, 6374
6405, 6374
6373, 6375
6374, 6375
6376, 6375
6373, 6376
6374, 6376
6375, 6376
6404, 6376
6378, 6377
6383, 6377
6406, 6377
6412, 6377
6377, 6378
6379, 6378
6406, 6378
6415, 6378
6417, 6378
6378, 6379
6380, 6379
6381, 6379
6408, 6379
6421, 6379
6379, 6380
6381, 6380
6390, 6380
6410, 6380
6421, 6380
6379, 6381
6380, 6381
6410, 6381
6419, 6381
6383, 6382
6391, 6382
6368, 6383
6377, 6383
6382, 6383
6392, 6383
6403, 6383
6412, 6383
6391, 6384
6393, 6384
6404, 6384
6413, 6384
6366, 6385
6394, 6385
6405, 6385
6414, 6385
6368, 6386
6395, 6386
6396, 6387
6400, 6387
6420, 6387
6370, 6388
6397, 6388
6398, 6389
6399, 6389
6418, 6389
6419, 6389
6371, 6390
6372, 6390
6380, 6390
6421, 6390
6382, 6391
6384, 6391
6368, 6392
6383, 6392
6403, 6392
6412, 6392
6367, 6393
6384, 6393
6404, 6393
6413, 6393
6385, 6394
6400, 6394
6405, 6394
6414, 6394
6369, 6395
6386, 6395
6387, 6396
6400, 6396
6420, 6396
6369, 6397
6388, 6397
6389, 6398
6399, 6398
6409, 6398
6419, 6398
6372, 6399
6389, 6399
6398, 6399
6365, 6400
6373, 6400
6387, 6400
6394, 6400
6396, 6400
6370, 6401
6371, 6401
6421, 6401
6403, 6402
6411, 6402
6383, 6403
6392, 6403
6402, 6403
6412, 6403
6376, 6404
6384, 6404
6393, 6404
6413, 6404
6366, 6405
6374, 6405
6385, 6405
6394, 6405
6414, 6405
6369, 6406
6377, 6406
6378, 6406
6415, 6406
6416, 6407
6420, 6407
6379, 6408
6417, 6408
6398, 6409
6418, 6409
6371, 6410
6372, 6410
6380, 6410
6381, 6410
6421, 6410
6402, 6411
6413, 6411
6377, 6412
6383, 6412
6392, 6412
6403, 6412
6384, 6413
6393, 6413
6404, 6413
6411, 6413
6373, 6414
6385, 6414
6394, 6414
6405, 6414
6369, 6415
6378, 6415
6406, 6415
6407, 6416
6378, 6417
6408, 6417
6389, 6418
6409, 6418
6419, 6418
6381, 6419
6389, 6419
6398, 6419
6418, 6419
6365, 6420
6373, 6420
6387, 6420
6396, 6420
6407, 6420
6370, 6421
6379, 6421
6380, 6421
6390, 6421
6401, 6421
6410, 6421
