9194, 9182
9197, 9182
9221, 9182
9198, 9183
9201, 9183
9222, 9183
9206, 9184
9212, 9184
9215, 9184
9230, 9184
9186, 9185
9207, 9185
9216, 9185
9185, 9186
9210, 9186
9234, 9186
9202, 9187
9217, 9187
9241, 9187
9194, 9188
9197, 9188
9218, 9188
9221, 9188
9198, 9189
9201, 9189
9222, 9189
9225, 9189
9206, 9190
9215, 9190
9230, 9190
9236, 9190
9239, 9190
9192, 9191
9207, 9191
9216, 9191
9231, 9191
9240, 9191
9191, 9192
9210, 9192
9234, 9192
9202, 9193
9226, 9193
9241, 9193
9182, 9194
9188, 9194
9195, 9194
9197, 9194
9219, 9194
9221, 9194
9194, 9195
9196, 9195
9218, 9195
9195, 9196
9198, 9196
9222, 9196
9182, 9197
9188, 9197
9194, 9197
9218, 9197
9183, 9198
9189, 9198
9196, 9198
9220, 9198
9200, 9199
9206, 9199
9224, 9199
9199, 9200
9201, 9200
9223, 9200
9225, 9200
9183, 9201
9189, 9201
9200, 9201
9224, 9201
9187, 9202
9193, 9202
9211, 9202
9217, 9202
9241, 9202
9204, 9203
9212, 9203
9203, 9204
9213, 9204
9213, 9205
9214, 9205
9184, 9206
9190, 9206
9199, 9206
9215, 9206
9185, 9207
9191, 9207
9216, 9207
9240, 9207
9209, 9208
9211, 9208
9233, 9208
9208, 9209
9210, 9209
9232, 9209
9234, 9209
9186, 9210
9192, 9210
9209, 9210
9233, 9210
9202, 9211
9208, 9211
9217, 9211
9241, 9211
9184, 9212
9203, 9212
9204, 9213
9205, 9213
9205, 9214
9216, 9214
9184, 9215
9190, 9215
9206, 9215
9185, 9216
9191, 9216
9207, 9216
9214, 9216
9231, 9216
9187, 9217
9202, 9217
9211, 9217
9241, 9217
9188, 9218
9195, 9218
9197, 9218
9219, 9218
9221, 9218
9194, 9219
9218, 9219
9220, 9219
9198, 9220
9219, 9220
9222, 9220
9182, 9221
9188, 9221
9194, 9221
9218, 9221
9183, 9222
9189, 9222
9196, 9222
9220, 9222
9200, 9223
9224, 9223
9230, 9223
9199, 9224
9201, 9224
9223, 9224
9225, 9224
9189, 9225
9200, 9225
9224, 9225
9193, 9226
9235, 9226
9236, 9227
9237, 9227
9237, 9228
9238, 9228
9231, 9229
9238, 9229
9184, 9230
9190, 9230
9223, 9230
9239, 9230
9191, 9231
9216, 9231
9229, 9231
9240, 9231
9209, 9232
9233, 9232
9235, 9232
9208, 9233
9210, 9233
9232, 9233
9234, 9233
9186, 9234
9192, 9234
9209, 9234
9233, 9234
9226, 9235
9232, 9235
9190, 9236
9227, 9236
9227, 9237
9228, 9237
9228, 9238
9229, 9238
9190, 9239
9230, 9239
9191, 9240
9207, 9240
9231, 9240
9187, 9241
9193, 9241
9202, 9241
9211, 9241
9217, 9241
