8.000000, 11.296948, 21.180000, -1.650000,  0.909000, 66.100000,  5.000000,  3.000000,  0.000000,  1.000000,  5.000000,  2.000000,  2.000000,  5.000000,  1.000000,  5.000000,  3.000000,  0.000000, 1, 0, 0
3.000000,  5.406783, 12.550000, -0.410000,  0.556000, 28.500000,  0.000000,  2.000000,  1.000000,  2.000000,  0.000000,  1.000000,  1.000000,  0.000000,  2.000000,  0.000000,  2.000000,  1.000000, 1, 0, 0
12.000000, 16.545830, 30.580000,  3.440000,  1.451000, 93.500000,  6.000000,  3.000000,  3.000000,  1.000000,  7.000000,  4.000000,  4.000000,  6.000000,  2.000000,  5.000000,  4.000000,  3.000000, 1, 0, 0
13.000000, 17.067584, 37.890000,  3.720000,  1.730000,107.200000,  6.000000,  5.000000,  2.000000,  4.000000,  4.000000,  5.000000,  5.000000,  4.000000,  4.000000,  5.000000,  6.000000,  2.000000, 1, 0, 0
11.000000, 15.641464, 32.730000, -3.800000,  1.453000,100.800000,  4.000000,  7.000000,  0.000000,  5.000000,  4.000000,  2.000000,  2.000000,  4.000000,  5.000000,  3.000000,  8.000000,  0.000000, 1, 0, 0
11.000000, 14.982786, 30.250000, -2.800000,  1.332000, 96.100000,  6.000000,  4.000000,  1.000000,  3.000000,  6.000000,  2.000000,  2.000000,  6.000000,  3.000000,  5.000000,  5.000000,  1.000000, 1, 0, 0
11.000000, 16.200910, 37.090000,  1.800000,  1.678000, 85.400000,  4.000000,  4.000000,  3.000000,  2.000000,  4.000000,  5.000000,  6.000000,  3.000000,  2.000000,  4.000000,  4.000000,  3.000000, 1, 0, 0
11.000000, 14.708358, 22.720000,  0.230000,  1.049000, 89.100000,  6.000000,  4.000000,  1.000000,  2.000000,  6.000000,  3.000000,  3.000000,  6.000000,  2.000000,  6.000000,  4.000000,  1.000000, 1, 0, 0
7.000000, 10.337207, 29.800000,  1.150000,  1.358000, 60.500000,  2.000000,  2.000000,  3.000000,  3.000000,  3.000000,  1.000000,  3.000000,  1.000000,  3.000000,  2.000000,  2.000000,  3.000000, 1, 0, 0
7.000000,  9.674179, 16.280000, -1.070000,  0.711000, 62.500000,  5.000000,  2.000000,  0.000000,  2.000000,  4.000000,  1.000000,  1.000000,  4.000000,  2.000000,  4.000000,  3.000000,  0.000000, 1, 0, 0
15.000000, 21.235503, 52.220000, -1.950000,  2.323000,138.900000,  6.000000,  5.000000,  4.000000,  7.000000,  5.000000,  3.000000,  4.000000,  4.000000,  7.000000,  6.000000,  5.000000,  4.000000, 1, 0, 0
8.000000, 11.279113, 21.180000, -1.650000,  0.909000, 66.100000,  5.000000,  3.000000,  0.000000,  1.000000,  5.000000,  2.000000,  2.000000,  5.000000,  1.000000,  5.000000,  3.000000,  0.000000, 1, 0, 0
3.000000,  5.098316, 12.550000, -0.410000,  0.556000, 28.500000,  0.000000,  2.000000,  1.000000,  2.000000,  0.000000,  1.000000,  1.000000,  0.000000,  2.000000,  0.000000,  2.000000,  1.000000, 1, 0, 0
12.000000, 16.537702, 30.580000,  3.440000,  1.451000, 93.500000,  6.000000,  3.000000,  3.000000,  1.000000,  7.000000,  4.000000,  4.000000,  6.000000,  2.000000,  5.000000,  4.000000,  3.000000, 1, 0, 0
13.000000, 17.104493, 37.890000,  3.720000,  1.730000,107.200000,  6.000000,  5.000000,  2.000000,  4.000000,  4.000000,  5.000000,  5.000000,  4.000000,  4.000000,  5.000000,  6.000000,  2.000000, 1, 0, 0
11.000000, 15.641556, 32.730000, -3.800000,  1.453000,100.800000,  4.000000,  7.000000,  0.000000,  5.000000,  4.000000,  2.000000,  2.000000,  4.000000,  5.000000,  3.000000,  8.000000,  0.000000, 1, 0, 0
11.000000, 14.964833, 30.250000, -2.800000,  1.332000, 96.100000,  6.000000,  4.000000,  1.000000,  3.000000,  6.000000,  2.000000,  2.000000,  6.000000,  3.000000,  5.000000,  5.000000,  1.000000, 1, 0, 0
11.000000, 16.193398, 37.090000,  1.800000,  1.678000, 85.400000,  4.000000,  4.000000,  3.000000,  2.000000,  4.000000,  5.000000,  6.000000,  3.000000,  2.000000,  4.000000,  4.000000,  3.000000, 1, 0, 0
11.000000, 14.696516, 22.720000,  0.230000,  1.049000, 89.100000,  6.000000,  4.000000,  1.000000,  2.000000,  6.000000,  3.000000,  3.000000,  6.000000,  2.000000,  6.000000,  4.000000,  1.000000, 1, 0, 0
7.000000, 10.369884, 29.800000,  1.150000,  1.358000, 60.500000,  2.000000,  2.000000,  3.000000,  3.000000,  3.000000,  1.000000,  3.000000,  1.000000,  3.000000,  2.000000,  2.000000,  3.000000, 1, 0, 0
7.000000,  9.854451, 16.280000, -1.070000,  0.711000, 62.500000,  5.000000,  2.000000,  0.000000,  2.000000,  4.000000,  1.000000,  1.000000,  4.000000,  2.000000,  4.000000,  3.000000,  0.000000, 1, 0, 0
15.000000, 21.704373, 52.220000, -1.950000,  2.323000,138.900000,  6.000000,  5.000000,  4.000000,  7.000000,  5.000000,  3.000000,  4.000000,  4.000000,  7.000000,  6.000000,  5.000000,  4.000000, 1, 0, 0
8.000000, 11.284261, 21.180000, -1.650000,  0.909000, 66.100000,  5.000000,  3.000000,  0.000000,  1.000000,  5.000000,  2.000000,  2.000000,  5.000000,  1.000000,  5.000000,  3.000000,  0.000000, 1, 0, 0
3.000000,  5.422855, 12.550000, -0.410000,  0.556000, 28.500000,  0.000000,  2.000000,  1.000000,  2.000000,  0.000000,  1.000000,  1.000000,  0.000000,  2.000000,  0.000000,  2.000000,  1.000000, 1, 0, 0
12.000000, 16.527733, 30.580000,  3.440000,  1.451000, 93.500000,  6.000000,  3.000000,  3.000000,  1.000000,  7.000000,  4.000000,  4.000000,  6.000000,  2.000000,  5.000000,  4.000000,  3.000000, 1, 0, 0
13.000000, 17.125601, 37.890000,  3.720000,  1.730000,107.200000,  6.000000,  5.000000,  2.000000,  4.000000,  4.000000,  5.000000,  5.000000,  4.000000,  4.000000,  5.000000,  6.000000,  2.000000, 1, 0, 0
11.000000, 15.644687, 32.730000, -3.800000,  1.453000,100.800000,  4.000000,  7.000000,  0.000000,  5.000000,  4.000000,  2.000000,  2.000000,  4.000000,  5.000000,  3.000000,  8.000000,  0.000000, 1, 0, 0
11.000000, 14.978541, 30.250000, -2.800000,  1.332000, 96.100000,  6.000000,  4.000000,  1.000000,  3.000000,  6.000000,  2.000000,  2.000000,  6.000000,  3.000000,  5.000000,  5.000000,  1.000000, 1, 0, 0
11.000000, 16.196546, 37.090000,  1.800000,  1.678000, 85.400000,  4.000000,  4.000000,  3.000000,  2.000000,  4.000000,  5.000000,  6.000000,  3.000000,  2.000000,  4.000000,  4.000000,  3.000000, 1, 0, 0
11.000000, 14.721240, 22.720000,  0.230000,  1.049000, 89.100000,  6.000000,  4.000000,  1.000000,  2.000000,  6.000000,  3.000000,  3.000000,  6.000000,  2.000000,  6.000000,  4.000000,  1.000000, 1, 0, 0
7.000000, 10.330295, 29.800000,  1.150000,  1.358000, 60.500000,  2.000000,  2.000000,  3.000000,  3.000000,  3.000000,  1.000000,  3.000000,  1.000000,  3.000000,  2.000000,  2.000000,  3.000000, 1, 0, 0
7.000000, 10.531488, 16.280000, -1.070000,  0.711000, 62.500000,  5.000000,  2.000000,  0.000000,  2.000000,  4.000000,  1.000000,  1.000000,  4.000000,  2.000000,  4.000000,  3.000000,  0.000000, 1, 0, 0
15.000000, 21.588310, 52.220000, -1.950000,  2.323000,138.900000,  6.000000,  5.000000,  4.000000,  7.000000,  5.000000,  3.000000,  4.000000,  4.000000,  7.000000,  6.000000,  5.000000,  4.000000, 1, 0, 0
5.000000, 12.891622,  8.000000,  1.360000,  0.372000, 37.200000,  3.000000,  2.000000,  0.000000,  0.000000,  3.000000,  2.000000,  2.000000,  3.000000,  0.000000,  3.000000,  2.000000,  0.000000, 0, 1, 0
5.000000, 12.822745, 16.380000,  1.490000,  0.725000, 37.600000,  1.000000,  4.000000,  0.000000,  1.000000,  1.000000,  3.000000,  3.000000,  1.000000,  1.000000,  1.000000,  4.000000,  0.000000, 0, 1, 0
5.000000, 12.158977, 15.720000,  5.110000,  0.737000, 30.900000,  1.000000,  4.000000,  0.000000,  0.000000,  1.000000,  4.000000,  4.000000,  1.000000,  0.000000,  0.000000,  5.000000,  0.000000, 0, 1, 0
3.000000,  6.262659,  4.000000,  0.210000,  0.186000, 23.200000,  2.000000,  1.000000,  0.000000,  0.000000,  2.000000,  1.000000,  1.000000,  2.000000,  0.000000,  2.000000,  1.000000,  0.000000, 0, 1, 0
3.000000,  6.778570,  6.600000,  0.860000,  0.294000, 22.500000,  2.000000,  1.000000,  0.000000,  0.000000,  2.000000,  1.000000,  1.000000,  2.000000,  0.000000,  2.000000,  1.000000,  0.000000, 0, 1, 0
5.000000, 12.576081, 14.720000,  3.870000,  0.689000, 32.300000,  2.000000,  3.000000,  0.000000,  0.000000,  2.000000,  3.000000,  3.000000,  2.000000,  0.000000,  1.000000,  4.000000,  0.000000, 0, 1, 0
4.000000,  9.811900, 19.510000,  0.460000,  0.911000, 33.200000,  0.000000,  2.000000,  2.000000,  2.000000,  0.000000,  2.000000,  2.000000,  0.000000,  2.000000,  0.000000,  2.000000,  2.000000, 0, 1, 0
4.000000,  9.840927, 17.170000,  1.610000,  0.840000, 29.200000,  2.000000,  0.000000,  2.000000,  1.000000,  1.000000,  2.000000,  2.000000,  1.000000,  1.000000,  0.000000,  2.000000,  2.000000, 0, 1, 0
5.000000, 12.903521,  8.000000,  1.360000,  0.372000, 37.200000,  3.000000,  2.000000,  0.000000,  0.000000,  3.000000,  2.000000,  2.000000,  3.000000,  0.000000,  3.000000,  2.000000,  0.000000, 0, 1, 0
5.000000, 12.827018, 16.380000,  1.490000,  0.725000, 37.600000,  1.000000,  4.000000,  0.000000,  1.000000,  1.000000,  3.000000,  3.000000,  1.000000,  1.000000,  1.000000,  4.000000,  0.000000, 0, 1, 0
5.000000, 12.158689, 15.720000,  5.110000,  0.737000, 30.900000,  1.000000,  4.000000,  0.000000,  0.000000,  1.000000,  4.000000,  4.000000,  1.000000,  0.000000,  0.000000,  5.000000,  0.000000, 0, 1, 0
3.000000,  6.256730,  4.000000,  0.210000,  0.186000, 23.200000,  2.000000,  1.000000,  0.000000,  0.000000,  2.000000,  1.000000,  1.000000,  2.000000,  0.000000,  2.000000,  1.000000,  0.000000, 0, 1, 0
3.000000,  6.773752,  6.600000,  0.860000,  0.294000, 22.500000,  2.000000,  1.000000,  0.000000,  0.000000,  2.000000,  1.000000,  1.000000,  2.000000,  0.000000,  2.000000,  1.000000,  0.000000, 0, 1, 0
5.000000, 12.568800, 14.720000,  3.870000,  0.689000, 32.300000,  2.000000,  3.000000,  0.000000,  0.000000,  2.000000,  3.000000,  3.000000,  2.000000,  0.000000,  1.000000,  4.000000,  0.000000, 0, 1, 0
4.000000,  9.805777, 19.510000,  0.460000,  0.911000, 33.200000,  0.000000,  2.000000,  2.000000,  2.000000,  0.000000,  2.000000,  2.000000,  0.000000,  2.000000,  0.000000,  2.000000,  2.000000, 0, 1, 0
4.000000,  9.843554, 17.170000,  1.610000,  0.840000, 29.200000,  2.000000,  0.000000,  2.000000,  1.000000,  1.000000,  2.000000,  2.000000,  1.000000,  1.000000,  0.000000,  2.000000,  2.000000, 0, 1, 0
5.000000, 12.899589,  8.000000,  1.360000,  0.372000, 37.200000,  3.000000,  2.000000,  0.000000,  0.000000,  3.000000,  2.000000,  2.000000,  3.000000,  0.000000,  3.000000,  2.000000,  0.000000, 0, 1, 0
5.000000, 12.832705, 16.380000,  1.490000,  0.725000, 37.600000,  1.000000,  4.000000,  0.000000,  1.000000,  1.000000,  3.000000,  3.000000,  1.000000,  1.000000,  1.000000,  4.000000,  0.000000, 0, 1, 0
5.000000, 12.145418, 15.720000,  5.110000,  0.737000, 30.900000,  1.000000,  4.000000,  0.000000,  0.000000,  1.000000,  4.000000,  4.000000,  1.000000,  0.000000,  0.000000,  5.000000,  0.000000, 0, 1, 0
3.000000,  6.262169,  4.000000,  0.210000,  0.186000, 23.200000,  2.000000,  1.000000,  0.000000,  0.000000,  2.000000,  1.000000,  1.000000,  2.000000,  0.000000,  2.000000,  1.000000,  0.000000, 0, 1, 0
3.000000,  6.790374,  6.600000,  0.860000,  0.294000, 22.500000,  2.000000,  1.000000,  0.000000,  0.000000,  2.000000,  1.000000,  1.000000,  2.000000,  0.000000,  2.000000,  1.000000,  0.000000, 0, 1, 0
5.000000, 12.575015, 14.720000,  3.870000,  0.689000, 32.300000,  2.000000,  3.000000,  0.000000,  0.000000,  2.000000,  3.000000,  3.000000,  2.000000,  0.000000,  1.000000,  4.000000,  0.000000, 0, 1, 0
4.000000,  9.803765, 19.510000,  0.460000,  0.911000, 33.200000,  0.000000,  2.000000,  2.000000,  2.000000,  0.000000,  2.000000,  2.000000,  0.000000,  2.000000,  0.000000,  2.000000,  2.000000, 0, 1, 0
4.000000,  9.847462, 17.170000,  1.610000,  0.840000, 29.200000,  2.000000,  0.000000,  2.000000,  1.000000,  1.000000,  2.000000,  2.000000,  1.000000,  1.000000,  0.000000,  2.000000,  2.000000, 0, 1, 0
