17785, 17784
17786, 17784
17795, 17784
17784, 17785
17786, 17785
17787, 17785
17795, 17785
17784, 17786
17785, 17786
17787, 17786
17788, 17786
17789, 17786
17804, 17786
17785, 17787
17786, 17787
17788, 17787
17789, 17787
17801, 17787
17786, 17788
17787, 17788
17789, 17788
17790, 17788
17791, 17788
17803, 17788
17786, 17789
17787, 17789
17788, 17789
17790, 17789
17791, 17789
17812, 17789
17788, 17790
17789, 17790
17791, 17790
17799, 17790
17812, 17790
17788, 17791
17789, 17791
17790, 17791
17798, 17791
17802, 17791
17793, 17792
17794, 17792
17815, 17792
17819, 17792
17792, 17793
17794, 17793
17819, 17793
17821, 17793
17792, 17794
17793, 17794
17820, 17794
17784, 17795
17785, 17795
17797, 17795
17807, 17795
17811, 17795
17804, 17796
17805, 17796
17809, 17796
17795, 17797
17807, 17797
17811, 17797
17791, 17798
17799, 17798
17800, 17798
17802, 17798
17790, 17799
17798, 17799
17800, 17799
17802, 17799
17812, 17799
17798, 17800
17799, 17800
17802, 17800
17812, 17800
17787, 17801
17803, 17801
17804, 17801
17812, 17801
17791, 17802
17798, 17802
17799, 17802
17800, 17802
17788, 17803
17801, 17803
17804, 17803
17812, 17803
17786, 17804
17796, 17804
17801, 17804
17803, 17804
17796, 17805
17806, 17805
17808, 17805
17809, 17805
17805, 17806
17808, 17806
17809, 17806
17810, 17806
17795, 17807
17797, 17807
17811, 17807
17805, 17808
17806, 17808
17809, 17808
17810, 17808
17796, 17809
17805, 17809
17806, 17809
17808, 17809
17806, 17810
17808, 17810
17811, 17810
17795, 17811
17797, 17811
17807, 17811
17810, 17811
17789, 17812
17790, 17812
17799, 17812
17800, 17812
17801, 17812
17803, 17812
17814, 17813
17817, 17813
17822, 17813
17813, 17814
17817, 17814
17822, 17814
17792, 17815
17816, 17815
17819, 17815
17821, 17815
17815, 17816
17819, 17816
17821, 17816
17823, 17816
17824, 17816
17813, 17817
17814, 17817
17822, 17817
17819, 17818
17820, 17818
17821, 17818
17792, 17819
17793, 17819
17815, 17819
17816, 17819
17818, 17819
17820, 17819
17821, 17819
17794, 17820
17818, 17820
17819, 17820
17821, 17820
17793, 17821
17815, 17821
17816, 17821
17818, 17821
17819, 17821
17820, 17821
17813, 17822
17814, 17822
17817, 17822
17823, 17822
17824, 17822
17816, 17823
17822, 17823
17824, 17823
17816, 17824
17822, 17824
17823, 17824
