4607, 4591
4619, 4591
4595, 4592
4598, 4592
4599, 4592
4604, 4592
4610, 4592
4596, 4593
4602, 4593
4608, 4593
4614, 4593
4595, 4594
4607, 4594
4610, 4594
4619, 4594
4592, 4595
4594, 4595
4598, 4595
4611, 4595
4616, 4595
4593, 4596
4602, 4596
4600, 4597
4603, 4597
4592, 4598
4595, 4598
4604, 4598
4607, 4598
4592, 4599
4605, 4599
4597, 4600
4606, 4600
4618, 4600
4606, 4601
4607, 4601
4619, 4601
4593, 4602
4596, 4602
4603, 4602
4597, 4603
4602, 4603
4592, 4604
4598, 4604
4599, 4605
4600, 4606
4601, 4606
4612, 4606
4591, 4607
4594, 4607
4598, 4607
4601, 4607
4619, 4607
4593, 4608
4614, 4608
4615, 4608
4615, 4609
4618, 4609
4592, 4610
4594, 4610
4616, 4610
4595, 4611
4617, 4611
4606, 4612
4613, 4612
4618, 4612
4612, 4613
4619, 4613
4593, 4614
4608, 4614
4608, 4615
4609, 4615
4595, 4616
4610, 4616
4611, 4617
4600, 4618
4609, 4618
4612, 4618
4591, 4619
4594, 4619
4601, 4619
4607, 4619
4613, 4619
