11704, 11669
11712, 11669
11721, 11669
11671, 11670
11687, 11670
11702, 11670
11670, 11671
11686, 11671
11701, 11671
11673, 11672
11689, 11672
11701, 11672
11709, 11672
11672, 11673
11688, 11673
11690, 11673
11703, 11673
11703, 11674
11705, 11674
11711, 11674
11706, 11675
11708, 11675
11717, 11675
11725, 11675
11706, 11676
11715, 11676
11732, 11676
11678, 11677
11694, 11677
11710, 11677
11712, 11677
11677, 11678
11679, 11678
11695, 11678
11710, 11678
11678, 11679
11694, 11679
11709, 11679
11681, 11680
11697, 11680
11709, 11680
11680, 11681
11696, 11681
11711, 11681
11696, 11682
11697, 11682
11711, 11682
11713, 11682
11708, 11683
11714, 11683
11717, 11683
11725, 11683
11700, 11684
11715, 11684
11732, 11684
11686, 11685
11704, 11685
11719, 11685
11721, 11685
11671, 11686
11685, 11686
11687, 11686
11719, 11686
11670, 11687
11686, 11687
11718, 11687
11673, 11688
11689, 11688
11718, 11688
11672, 11689
11688, 11689
11720, 11689
11673, 11690
11703, 11690
11720, 11690
11722, 11690
11708, 11691
11723, 11691
11725, 11691
11715, 11692
11723, 11692
11732, 11692
11704, 11693
11727, 11693
11729, 11693
11677, 11694
11679, 11694
11695, 11694
11702, 11694
11727, 11694
11678, 11695
11694, 11695
11726, 11695
11681, 11696
11682, 11696
11697, 11696
11701, 11696
11726, 11696
11680, 11697
11682, 11697
11696, 11697
11728, 11697
11703, 11698
11711, 11698
11728, 11698
11730, 11698
11708, 11699
11725, 11699
11731, 11699
11734, 11699
11684, 11700
11715, 11700
11732, 11700
11671, 11701
11672, 11701
11696, 11701
11670, 11702
11694, 11702
11704, 11702
11673, 11703
11674, 11703
11690, 11703
11698, 11703
11669, 11704
11685, 11704
11693, 11704
11702, 11704
11674, 11705
11707, 11705
11675, 11706
11676, 11706
11714, 11706
11731, 11706
11705, 11707
11708, 11707
11724, 11707
11675, 11708
11683, 11708
11691, 11708
11699, 11708
11707, 11708
11734, 11708
11672, 11709
11679, 11709
11680, 11709
11677, 11710
11678, 11710
11674, 11711
11681, 11711
11682, 11711
11698, 11711
11669, 11712
11677, 11712
11682, 11713
11716, 11713
11683, 11714
11706, 11714
11715, 11714
11723, 11714
11732, 11714
11676, 11715
11684, 11715
11692, 11715
11700, 11715
11714, 11715
11713, 11716
11717, 11716
11724, 11716
11675, 11717
11683, 11717
11716, 11717
11734, 11717
11687, 11718
11688, 11718
11685, 11719
11686, 11719
11689, 11720
11690, 11720
11669, 11721
11685, 11721
11690, 11722
11724, 11722
11691, 11723
11692, 11723
11714, 11723
11731, 11723
11707, 11724
11716, 11724
11722, 11724
11725, 11724
11733, 11724
11675, 11725
11683, 11725
11691, 11725
11699, 11725
11724, 11725
11734, 11725
11695, 11726
11696, 11726
11693, 11727
11694, 11727
11697, 11728
11698, 11728
11693, 11729
11698, 11730
11733, 11730
11699, 11731
11706, 11731
11723, 11731
11732, 11731
11676, 11732
11684, 11732
11692, 11732
11700, 11732
11714, 11732
11731, 11732
11724, 11733
11730, 11733
11734, 11733
11699, 11734
11708, 11734
11717, 11734
11725, 11734
11733, 11734
