6.000000,  7.896710, 16.850000,  0.810000,  0.799000, 48.500000,  3.000000,  1.000000,  2.000000,  0.000000,  5.000000,  1.000000,  2.000000,  3.000000,  1.000000,  2.000000,  2.000000,  2.000000, 1, 0, 0
5.000000,  6.181119, 14.720000,  3.200000,  0.689000, 32.000000,  2.000000,  3.000000,  0.000000,  0.000000,  2.000000,  3.000000,  3.000000,  2.000000,  0.000000,  1.000000,  4.000000,  0.000000, 1, 0, 0
5.000000,  4.548029, 17.040000, -0.230000,  0.778000, 44.700000,  2.000000,  2.000000,  1.000000,  2.000000,  2.000000,  1.000000,  1.000000,  2.000000,  2.000000,  1.000000,  3.000000,  1.000000, 1, 0, 0
6.000000,  8.844220, 26.860000,  2.450000,  1.253000, 46.500000,  1.000000,  2.000000,  3.000000,  1.000000,  3.000000,  2.000000,  3.000000,  1.000000,  2.000000,  1.000000,  2.000000,  3.000000, 1, 0, 0
6.000000,  8.731188, 15.120000, -4.320000,  0.604000, 66.800000,  4.000000,  2.000000,  0.000000,  4.000000,  2.000000,  0.000000,  0.000000,  2.000000,  4.000000,  4.000000,  2.000000,  0.000000, 1, 0, 0
7.000000, 11.297375, 21.820000, -1.010000,  0.977000, 63.900000,  3.000000,  3.000000,  1.000000,  3.000000,  2.000000,  2.000000,  2.000000,  2.000000,  3.000000,  2.000000,  4.000000,  1.000000, 1, 0, 0
5.000000,  7.308798,  0.000000,  0.000000,  0.000000,  0.000000,  0.000000,  0.000000,  0.000000,  0.000000,  0.000000,  0.000000,  0.000000,  0.000000,  0.000000,  0.000000,  0.000000,  0.000000, 1, 0, 0
5.000000,  7.676812,  0.000000,  0.000000,  0.000000,  0.000000,  0.000000,  0.000000,  0.000000,  0.000000,  0.000000,  0.000000,  0.000000,  0.000000,  0.000000,  0.000000,  0.000000,  0.000000, 1, 0, 0
6.000000,  8.872639,  0.000000,  0.000000,  0.000000,  0.000000,  0.000000,  0.000000,  0.000000,  0.000000,  0.000000,  0.000000,  0.000000,  0.000000,  0.000000,  0.000000,  0.000000,  0.000000, 1, 0, 0
5.000000,  8.105348,  0.000000,  0.000000,  0.000000,  0.000000,  0.000000,  0.000000,  0.000000,  0.000000,  0.000000,  0.000000,  0.000000,  0.000000,  0.000000,  0.000000,  0.000000,  0.000000, 1, 0, 0
5.000000,  7.247562,  0.000000,  0.000000,  0.000000,  0.000000,  0.000000,  0.000000,  0.000000,  0.000000,  0.000000,  0.000000,  0.000000,  0.000000,  0.000000,  0.000000,  0.000000,  0.000000, 1, 0, 0
7.000000, 10.936133,  0.000000,  0.000000,  0.000000,  0.000000,  0.000000,  0.000000,  0.000000,  0.000000,  0.000000,  0.000000,  0.000000,  0.000000,  0.000000,  0.000000,  0.000000,  0.000000, 1, 0, 0
5.000000,  7.896602,  0.000000,  0.000000,  0.000000,  0.000000,  0.000000,  0.000000,  0.000000,  0.000000,  0.000000,  0.000000,  0.000000,  0.000000,  0.000000,  0.000000,  0.000000,  0.000000, 1, 0, 0
7.000000, 10.157570,  0.000000,  0.000000,  0.000000,  0.000000,  0.000000,  0.000000,  0.000000,  0.000000,  0.000000,  0.000000,  0.000000,  0.000000,  0.000000,  0.000000,  0.000000,  0.000000, 1, 0, 0
4.000000,  5.372667,  0.000000,  0.000000,  0.000000,  0.000000,  0.000000,  0.000000,  0.000000,  0.000000,  0.000000,  0.000000,  0.000000,  0.000000,  0.000000,  0.000000,  0.000000,  0.000000, 1, 0, 0
5.000000, 14.126927, 17.220000, -1.510000,  0.775000, 48.700000,  2.000000,  2.000000,  1.000000,  3.000000,  1.000000,  1.000000,  1.000000,  1.000000,  3.000000,  1.000000,  3.000000,  1.000000, 0, 1, 0
5.000000, 14.007954, 19.910000,  1.950000,  0.908000, 39.200000,  1.000000,  3.000000,  1.000000,  2.000000,  0.000000,  3.000000,  3.000000,  0.000000,  2.000000,  1.000000,  3.000000,  1.000000, 0, 1, 0
7.000000, 19.808849, 19.050000, -5.270000,  0.860000, 68.100000,  4.000000,  1.000000,  2.000000,  3.000000,  4.000000,  0.000000,  0.000000,  4.000000,  3.000000,  4.000000,  1.000000,  2.000000, 0, 1, 0
7.000000, 19.835187, 23.970000,  3.000000,  1.133000, 54.800000,  2.000000,  3.000000,  2.000000,  2.000000,  2.000000,  3.000000,  3.000000,  2.000000,  2.000000,  2.000000,  3.000000,  2.000000, 0, 1, 0
6.000000, 16.342591, 27.720000, -1.020000,  1.296000, 55.400000,  2.000000,  1.000000,  3.000000,  3.000000,  2.000000,  1.000000,  1.000000,  2.000000,  3.000000,  2.000000,  1.000000,  3.000000, 0, 1, 0
4.000000, 10.047735, 15.680000, -1.950000,  0.707000, 42.200000,  1.000000,  1.000000,  2.000000,  3.000000,  1.000000,  0.000000,  0.000000,  1.000000,  3.000000,  1.000000,  1.000000,  2.000000, 0, 1, 0
6.000000, 17.005122, 20.630000, -2.380000,  0.945000, 54.300000,  2.000000,  3.000000,  1.000000,  3.000000,  2.000000,  1.000000,  1.000000,  2.000000,  3.000000,  2.000000,  3.000000,  1.000000, 0, 1, 0
6.000000, 16.359066, 12.270000, -2.040000,  0.549000, 52.900000,  5.000000,  0.000000,  1.000000,  1.000000,  4.000000,  1.000000,  1.000000,  4.000000,  1.000000,  5.000000,  0.000000,  1.000000, 0, 1, 0
2.000000,  3.810514,  7.780000,  0.000000,  0.337000, 17.200000,  0.000000,  2.000000,  0.000000,  1.000000,  0.000000,  1.000000,  1.000000,  0.000000,  1.000000,  0.000000,  2.000000,  0.000000, 0, 1, 0
2.000000,  3.803809,  2.780000, -1.840000,  0.105000, 22.000000,  2.000000,  0.000000,  0.000000,  1.000000,  1.000000,  0.000000,  0.000000,  1.000000,  1.000000,  2.000000,  0.000000,  0.000000, 0, 1, 0
2.000000,  3.778430,  7.950000,  0.710000,  0.366000, 15.700000,  0.000000,  2.000000,  0.000000,  1.000000,  0.000000,  1.000000,  1.000000,  0.000000,  1.000000,  0.000000,  2.000000,  0.000000, 0, 1, 0
2.000000,  3.811390,  0.000000,  0.000000,  0.000000,  0.000000,  0.000000,  0.000000,  0.000000,  0.000000,  0.000000,  0.000000,  0.000000,  0.000000,  0.000000,  0.000000,  0.000000,  0.000000, 0, 1, 0
5.000000, 12.603562,  0.000000,  0.000000,  0.000000,  0.000000,  0.000000,  0.000000,  0.000000,  0.000000,  0.000000,  0.000000,  0.000000,  0.000000,  0.000000,  0.000000,  0.000000,  0.000000, 0, 1, 0
4.000000,  9.401775,  0.000000,  0.000000,  0.000000,  0.000000,  0.000000,  0.000000,  0.000000,  0.000000,  0.000000,  0.000000,  0.000000,  0.000000,  0.000000,  0.000000,  0.000000,  0.000000, 0, 1, 0
7.000000, 20.359291,  0.000000,  0.000000,  0.000000,  0.000000,  0.000000,  0.000000,  0.000000,  0.000000,  0.000000,  0.000000,  0.000000,  0.000000,  0.000000,  0.000000,  0.000000,  0.000000, 0, 1, 0
10.000000, 29.779296,  0.000000,  0.000000,  0.000000,  0.000000,  0.000000,  0.000000,  0.000000,  0.000000,  0.000000,  0.000000,  0.000000,  0.000000,  0.000000,  0.000000,  0.000000,  0.000000, 0, 1, 0
4.000000, 10.556596,  0.000000,  0.000000,  0.000000,  0.000000,  0.000000,  0.000000,  0.000000,  0.000000,  0.000000,  0.000000,  0.000000,  0.000000,  0.000000,  0.000000,  0.000000,  0.000000, 0, 1, 0
4.000000,  9.589454,  0.000000,  0.000000,  0.000000,  0.000000,  0.000000,  0.000000,  0.000000,  0.000000,  0.000000,  0.000000,  0.000000,  0.000000,  0.000000,  0.000000,  0.000000,  0.000000, 0, 1, 0
7.000000, 19.826426,  0.000000,  0.000000,  0.000000,  0.000000,  0.000000,  0.000000,  0.000000,  0.000000,  0.000000,  0.000000,  0.000000,  0.000000,  0.000000,  0.000000,  0.000000,  0.000000, 0, 1, 0
7.000000, 20.094511,  0.000000,  0.000000,  0.000000,  0.000000,  0.000000,  0.000000,  0.000000,  0.000000,  0.000000,  0.000000,  0.000000,  0.000000,  0.000000,  0.000000,  0.000000,  0.000000, 0, 1, 0
5.000000, 13.566615,  0.000000,  0.000000,  0.000000,  0.000000,  0.000000,  0.000000,  0.000000,  0.000000,  0.000000,  0.000000,  0.000000,  0.000000,  0.000000,  0.000000,  0.000000,  0.000000, 0, 1, 0
5.000000, 14.397756,  0.000000,  0.000000,  0.000000,  0.000000,  0.000000,  0.000000,  0.000000,  0.000000,  0.000000,  0.000000,  0.000000,  0.000000,  0.000000,  0.000000,  0.000000,  0.000000, 0, 1, 0
7.000000, 20.359291,  0.000000,  0.000000,  0.000000,  0.000000,  0.000000,  0.000000,  0.000000,  0.000000,  0.000000,  0.000000,  0.000000,  0.000000,  0.000000,  0.000000,  0.000000,  0.000000, 0, 1, 0
10.000000, 29.779296,  0.000000,  0.000000,  0.000000,  0.000000,  0.000000,  0.000000,  0.000000,  0.000000,  0.000000,  0.000000,  0.000000,  0.000000,  0.000000,  0.000000,  0.000000,  0.000000, 0, 1, 0
3.000000,  6.673219,  0.000000,  0.000000,  0.000000,  0.000000,  0.000000,  0.000000,  0.000000,  0.000000,  0.000000,  0.000000,  0.000000,  0.000000,  0.000000,  0.000000,  0.000000,  0.000000, 0, 1, 0
3.000000,  6.628357,  0.000000,  0.000000,  0.000000,  0.000000,  0.000000,  0.000000,  0.000000,  0.000000,  0.000000,  0.000000,  0.000000,  0.000000,  0.000000,  0.000000,  0.000000,  0.000000, 0, 1, 0
3.000000,  6.867090,  0.000000,  0.000000,  0.000000,  0.000000,  0.000000,  0.000000,  0.000000,  0.000000,  0.000000,  0.000000,  0.000000,  0.000000,  0.000000,  0.000000,  0.000000,  0.000000, 0, 1, 0
