14300, 14299
14323, 14299
14328, 14299
14299, 14300
14301, 14300
14302, 14300
14304, 14300
14323, 14300
14328, 14300
14300, 14301
14306, 14301
14324, 14301
14329, 14301
14300, 14302
14303, 14302
14328, 14302
14302, 14303
14304, 14303
14328, 14303
14300, 14304
14303, 14304
14325, 14304
14329, 14304
14335, 14304
14306, 14305
14323, 14305
14333, 14305
14301, 14306
14305, 14306
14307, 14306
14323, 14306
14333, 14306
14306, 14307
14324, 14307
14334, 14307
14324, 14308
14325, 14308
14334, 14308
14310, 14309
14326, 14309
14309, 14310
14311, 14310
14314, 14310
14316, 14310
14319, 14310
14321, 14310
14327, 14310
14310, 14311
14312, 14311
14315, 14311
14317, 14311
14320, 14311
14322, 14311
14327, 14311
14311, 14312
14322, 14312
14329, 14313
14330, 14313
14334, 14313
14310, 14314
14315, 14314
14331, 14314
14311, 14315
14314, 14315
14316, 14315
14310, 14316
14315, 14316
14317, 14316
14311, 14317
14316, 14317
14322, 14317
14334, 14318
14335, 14318
14310, 14319
14320, 14319
14336, 14319
14311, 14320
14319, 14320
14332, 14320
14310, 14321
14322, 14321
14337, 14321
14311, 14322
14312, 14322
14317, 14322
14321, 14322
14299, 14323
14300, 14323
14305, 14323
14306, 14323
14301, 14324
14307, 14324
14308, 14324
14304, 14325
14308, 14325
14326, 14325
14329, 14325
14309, 14326
14325, 14326
14327, 14326
14329, 14326
14330, 14326
14310, 14327
14311, 14327
14326, 14327
14337, 14327
14299, 14328
14300, 14328
14302, 14328
14303, 14328
14301, 14329
14304, 14329
14313, 14329
14325, 14329
14326, 14329
14335, 14329
14336, 14329
14313, 14330
14326, 14330
14331, 14330
14336, 14330
14314, 14331
14330, 14331
14320, 14332
14336, 14332
14337, 14332
14305, 14333
14306, 14333
14307, 14334
14308, 14334
14313, 14334
14318, 14334
14304, 14335
14318, 14335
14329, 14335
14336, 14335
14319, 14336
14329, 14336
14330, 14336
14332, 14336
14335, 14336
14337, 14336
14321, 14337
14327, 14337
14332, 14337
14336, 14337
