14.000000, 19.965689, 48.340000,  0.660000,  2.245000,114.100000,  6.000000,  4.000000,  4.000000,  4.000000,  5.000000,  5.000000,  5.000000,  5.000000,  4.000000,  6.000000,  4.000000,  4.000000, 1, 0, 0
10.000000, 15.146057, 38.440000,  0.850000,  1.766000, 87.600000,  4.000000,  2.000000,  4.000000,  4.000000,  4.000000,  2.000000,  3.000000,  3.000000,  4.000000,  3.000000,  3.000000,  4.000000, 1, 0, 0
16.000000, 22.163574, 45.440000,  1.720000,  2.113000,129.600000,  7.000000,  7.000000,  2.000000,  5.000000,  5.000000,  6.000000,  6.000000,  5.000000,  5.000000,  5.000000,  9.000000,  2.000000, 1, 0, 0
21.000000, 30.895038, 59.390000, -1.950000,  2.695000,176.400000, 11.000000,  6.000000,  4.000000,  5.000000, 10.000000,  6.000000,  6.000000, 10.000000,  5.000000, 10.000000,  7.000000,  4.000000, 1, 0, 0
14.000000, 20.105790, 58.150000,  1.530000,  2.658000,119.700000,  3.000000,  6.000000,  5.000000,  6.000000,  4.000000,  4.000000,  6.000000,  2.000000,  6.000000,  3.000000,  6.000000,  5.000000, 1, 0, 0
4.000000,  5.450089, 19.570000,  2.350000,  0.945000, 29.600000,  1.000000,  1.000000,  2.000000,  1.000000,  1.000000,  2.000000,  2.000000,  1.000000,  1.000000,  0.000000,  2.000000,  2.000000, 1, 0, 0
8.000000, 10.223746, 28.610000, -0.730000,  1.236000, 75.200000,  4.000000,  3.000000,  1.000000,  4.000000,  1.000000,  3.000000,  3.000000,  1.000000,  4.000000,  4.000000,  3.000000,  1.000000, 1, 0, 0
12.000000, 16.380959, 42.130000,  1.740000,  1.977000, 99.100000,  4.000000,  3.000000,  5.000000,  3.000000,  4.000000,  5.000000,  5.000000,  3.000000,  4.000000,  3.000000,  4.000000,  5.000000, 1, 0, 0
5.000000,  8.190864, 21.800000, -0.340000,  0.959000, 47.700000,  1.000000,  2.000000,  2.000000,  3.000000,  1.000000,  1.000000,  2.000000,  0.000000,  3.000000,  1.000000,  2.000000,  2.000000, 1, 0, 0
5.000000,  7.688429, 16.370000,  2.690000,  0.747000, 37.500000,  1.000000,  3.000000,  1.000000,  1.000000,  1.000000,  3.000000,  3.000000,  1.000000,  1.000000,  1.000000,  3.000000,  1.000000, 1, 0, 0
15.000000, 22.117257, 49.190000, -1.470000,  2.228000,136.700000,  5.000000,  6.000000,  4.000000,  7.000000,  3.000000,  5.000000,  5.000000,  3.000000,  7.000000,  5.000000,  6.000000,  4.000000, 1, 0, 0
19.000000, 26.155282, 62.450000,  6.850000,  2.914000,144.400000,  7.000000,  7.000000,  5.000000,  2.000000, 10.000000,  7.000000,  8.000000,  7.000000,  4.000000,  6.000000,  8.000000,  5.000000, 1, 0, 0
21.000000, 30.183778, 79.260000, -2.610000,  3.617000,189.500000,  5.000000, 10.000000,  6.000000,  9.000000,  8.000000,  4.000000,  6.000000,  4.000000, 11.000000,  5.000000, 10.000000,  6.000000, 1, 0, 0
15.000000, 20.662043, 57.430000,  0.220000,  2.650000,126.200000,  5.000000,  6.000000,  4.000000,  6.000000,  3.000000,  6.000000,  6.000000,  3.000000,  6.000000,  5.000000,  6.000000,  4.000000, 1, 0, 0
4.000000,  5.160305, 10.550000, -0.240000,  0.474000, 33.000000,  2.000000,  2.000000,  0.000000,  1.000000,  2.000000,  1.000000,  1.000000,  2.000000,  1.000000,  2.000000,  2.000000,  0.000000, 1, 0, 0
11.000000, 15.807637, 34.990000, -2.280000,  1.575000, 97.600000,  6.000000,  3.000000,  2.000000,  4.000000,  4.000000,  3.000000,  3.000000,  4.000000,  4.000000,  5.000000,  4.000000,  2.000000, 1, 0, 0
18.000000, 25.925961, 67.250000, -2.190000,  3.031000,162.800000,  7.000000,  5.000000,  6.000000,  8.000000,  6.000000,  4.000000,  5.000000,  5.000000,  8.000000,  7.000000,  5.000000,  6.000000, 1, 0, 0
6.000000, 16.471719, 20.860000,  0.740000,  0.948000, 53.300000,  2.000000,  3.000000,  1.000000,  3.000000,  1.000000,  2.000000,  2.000000,  1.000000,  3.000000,  2.000000,  3.000000,  1.000000, 0, 1, 0
8.000000, 22.984101, 26.210000,  1.760000,  1.201000, 62.700000,  4.000000,  2.000000,  2.000000,  1.000000,  6.000000,  1.000000,  3.000000,  4.000000,  1.000000,  3.000000,  3.000000,  2.000000, 0, 1, 0
5.000000, 13.374784, 15.130000,  2.420000,  0.709000, 38.000000,  2.000000,  2.000000,  1.000000,  1.000000,  2.000000,  2.000000,  2.000000,  2.000000,  1.000000,  2.000000,  2.000000,  1.000000, 0, 1, 0
3.000000,  7.050576, 12.080000,  2.720000,  0.595000, 19.600000,  1.000000,  1.000000,  1.000000,  0.000000,  1.000000,  2.000000,  2.000000,  1.000000,  0.000000,  1.000000,  1.000000,  1.000000, 0, 1, 0
2.000000,  3.763533,  7.950000,  0.710000,  0.366000, 15.700000,  0.000000,  2.000000,  0.000000,  1.000000,  0.000000,  1.000000,  1.000000,  0.000000,  1.000000,  0.000000,  2.000000,  0.000000, 0, 1, 0
2.000000,  3.791653,  5.200000, -1.540000,  0.216000, 17.200000,  2.000000,  0.000000,  0.000000,  0.000000,  2.000000,  0.000000,  0.000000,  2.000000,  0.000000,  2.000000,  0.000000,  0.000000, 0, 1, 0
2.000000,  3.770656,  6.600000,  0.370000,  0.294000, 13.500000,  1.000000,  1.000000,  0.000000,  0.000000,  1.000000,  1.000000,  1.000000,  1.000000,  0.000000,  1.000000,  1.000000,  0.000000, 0, 1, 0
4.000000, 10.003820,  8.580000, -3.750000,  0.337000, 40.000000,  4.000000,  0.000000,  0.000000,  1.000000,  3.000000,  0.000000,  0.000000,  3.000000,  1.000000,  4.000000,  0.000000,  0.000000, 0, 1, 0
4.000000, 10.133008, 12.040000, -1.630000,  0.535000, 39.400000,  2.000000,  1.000000,  1.000000,  1.000000,  3.000000,  0.000000,  0.000000,  2.000000,  2.000000,  2.000000,  1.000000,  1.000000, 0, 1, 0
7.000000, 19.470466, 26.750000, -0.820000,  1.207000, 63.700000,  2.000000,  2.000000,  3.000000,  3.000000,  3.000000,  1.000000,  2.000000,  2.000000,  3.000000,  2.000000,  2.000000,  3.000000, 0, 1, 0
6.000000, 15.707602, 19.060000, -3.210000,  0.818000, 61.800000,  2.000000,  4.000000,  0.000000,  4.000000,  1.000000,  1.000000,  1.000000,  1.000000,  4.000000,  2.000000,  4.000000,  0.000000, 0, 1, 0
5.000000, 11.821247, 15.380000,  2.460000,  0.733000, 37.300000,  2.000000,  2.000000,  1.000000,  0.000000,  3.000000,  2.000000,  2.000000,  2.000000,  1.000000,  1.000000,  3.000000,  1.000000, 0, 1, 0
8.000000, 23.448678, 31.960000, -1.000000,  1.422000, 73.000000,  1.000000,  5.000000,  2.000000,  4.000000,  1.000000,  3.000000,  3.000000,  1.000000,  4.000000,  1.000000,  5.000000,  2.000000, 0, 1, 0
7.000000, 19.027285, 21.160000, -0.440000,  0.922000, 57.900000,  2.000000,  5.000000,  0.000000,  2.000000,  2.000000,  3.000000,  3.000000,  2.000000,  2.000000,  2.000000,  5.000000,  0.000000, 0, 1, 0
7.000000, 17.973181, 24.620000,  2.680000,  1.114000, 51.600000,  2.000000,  4.000000,  1.000000,  1.000000,  3.000000,  3.000000,  4.000000,  2.000000,  1.000000,  2.000000,  4.000000,  1.000000, 0, 1, 0
3.000000,  5.198054,  7.200000, -0.800000,  0.310000, 23.300000,  2.000000,  1.000000,  0.000000,  0.000000,  2.000000,  1.000000,  1.000000,  2.000000,  0.000000,  2.000000,  1.000000,  0.000000, 0, 1, 0
2.000000,  3.811637,  6.950000,  0.030000,  0.320000, 16.400000,  0.000000,  2.000000,  0.000000,  1.000000,  0.000000,  1.000000,  1.000000,  0.000000,  1.000000,  0.000000,  2.000000,  0.000000, 0, 1, 0
