2519, 2518
2520, 2518
2526, 2518
2518, 2519
2520, 2519
2526, 2519
2518, 2520
2519, 2520
2526, 2520
2527, 2520
2522, 2521
2526, 2521
2527, 2521
2528, 2521
2521, 2522
2528, 2522
2529, 2522
2530, 2522
2525, 2523
2530, 2523
2534, 2523
2531, 2524
2535, 2524
2536, 2524
2523, 2525
2532, 2525
2533, 2525
2534, 2525
2518, 2526
2519, 2526
2520, 2526
2521, 2526
2527, 2526
2520, 2527
2521, 2527
2526, 2527
2528, 2527
2521, 2528
2522, 2528
2527, 2528
2529, 2528
2522, 2529
2528, 2529
2530, 2529
2522, 2530
2523, 2530
2529, 2530
2524, 2531
2532, 2531
2533, 2531
2534, 2531
2525, 2532
2531, 2532
2533, 2532
2534, 2532
2525, 2533
2531, 2533
2532, 2533
2534, 2533
2523, 2534
2525, 2534
2531, 2534
2532, 2534
2533, 2534
2524, 2535
2536, 2535
2538, 2535
2539, 2535
2524, 2536
2535, 2536
2538, 2536
2539, 2536
2538, 2537
2539, 2537
2540, 2537
2535, 2538
2536, 2538
2537, 2538
2539, 2538
2540, 2538
2535, 2539
2536, 2539
2537, 2539
2538, 2539
2540, 2539
2537, 2540
2538, 2540
2539, 2540
