4280, 4279
4290, 4279
4299, 4279
4307, 4279
4308, 4279
4279, 4280
4290, 4280
4307, 4280
4308, 4280
4287, 4281
4291, 4281
4293, 4281
4310, 4281
4315, 4281
4283, 4282
4286, 4282
4291, 4282
4311, 4282
4282, 4283
4286, 4283
4311, 4283
4285, 4284
4299, 4284
4307, 4284
4313, 4284
4284, 4285
4312, 4285
4313, 4285
4282, 4286
4283, 4286
4300, 4286
4302, 4286
4315, 4286
4281, 4287
4288, 4287
4291, 4287
4300, 4287
4316, 4287
4287, 4288
4316, 4288
4290, 4289
4297, 4289
4299, 4289
4306, 4289
4312, 4289
4279, 4290
4280, 4290
4289, 4290
4297, 4290
4307, 4290
4312, 4290
4281, 4291
4282, 4291
4287, 4291
4293, 4291
4302, 4291
4293, 4292
4294, 4292
4302, 4292
4310, 4292
4281, 4293
4291, 4293
4292, 4293
4300, 4293
4301, 4293
4310, 4293
4315, 4293
4292, 4294
4295, 4294
4304, 4294
4309, 4294
4314, 4294
4294, 4295
4303, 4295
4308, 4295
4309, 4295
4314, 4295
4311, 4296
4316, 4296
4289, 4297
4290, 4297
4298, 4297
4299, 4297
4306, 4297
4307, 4297
4297, 4298
4306, 4298
4312, 4298
4279, 4299
4284, 4299
4289, 4299
4297, 4299
4312, 4299
4286, 4300
4287, 4300
4293, 4300
4302, 4300
4293, 4301
4302, 4301
4303, 4301
4315, 4301
4286, 4302
4291, 4302
4292, 4302
4300, 4302
4301, 4302
4310, 4302
4315, 4302
4295, 4303
4301, 4303
4304, 4303
4314, 4303
4294, 4304
4303, 4304
4313, 4304
4314, 4304
4316, 4305
4289, 4306
4297, 4306
4298, 4306
4279, 4307
4280, 4307
4284, 4307
4290, 4307
4297, 4307
4279, 4308
4280, 4308
4295, 4308
4309, 4308
4294, 4309
4295, 4309
4308, 4309
4281, 4310
4292, 4310
4293, 4310
4302, 4310
4282, 4311
4283, 4311
4296, 4311
4316, 4311
4285, 4312
4289, 4312
4290, 4312
4298, 4312
4299, 4312
4284, 4313
4285, 4313
4304, 4313
4314, 4313
4294, 4314
4295, 4314
4303, 4314
4304, 4314
4313, 4314
4281, 4315
4286, 4315
4293, 4315
4301, 4315
4302, 4315
4287, 4316
4288, 4316
4296, 4316
4305, 4316
4311, 4316
