14813, 14812
14816, 14812
14812, 14813
14815, 14813
14818, 14813
14817, 14814
14818, 14814
14821, 14814
14825, 14814
14813, 14815
14816, 14815
14812, 14816
14815, 14816
14818, 14816
14825, 14816
14814, 14817
14818, 14817
14825, 14817
14828, 14817
14813, 14818
14814, 14818
14816, 14818
14817, 14818
14821, 14818
14828, 14818
14820, 14819
14822, 14819
14829, 14819
14819, 14820
14823, 14820
14830, 14820
14814, 14821
14818, 14821
14822, 14821
14825, 14821
14829, 14821
14819, 14822
14821, 14822
14826, 14822
14828, 14822
14820, 14823
14824, 14823
14827, 14823
14831, 14823
14823, 14824
14830, 14824
14831, 14824
14814, 14825
14816, 14825
14817, 14825
14821, 14825
14828, 14825
14822, 14826
14827, 14826
14829, 14826
14823, 14827
14826, 14827
14830, 14827
14817, 14828
14818, 14828
14822, 14828
14825, 14828
14829, 14828
14819, 14829
14821, 14829
14826, 14829
14828, 14829
14820, 14830
14824, 14830
14827, 14830
14831, 14830
14823, 14831
14824, 14831
14830, 14831
