5786, 5785
5787, 5785
5806, 5785
5785, 5786
5787, 5786
5806, 5786
5785, 5787
5786, 5787
5788, 5787
5789, 5787
5806, 5787
5807, 5787
5787, 5788
5789, 5788
5807, 5788
5787, 5789
5788, 5789
5807, 5789
5808, 5789
5791, 5790
5808, 5790
5809, 5790
5790, 5791
5792, 5791
5808, 5791
5809, 5791
5791, 5792
5793, 5792
5809, 5792
5792, 5793
5794, 5793
5795, 5793
5810, 5793
5793, 5794
5795, 5794
5796, 5794
5810, 5794
5793, 5795
5794, 5795
5796, 5795
5810, 5795
5811, 5795
5794, 5796
5795, 5796
5810, 5796
5811, 5796
5798, 5797
5805, 5797
5811, 5797
5797, 5798
5799, 5798
5805, 5798
5798, 5799
5800, 5799
5802, 5799
5799, 5800
5801, 5800
5802, 5800
5804, 5800
5800, 5801
5802, 5801
5803, 5801
5799, 5802
5800, 5802
5801, 5802
5803, 5802
5804, 5802
5801, 5803
5802, 5803
5804, 5803
5800, 5804
5802, 5804
5803, 5804
5797, 5805
5798, 5805
5811, 5805
5785, 5806
5786, 5806
5787, 5806
5787, 5807
5788, 5807
5789, 5807
5789, 5808
5790, 5808
5791, 5808
5790, 5809
5791, 5809
5792, 5809
5793, 5810
5794, 5810
5795, 5810
5796, 5810
5811, 5810
5795, 5811
5796, 5811
5797, 5811
5805, 5811
5810, 5811
