4031, 4020
4032, 4020
4033, 4020
4022, 4021
4023, 4021
4026, 4021
4028, 4021
4021, 4022
4023, 4022
4028, 4022
4021, 4023
4022, 4023
4026, 4023
4028, 4023
4025, 4024
4027, 4024
4029, 4024
4030, 4024
4032, 4024
4033, 4024
4024, 4025
4027, 4025
4029, 4025
4033, 4025
4021, 4026
4023, 4026
4027, 4026
4028, 4026
4024, 4027
4025, 4027
4026, 4027
4028, 4027
4021, 4028
4022, 4028
4023, 4028
4026, 4028
4027, 4028
4024, 4029
4025, 4029
4030, 4029
4031, 4029
4032, 4029
4024, 4030
4029, 4030
4031, 4030
4032, 4030
4020, 4031
4029, 4031
4030, 4031
4032, 4031
4033, 4031
4020, 4032
4024, 4032
4029, 4032
4030, 4032
4031, 4032
4033, 4032
4020, 4033
4024, 4033
4025, 4033
4031, 4033
4032, 4033
