2129, 2121
2136, 2121
2148, 2121
2123, 2122
2130, 2122
2131, 2122
2142, 2122
2143, 2122
2122, 2123
2124, 2123
2131, 2123
2142, 2123
2123, 2124
2125, 2124
2130, 2124
2132, 2124
2124, 2125
2131, 2125
2132, 2125
2144, 2125
2154, 2125
2127, 2126
2128, 2126
2134, 2126
2145, 2126
2126, 2127
2128, 2127
2133, 2127
2134, 2127
2126, 2128
2127, 2128
2133, 2128
2134, 2128
2121, 2129
2136, 2129
2148, 2129
2150, 2129
2122, 2130
2124, 2130
2155, 2130
2156, 2130
2122, 2131
2123, 2131
2125, 2131
2132, 2131
2154, 2131
2124, 2132
2125, 2132
2131, 2132
2157, 2132
2127, 2133
2128, 2133
2134, 2133
2158, 2133
2126, 2134
2127, 2134
2128, 2134
2133, 2134
2136, 2135
2146, 2135
2148, 2135
2121, 2136
2129, 2136
2135, 2136
2138, 2136
2146, 2136
2147, 2136
2138, 2137
2139, 2137
2150, 2137
2151, 2137
2136, 2138
2137, 2138
2149, 2138
2137, 2139
2143, 2139
2149, 2139
2156, 2139
2141, 2140
2144, 2140
2153, 2140
2157, 2140
2140, 2141
2145, 2141
2152, 2141
2153, 2141
2158, 2141
2122, 2142
2123, 2142
2143, 2142
2154, 2142
2122, 2143
2139, 2143
2142, 2143
2151, 2143
2155, 2143
2125, 2144
2140, 2144
2152, 2144
2126, 2145
2141, 2145
2153, 2145
2158, 2145
2135, 2146
2136, 2146
2147, 2146
2136, 2147
2146, 2147
2148, 2147
2121, 2148
2129, 2148
2135, 2148
2147, 2148
2138, 2149
2139, 2149
2150, 2149
2151, 2149
2129, 2150
2137, 2150
2149, 2150
2137, 2151
2143, 2151
2149, 2151
2156, 2151
2141, 2152
2144, 2152
2153, 2152
2157, 2152
2140, 2153
2141, 2153
2145, 2153
2152, 2153
2158, 2153
2125, 2154
2131, 2154
2142, 2154
2155, 2154
2130, 2155
2143, 2155
2154, 2155
2130, 2156
2139, 2156
2151, 2156
2132, 2157
2140, 2157
2152, 2157
2133, 2158
2141, 2158
2145, 2158
2153, 2158
