9044, 9043
9045, 9043
9062, 9043
9065, 9043
9043, 9044
9045, 9044
9046, 9044
9064, 9044
9065, 9044
9043, 9045
9044, 9045
9046, 9045
9066, 9045
9070, 9045
9044, 9046
9045, 9046
9059, 9046
9060, 9046
9048, 9047
9049, 9047
9050, 9047
9076, 9047
9047, 9048
9049, 9048
9050, 9048
9054, 9048
9047, 9049
9048, 9049
9050, 9049
9051, 9049
9055, 9049
9047, 9050
9048, 9050
9049, 9050
9051, 9050
9075, 9050
9049, 9051
9050, 9051
9052, 9051
9071, 9051
9081, 9051
9051, 9052
9061, 9052
9073, 9052
9062, 9053
9064, 9053
9065, 9053
9048, 9054
9067, 9054
9068, 9054
9076, 9054
9049, 9055
9063, 9055
9067, 9055
9075, 9055
9058, 9056
9077, 9056
9078, 9056
9079, 9056
9059, 9057
9069, 9057
9077, 9057
9078, 9057
9056, 9058
9076, 9058
9079, 9058
9046, 9059
9057, 9059
9060, 9059
9069, 9059
9070, 9059
9046, 9060
9059, 9060
9069, 9060
9070, 9060
9052, 9061
9071, 9061
9073, 9061
9081, 9061
9043, 9062
9053, 9062
9064, 9062
9065, 9062
9055, 9063
9067, 9063
9068, 9063
9044, 9064
9053, 9064
9062, 9064
9065, 9064
9066, 9064
9070, 9064
9043, 9065
9044, 9065
9053, 9065
9062, 9065
9064, 9065
9066, 9065
9045, 9066
9064, 9066
9065, 9066
9070, 9066
9054, 9067
9055, 9067
9063, 9067
9068, 9067
9054, 9068
9063, 9068
9067, 9068
9057, 9069
9059, 9069
9060, 9069
9078, 9069
9045, 9070
9059, 9070
9060, 9070
9064, 9070
9066, 9070
9051, 9071
9061, 9071
9072, 9071
9073, 9071
9081, 9071
9071, 9072
9074, 9072
9080, 9072
9052, 9073
9061, 9073
9071, 9073
9081, 9073
9072, 9074
9075, 9074
9080, 9074
9050, 9075
9055, 9075
9074, 9075
9080, 9075
9047, 9076
9054, 9076
9058, 9076
9079, 9076
9056, 9077
9057, 9077
9078, 9077
9079, 9077
9056, 9078
9057, 9078
9069, 9078
9077, 9078
9056, 9079
9058, 9079
9076, 9079
9077, 9079
9072, 9080
9074, 9080
9075, 9080
9051, 9081
9061, 9081
9071, 9081
9073, 9081
