11408, 11407
11432, 11407
11441, 11407
11407, 11408
11431, 11408
11432, 11408
11440, 11408
11441, 11408
11410, 11409
11420, 11409
11422, 11409
11431, 11409
11433, 11409
11440, 11409
11409, 11410
11433, 11410
11434, 11410
11442, 11410
11443, 11410
11412, 11411
11434, 11411
11435, 11411
11443, 11411
11444, 11411
11411, 11412
11413, 11412
11424, 11412
11435, 11412
11444, 11412
11412, 11413
11436, 11413
11445, 11413
11415, 11414
11416, 11414
11438, 11414
11447, 11414
11414, 11415
11416, 11415
11426, 11415
11438, 11415
11414, 11416
11415, 11416
11417, 11416
11416, 11417
11418, 11417
11439, 11417
11448, 11417
11417, 11418
11430, 11418
11439, 11418
11448, 11418
11420, 11419
11421, 11419
11441, 11419
11409, 11420
11419, 11420
11421, 11420
11440, 11420
11441, 11420
11419, 11421
11420, 11421
11422, 11421
11440, 11421
11442, 11421
11409, 11422
11421, 11422
11423, 11422
11442, 11422
11443, 11422
11422, 11423
11424, 11423
11425, 11423
11443, 11423
11444, 11423
11412, 11424
11423, 11424
11425, 11424
11444, 11424
11423, 11425
11424, 11425
11426, 11425
11445, 11425
11415, 11426
11425, 11426
11427, 11426
11428, 11426
11447, 11426
11426, 11427
11428, 11427
11429, 11427
11426, 11428
11427, 11428
11429, 11428
11430, 11428
11427, 11429
11428, 11429
11430, 11429
11418, 11430
11428, 11430
11429, 11430
11448, 11430
11408, 11431
11409, 11431
11432, 11431
11433, 11431
11441, 11431
11442, 11431
11407, 11432
11408, 11432
11431, 11432
11409, 11433
11410, 11433
11431, 11433
11440, 11433
11410, 11434
11411, 11434
11411, 11435
11412, 11435
11413, 11436
11437, 11436
11446, 11436
11436, 11437
11438, 11437
11445, 11437
11447, 11437
11414, 11438
11415, 11438
11437, 11438
11446, 11438
11447, 11438
11417, 11439
11418, 11439
11448, 11439
11408, 11440
11409, 11440
11420, 11440
11421, 11440
11433, 11440
11442, 11440
11407, 11441
11408, 11441
11419, 11441
11420, 11441
11431, 11441
11410, 11442
11421, 11442
11422, 11442
11431, 11442
11440, 11442
11410, 11443
11411, 11443
11422, 11443
11423, 11443
11411, 11444
11412, 11444
11423, 11444
11424, 11444
11413, 11445
11425, 11445
11437, 11445
11446, 11445
11436, 11446
11438, 11446
11445, 11446
11447, 11446
11414, 11447
11426, 11447
11437, 11447
11438, 11447
11446, 11447
11417, 11448
11418, 11448
11430, 11448
11439, 11448
