15027, 15026
15036, 15026
15045, 15026
15026, 15027
15028, 15027
15036, 15027
15045, 15027
15027, 15028
15040, 15028
15049, 15028
15030, 15029
15037, 15029
15046, 15029
15029, 15030
15042, 15030
15051, 15030
15032, 15031
15036, 15031
15045, 15031
15031, 15032
15033, 15032
15034, 15032
15045, 15032
15032, 15033
15034, 15033
15040, 15033
15049, 15033
15032, 15034
15033, 15034
15035, 15034
15046, 15034
15034, 15035
15042, 15035
15051, 15035
15026, 15036
15027, 15036
15031, 15036
15029, 15037
15041, 15037
15050, 15037
15039, 15038
15042, 15038
15051, 15038
15038, 15039
15043, 15039
15052, 15039
15028, 15040
15033, 15040
15041, 15040
15050, 15040
15037, 15041
15040, 15041
15046, 15041
15049, 15041
15030, 15042
15035, 15042
15038, 15042
15047, 15042
15039, 15043
15044, 15043
15048, 15043
15053, 15043
15043, 15044
15052, 15044
15053, 15044
15026, 15045
15027, 15045
15031, 15045
15032, 15045
15029, 15046
15034, 15046
15041, 15046
15050, 15046
15042, 15047
15048, 15047
15051, 15047
15043, 15048
15047, 15048
15052, 15048
15028, 15049
15033, 15049
15041, 15049
15050, 15049
15037, 15050
15040, 15050
15046, 15050
15049, 15050
15030, 15051
15035, 15051
15038, 15051
15047, 15051
15039, 15052
15044, 15052
15048, 15052
15053, 15052
15043, 15053
15044, 15053
15052, 15053
