14529, 14527
14531, 14527
14533, 14527
14540, 14527
14529, 14528
14531, 14528
14533, 14528
14540, 14528
14541, 14528
14547, 14528
14527, 14529
14528, 14529
14531, 14529
14547, 14529
14548, 14529
14538, 14530
14545, 14530
14551, 14530
14552, 14530
14527, 14531
14528, 14531
14529, 14531
14554, 14531
14555, 14531
14533, 14532
14527, 14533
14528, 14533
14532, 14533
14534, 14533
14533, 14534
14535, 14534
14534, 14535
14536, 14535
14535, 14536
14537, 14536
14536, 14537
14538, 14537
14530, 14538
14537, 14538
14559, 14538
14540, 14539
14527, 14540
14528, 14540
14539, 14540
14528, 14541
14542, 14541
14541, 14542
14543, 14542
14542, 14543
14544, 14543
14543, 14544
14545, 14544
14530, 14545
14544, 14545
14559, 14545
14547, 14546
14528, 14547
14529, 14547
14546, 14547
14529, 14548
14549, 14548
14548, 14549
14550, 14549
14549, 14550
14551, 14550
14530, 14551
14550, 14551
14530, 14552
14559, 14552
14554, 14553
14531, 14554
14553, 14554
14531, 14555
14556, 14555
14555, 14556
14557, 14556
14556, 14557
14558, 14557
14557, 14558
14559, 14558
14538, 14559
14545, 14559
14552, 14559
14558, 14559
