6.000000,  7.698526, 16.850000,  0.810000,  0.799000, 48.500000,  3.000000,  1.000000,  2.000000,  0.000000,  5.000000,  1.000000,  2.000000,  3.000000,  1.000000,  2.000000,  2.000000,  2.000000, 1, 0, 0
5.000000,  6.276164, 14.720000,  3.200000,  0.689000, 32.000000,  2.000000,  3.000000,  0.000000,  0.000000,  2.000000,  3.000000,  3.000000,  2.000000,  0.000000,  1.000000,  4.000000,  0.000000, 1, 0, 0
7.000000, 10.278948, 32.750000,  3.800000,  1.543000, 51.700000,  1.000000,  2.000000,  4.000000,  1.000000,  3.000000,  3.000000,  4.000000,  1.000000,  2.000000,  1.000000,  2.000000,  4.000000, 1, 0, 0
6.000000,  8.651133, 15.120000, -4.320000,  0.604000, 66.800000,  4.000000,  2.000000,  0.000000,  4.000000,  2.000000,  0.000000,  0.000000,  2.000000,  4.000000,  4.000000,  2.000000,  0.000000, 1, 0, 0
7.000000, 11.341170, 21.820000, -1.010000,  0.977000, 63.900000,  3.000000,  3.000000,  1.000000,  3.000000,  2.000000,  2.000000,  2.000000,  2.000000,  3.000000,  2.000000,  4.000000,  1.000000, 1, 0, 0
5.000000,  7.329243,  0.000000,  0.000000,  0.000000,  0.000000,  0.000000,  0.000000,  0.000000,  0.000000,  0.000000,  0.000000,  0.000000,  0.000000,  0.000000,  0.000000,  0.000000,  0.000000, 1, 0, 0
5.000000,  7.694858,  0.000000,  0.000000,  0.000000,  0.000000,  0.000000,  0.000000,  0.000000,  0.000000,  0.000000,  0.000000,  0.000000,  0.000000,  0.000000,  0.000000,  0.000000,  0.000000, 1, 0, 0
6.000000,  8.873518,  0.000000,  0.000000,  0.000000,  0.000000,  0.000000,  0.000000,  0.000000,  0.000000,  0.000000,  0.000000,  0.000000,  0.000000,  0.000000,  0.000000,  0.000000,  0.000000, 1, 0, 0
5.000000,  7.893540,  0.000000,  0.000000,  0.000000,  0.000000,  0.000000,  0.000000,  0.000000,  0.000000,  0.000000,  0.000000,  0.000000,  0.000000,  0.000000,  0.000000,  0.000000,  0.000000, 1, 0, 0
5.000000,  7.258676,  0.000000,  0.000000,  0.000000,  0.000000,  0.000000,  0.000000,  0.000000,  0.000000,  0.000000,  0.000000,  0.000000,  0.000000,  0.000000,  0.000000,  0.000000,  0.000000, 1, 0, 0
7.000000, 10.886522,  0.000000,  0.000000,  0.000000,  0.000000,  0.000000,  0.000000,  0.000000,  0.000000,  0.000000,  0.000000,  0.000000,  0.000000,  0.000000,  0.000000,  0.000000,  0.000000, 1, 0, 0
5.000000,  7.883969,  0.000000,  0.000000,  0.000000,  0.000000,  0.000000,  0.000000,  0.000000,  0.000000,  0.000000,  0.000000,  0.000000,  0.000000,  0.000000,  0.000000,  0.000000,  0.000000, 1, 0, 0
7.000000, 10.149730,  0.000000,  0.000000,  0.000000,  0.000000,  0.000000,  0.000000,  0.000000,  0.000000,  0.000000,  0.000000,  0.000000,  0.000000,  0.000000,  0.000000,  0.000000,  0.000000, 1, 0, 0
4.000000,  5.204552,  0.000000,  0.000000,  0.000000,  0.000000,  0.000000,  0.000000,  0.000000,  0.000000,  0.000000,  0.000000,  0.000000,  0.000000,  0.000000,  0.000000,  0.000000,  0.000000, 1, 0, 0
5.000000, 14.135704, 17.220000, -1.510000,  0.775000, 48.700000,  2.000000,  2.000000,  1.000000,  3.000000,  1.000000,  1.000000,  1.000000,  1.000000,  3.000000,  1.000000,  3.000000,  1.000000, 0, 1, 0
5.000000, 13.964148, 19.910000,  1.950000,  0.908000, 39.200000,  1.000000,  3.000000,  1.000000,  2.000000,  0.000000,  3.000000,  3.000000,  0.000000,  2.000000,  1.000000,  3.000000,  1.000000, 0, 1, 0
6.000000, 16.497515, 19.050000, -4.470000,  0.860000, 59.100000,  3.000000,  1.000000,  2.000000,  3.000000,  3.000000,  0.000000,  0.000000,  3.000000,  3.000000,  3.000000,  1.000000,  2.000000, 0, 1, 0
7.000000, 19.722439, 23.970000,  3.000000,  1.133000, 54.800000,  2.000000,  3.000000,  2.000000,  2.000000,  2.000000,  3.000000,  3.000000,  2.000000,  2.000000,  2.000000,  3.000000,  2.000000, 0, 1, 0
7.000000, 18.882585, 31.670000, -2.120000,  1.476000, 65.900000,  2.000000,  2.000000,  3.000000,  4.000000,  2.000000,  1.000000,  1.000000,  2.000000,  4.000000,  2.000000,  2.000000,  3.000000, 0, 1, 0
5.000000, 12.642168, 18.680000, -0.820000,  0.847000, 48.100000,  1.000000,  2.000000,  2.000000,  3.000000,  1.000000,  1.000000,  1.000000,  1.000000,  3.000000,  1.000000,  2.000000,  2.000000, 0, 1, 0
6.000000, 16.914095, 20.630000, -2.380000,  0.945000, 54.300000,  2.000000,  3.000000,  1.000000,  3.000000,  2.000000,  1.000000,  1.000000,  2.000000,  3.000000,  2.000000,  3.000000,  1.000000, 0, 1, 0
6.000000, 16.374288, 12.270000, -2.040000,  0.549000, 52.900000,  5.000000,  0.000000,  1.000000,  1.000000,  4.000000,  1.000000,  1.000000,  4.000000,  1.000000,  5.000000,  0.000000,  1.000000, 0, 1, 0
2.000000,  3.810321,  7.780000,  0.000000,  0.337000, 17.200000,  0.000000,  2.000000,  0.000000,  1.000000,  0.000000,  1.000000,  1.000000,  0.000000,  1.000000,  0.000000,  2.000000,  0.000000, 0, 1, 0
2.000000,  3.800891,  2.780000, -1.840000,  0.105000, 22.000000,  2.000000,  0.000000,  0.000000,  1.000000,  1.000000,  0.000000,  0.000000,  1.000000,  1.000000,  2.000000,  0.000000,  0.000000, 0, 1, 0
2.000000,  3.781908,  7.950000,  0.710000,  0.366000, 15.700000,  0.000000,  2.000000,  0.000000,  1.000000,  0.000000,  1.000000,  1.000000,  0.000000,  1.000000,  0.000000,  2.000000,  0.000000, 0, 1, 0
2.000000,  3.815186,  0.000000,  0.000000,  0.000000,  0.000000,  0.000000,  0.000000,  0.000000,  0.000000,  0.000000,  0.000000,  0.000000,  0.000000,  0.000000,  0.000000,  0.000000,  0.000000, 0, 1, 0
5.000000, 12.555236,  0.000000,  0.000000,  0.000000,  0.000000,  0.000000,  0.000000,  0.000000,  0.000000,  0.000000,  0.000000,  0.000000,  0.000000,  0.000000,  0.000000,  0.000000,  0.000000, 0, 1, 0
4.000000,  9.439304,  0.000000,  0.000000,  0.000000,  0.000000,  0.000000,  0.000000,  0.000000,  0.000000,  0.000000,  0.000000,  0.000000,  0.000000,  0.000000,  0.000000,  0.000000,  0.000000, 0, 1, 0
7.000000, 20.336948,  0.000000,  0.000000,  0.000000,  0.000000,  0.000000,  0.000000,  0.000000,  0.000000,  0.000000,  0.000000,  0.000000,  0.000000,  0.000000,  0.000000,  0.000000,  0.000000, 0, 1, 0
10.000000, 29.683341,  0.000000,  0.000000,  0.000000,  0.000000,  0.000000,  0.000000,  0.000000,  0.000000,  0.000000,  0.000000,  0.000000,  0.000000,  0.000000,  0.000000,  0.000000,  0.000000, 0, 1, 0
4.000000, 10.552926,  0.000000,  0.000000,  0.000000,  0.000000,  0.000000,  0.000000,  0.000000,  0.000000,  0.000000,  0.000000,  0.000000,  0.000000,  0.000000,  0.000000,  0.000000,  0.000000, 0, 1, 0
4.000000,  9.564746,  0.000000,  0.000000,  0.000000,  0.000000,  0.000000,  0.000000,  0.000000,  0.000000,  0.000000,  0.000000,  0.000000,  0.000000,  0.000000,  0.000000,  0.000000,  0.000000, 0, 1, 0
7.000000, 19.753121,  0.000000,  0.000000,  0.000000,  0.000000,  0.000000,  0.000000,  0.000000,  0.000000,  0.000000,  0.000000,  0.000000,  0.000000,  0.000000,  0.000000,  0.000000,  0.000000, 0, 1, 0
7.000000, 20.052938,  0.000000,  0.000000,  0.000000,  0.000000,  0.000000,  0.000000,  0.000000,  0.000000,  0.000000,  0.000000,  0.000000,  0.000000,  0.000000,  0.000000,  0.000000,  0.000000, 0, 1, 0
5.000000, 13.506131,  0.000000,  0.000000,  0.000000,  0.000000,  0.000000,  0.000000,  0.000000,  0.000000,  0.000000,  0.000000,  0.000000,  0.000000,  0.000000,  0.000000,  0.000000,  0.000000, 0, 1, 0
5.000000, 14.323491,  0.000000,  0.000000,  0.000000,  0.000000,  0.000000,  0.000000,  0.000000,  0.000000,  0.000000,  0.000000,  0.000000,  0.000000,  0.000000,  0.000000,  0.000000,  0.000000, 0, 1, 0
7.000000, 20.336948,  0.000000,  0.000000,  0.000000,  0.000000,  0.000000,  0.000000,  0.000000,  0.000000,  0.000000,  0.000000,  0.000000,  0.000000,  0.000000,  0.000000,  0.000000,  0.000000, 0, 1, 0
10.000000, 29.683341,  0.000000,  0.000000,  0.000000,  0.000000,  0.000000,  0.000000,  0.000000,  0.000000,  0.000000,  0.000000,  0.000000,  0.000000,  0.000000,  0.000000,  0.000000,  0.000000, 0, 1, 0
3.000000,  6.673561,  0.000000,  0.000000,  0.000000,  0.000000,  0.000000,  0.000000,  0.000000,  0.000000,  0.000000,  0.000000,  0.000000,  0.000000,  0.000000,  0.000000,  0.000000,  0.000000, 0, 1, 0
3.000000,  6.332231,  0.000000,  0.000000,  0.000000,  0.000000,  0.000000,  0.000000,  0.000000,  0.000000,  0.000000,  0.000000,  0.000000,  0.000000,  0.000000,  0.000000,  0.000000,  0.000000, 0, 1, 0
3.000000,  6.847250,  0.000000,  0.000000,  0.000000,  0.000000,  0.000000,  0.000000,  0.000000,  0.000000,  0.000000,  0.000000,  0.000000,  0.000000,  0.000000,  0.000000,  0.000000,  0.000000, 0, 1, 0
