9765, 9764
9766, 9764
9773, 9764
9764, 9765
9766, 9765
9767, 9765
9774, 9765
9777, 9765
9764, 9766
9765, 9766
9767, 9766
9768, 9766
9776, 9766
9777, 9766
9765, 9767
9766, 9767
9768, 9767
9769, 9767
9775, 9767
9782, 9767
9766, 9768
9767, 9768
9769, 9768
9779, 9768
9782, 9768
9767, 9769
9768, 9769
9783, 9769
9786, 9769
9771, 9770
9772, 9770
9773, 9770
9774, 9770
9770, 9771
9772, 9771
9773, 9771
9774, 9771
9770, 9772
9771, 9772
9773, 9772
9774, 9772
9764, 9773
9770, 9773
9771, 9773
9772, 9773
9765, 9774
9770, 9774
9771, 9774
9772, 9774
9776, 9774
9777, 9774
9767, 9775
9776, 9775
9777, 9775
9782, 9775
9766, 9776
9774, 9776
9775, 9776
9777, 9776
9765, 9777
9766, 9777
9774, 9777
9775, 9777
9776, 9777
9784, 9778
9785, 9778
9787, 9778
9768, 9779
9780, 9779
9781, 9779
9782, 9779
9779, 9780
9781, 9780
9782, 9780
9783, 9780
9779, 9781
9780, 9781
9783, 9781
9767, 9782
9768, 9782
9775, 9782
9779, 9782
9780, 9782
9769, 9783
9780, 9783
9781, 9783
9786, 9783
9778, 9784
9785, 9784
9786, 9784
9787, 9784
9778, 9785
9784, 9785
9786, 9785
9787, 9785
9769, 9786
9783, 9786
9784, 9786
9785, 9786
9778, 9787
9784, 9787
9785, 9787
