13859, 13858
13868, 13858
13879, 13858
13858, 13859
13878, 13859
13883, 13859
13884, 13859
13861, 13860
13862, 13860
13871, 13860
13877, 13860
13860, 13861
13862, 13861
13863, 13861
13860, 13862
13861, 13862
13863, 13862
13864, 13862
13869, 13862
13861, 13863
13862, 13863
13864, 13863
13862, 13864
13863, 13864
13865, 13864
13864, 13865
13866, 13865
13887, 13865
13899, 13865
13865, 13866
13867, 13866
13887, 13866
13899, 13866
13866, 13867
13881, 13867
13887, 13867
13899, 13867
13858, 13868
13879, 13868
13895, 13868
13896, 13868
13862, 13869
13870, 13869
13871, 13869
13889, 13869
13869, 13870
13871, 13870
13872, 13870
13860, 13871
13869, 13871
13870, 13871
13872, 13871
13873, 13871
13870, 13872
13871, 13872
13873, 13872
13871, 13873
13872, 13873
13874, 13873
13875, 13873
13876, 13873
13873, 13874
13875, 13874
13876, 13874
13873, 13875
13874, 13875
13876, 13875
13899, 13875
13873, 13876
13874, 13876
13875, 13876
13893, 13876
13899, 13876
13860, 13877
13882, 13877
13859, 13878
13882, 13878
13883, 13878
13858, 13879
13868, 13879
13884, 13879
13881, 13880
13885, 13880
13886, 13880
13893, 13880
13897, 13880
13867, 13881
13880, 13881
13885, 13881
13877, 13882
13878, 13882
13859, 13883
13878, 13883
13859, 13884
13879, 13884
13880, 13885
13881, 13885
13892, 13885
13893, 13885
13880, 13886
13888, 13886
13900, 13886
13865, 13887
13866, 13887
13867, 13887
13886, 13888
13898, 13888
13900, 13888
13869, 13889
13894, 13889
13894, 13890
13895, 13890
13896, 13891
13885, 13892
13897, 13892
13898, 13892
13876, 13893
13880, 13893
13885, 13893
13897, 13893
13889, 13894
13890, 13894
13868, 13895
13890, 13895
13868, 13896
13891, 13896
13880, 13897
13892, 13897
13893, 13897
13888, 13898
13892, 13898
13900, 13898
13865, 13899
13866, 13899
13867, 13899
13875, 13899
13876, 13899
13886, 13900
13888, 13900
13898, 13900
