15930, 15909
15945, 15909
15960, 15909
15936, 15910
15942, 15910
15951, 15910
15941, 15911
15943, 15911
15956, 15911
15971, 15911
15938, 15912
15940, 15912
15953, 15912
15968, 15912
15914, 15913
15915, 15913
15928, 15913
15934, 15913
15949, 15913
15913, 15914
15915, 15914
15913, 15915
15914, 15915
15928, 15915
15930, 15916
15945, 15916
15918, 15917
15925, 15917
15936, 15917
15951, 15917
15957, 15917
15917, 15918
15941, 15918
15956, 15918
15958, 15918
15938, 15919
15953, 15919
15955, 15919
15921, 15920
15922, 15920
15949, 15920
15920, 15921
15922, 15921
15927, 15921
15929, 15921
15920, 15922
15921, 15922
15927, 15922
15930, 15923
15945, 15923
15960, 15923
15925, 15924
15936, 15924
15942, 15924
15966, 15924
15972, 15924
15917, 15925
15924, 15925
15941, 15925
15971, 15925
15973, 15925
15938, 15926
15968, 15926
15970, 15926
15921, 15927
15922, 15927
15928, 15927
15929, 15927
15964, 15927
15913, 15928
15915, 15928
15927, 15928
15929, 15928
15921, 15929
15927, 15929
15928, 15929
15909, 15930
15916, 15930
15923, 15930
15931, 15930
15930, 15931
15935, 15931
15945, 15931
15950, 15931
15960, 15931
15965, 15931
15935, 15932
15937, 15932
15939, 15933
15944, 15933
15913, 15934
15940, 15934
15955, 15934
15970, 15934
15931, 15935
15932, 15935
15946, 15935
15961, 15935
15910, 15936
15917, 15936
15924, 15936
15937, 15936
15952, 15936
15967, 15936
15932, 15937
15936, 15937
15947, 15937
15951, 15937
15962, 15937
15966, 15937
15912, 15938
15919, 15938
15926, 15938
15939, 15938
15954, 15938
15969, 15938
15933, 15939
15938, 15939
15912, 15940
15934, 15940
15949, 15940
15964, 15940
15911, 15941
15918, 15941
15925, 15941
15942, 15941
15957, 15941
15972, 15941
15910, 15942
15924, 15942
15941, 15942
15956, 15942
15971, 15942
15911, 15943
15944, 15943
15959, 15943
15974, 15943
15933, 15944
15943, 15944
15948, 15944
15958, 15944
15963, 15944
15973, 15944
15974, 15944
15909, 15945
15916, 15945
15923, 15945
15931, 15945
15946, 15945
15935, 15946
15945, 15946
15950, 15946
15937, 15947
15950, 15947
15944, 15948
15954, 15948
15959, 15948
15913, 15949
15920, 15949
15940, 15949
15955, 15949
15931, 15950
15946, 15950
15947, 15950
15910, 15951
15917, 15951
15937, 15951
15952, 15951
15936, 15952
15951, 15952
15912, 15953
15919, 15953
15954, 15953
15938, 15954
15948, 15954
15953, 15954
15919, 15955
15934, 15955
15949, 15955
15911, 15956
15918, 15956
15942, 15956
15957, 15956
15917, 15957
15941, 15957
15956, 15957
15918, 15958
15944, 15958
15959, 15958
15943, 15959
15948, 15959
15958, 15959
15974, 15959
15909, 15960
15923, 15960
15931, 15960
15961, 15960
15935, 15961
15960, 15961
15965, 15961
15937, 15962
15965, 15962
15944, 15963
15969, 15963
15974, 15963
15927, 15964
15940, 15964
15970, 15964
15931, 15965
15961, 15965
15962, 15965
15924, 15966
15937, 15966
15967, 15966
15936, 15967
15966, 15967
15912, 15968
15926, 15968
15969, 15968
15938, 15969
15963, 15969
15968, 15969
15926, 15970
15934, 15970
15964, 15970
15911, 15971
15925, 15971
15942, 15971
15972, 15971
15924, 15972
15941, 15972
15971, 15972
15925, 15973
15944, 15973
15974, 15973
15943, 15974
15944, 15974
15959, 15974
15963, 15974
15973, 15974
