11594, 11593
11603, 11593
11593, 11594
11595, 11594
11602, 11594
11604, 11594
11594, 11595
11596, 11595
11603, 11595
11605, 11595
11595, 11596
11597, 11596
11604, 11596
11605, 11596
11609, 11596
11596, 11597
11598, 11597
11609, 11597
11611, 11597
11597, 11598
11599, 11598
11606, 11598
11607, 11598
11610, 11598
11598, 11599
11600, 11599
11601, 11599
11607, 11599
11608, 11599
11599, 11600
11601, 11600
11606, 11600
11599, 11601
11600, 11601
11608, 11601
11594, 11602
11603, 11602
11593, 11603
11595, 11603
11602, 11603
11604, 11603
11594, 11604
11596, 11604
11603, 11604
11605, 11604
11595, 11605
11596, 11605
11604, 11605
11612, 11605
11598, 11606
11600, 11606
11607, 11606
11613, 11606
11598, 11607
11599, 11607
11606, 11607
11608, 11607
11599, 11608
11601, 11608
11607, 11608
11596, 11609
11597, 11609
11611, 11609
11614, 11609
11598, 11610
11611, 11610
11614, 11610
11597, 11611
11609, 11611
11610, 11611
11612, 11611
11613, 11611
11614, 11611
11605, 11612
11611, 11612
11614, 11612
11606, 11613
11611, 11613
11614, 11613
11609, 11614
11610, 11614
11611, 11614
11612, 11614
11613, 11614
