16510, 16509
16524, 16509
16525, 16509
16509, 16510
16511, 16510
16512, 16510
16526, 16510
16510, 16511
16512, 16511
16513, 16511
16524, 16511
16525, 16511
16526, 16511
16528, 16511
16510, 16512
16511, 16512
16513, 16512
16514, 16512
16528, 16512
16511, 16513
16512, 16513
16514, 16513
16528, 16513
16533, 16513
16512, 16514
16513, 16514
16515, 16514
16533, 16514
16534, 16514
16514, 16515
16516, 16515
16517, 16515
16532, 16515
16536, 16515
16515, 16516
16517, 16516
16518, 16516
16531, 16516
16538, 16516
16515, 16517
16516, 16517
16518, 16517
16519, 16517
16530, 16517
16531, 16517
16516, 16518
16517, 16518
16519, 16518
16520, 16518
16529, 16518
16530, 16518
16517, 16519
16518, 16519
16520, 16519
16521, 16519
16529, 16519
16518, 16520
16519, 16520
16521, 16520
16529, 16520
16519, 16521
16520, 16521
16522, 16521
16542, 16521
16521, 16522
16523, 16522
16527, 16522
16541, 16522
16522, 16523
16544, 16523
16545, 16523
16509, 16524
16511, 16524
16525, 16524
16526, 16524
16509, 16525
16511, 16525
16524, 16525
16526, 16525
16510, 16526
16511, 16526
16524, 16526
16525, 16526
16522, 16527
16541, 16527
16544, 16527
16545, 16527
16511, 16528
16512, 16528
16513, 16528
16533, 16528
16518, 16529
16519, 16529
16520, 16529
16530, 16529
16531, 16529
16517, 16530
16518, 16530
16529, 16530
16531, 16530
16516, 16531
16517, 16531
16529, 16531
16530, 16531
16537, 16531
16538, 16531
16515, 16532
16535, 16532
16536, 16532
16537, 16532
16538, 16532
16513, 16533
16514, 16533
16528, 16533
16534, 16533
16535, 16533
16514, 16534
16533, 16534
16535, 16534
16536, 16534
16532, 16535
16533, 16535
16534, 16535
16536, 16535
16515, 16536
16532, 16536
16534, 16536
16535, 16536
16531, 16537
16532, 16537
16538, 16537
16516, 16538
16531, 16538
16532, 16538
16537, 16538
16540, 16539
16542, 16539
16543, 16539
16539, 16540
16541, 16540
16542, 16540
16543, 16540
16522, 16541
16527, 16541
16540, 16541
16543, 16541
16544, 16541
16545, 16541
16521, 16542
16539, 16542
16540, 16542
16543, 16542
16539, 16543
16540, 16543
16541, 16543
16542, 16543
16523, 16544
16527, 16544
16541, 16544
16545, 16544
16523, 16545
16527, 16545
16541, 16545
16544, 16545
