18877, 18876
18878, 18876
18891, 18876
18876, 18877
18878, 18877
18879, 18877
18907, 18877
18876, 18878
18877, 18878
18879, 18878
18908, 18878
18877, 18879
18878, 18879
18880, 18879
18908, 18879
18909, 18879
18879, 18880
18881, 18880
18882, 18880
18909, 18880
18910, 18880
18880, 18881
18882, 18881
18883, 18881
18897, 18881
18910, 18881
18880, 18882
18881, 18882
18883, 18882
18911, 18882
18881, 18883
18882, 18883
18884, 18883
18911, 18883
18912, 18883
18883, 18884
18885, 18884
18886, 18884
18905, 18884
18912, 18884
18884, 18885
18886, 18885
18887, 18885
18905, 18885
18884, 18886
18885, 18886
18887, 18886
18885, 18887
18886, 18887
18888, 18887
18887, 18888
18889, 18888
18904, 18888
18888, 18889
18903, 18889
18904, 18889
18891, 18890
18892, 18890
18893, 18890
18914, 18890
18915, 18890
18876, 18891
18890, 18891
18892, 18891
18893, 18891
18915, 18891
18890, 18892
18891, 18892
18893, 18892
18894, 18892
18890, 18893
18891, 18893
18892, 18893
18894, 18893
18916, 18893
18892, 18894
18893, 18894
18895, 18894
18916, 18894
18917, 18894
18894, 18895
18896, 18895
18897, 18895
18917, 18895
18918, 18895
18895, 18896
18897, 18896
18898, 18896
18918, 18896
18881, 18897
18895, 18897
18896, 18897
18898, 18897
18919, 18897
18896, 18898
18897, 18898
18899, 18898
18919, 18898
18920, 18898
18898, 18899
18900, 18899
18901, 18899
18913, 18899
18920, 18899
18899, 18900
18901, 18900
18902, 18900
18913, 18900
18899, 18901
18900, 18901
18902, 18901
18900, 18902
18901, 18902
18903, 18902
18889, 18903
18902, 18903
18904, 18903
18888, 18904
18889, 18904
18903, 18904
18884, 18905
18885, 18905
18912, 18905
18920, 18905
18907, 18906
18915, 18906
18877, 18907
18906, 18907
18908, 18907
18914, 18907
18878, 18908
18879, 18908
18907, 18908
18909, 18908
18915, 18908
18917, 18908
18879, 18909
18880, 18909
18908, 18909
18916, 18909
18880, 18910
18881, 18910
18911, 18910
18919, 18910
18882, 18911
18883, 18911
18910, 18911
18912, 18911
18918, 18911
18920, 18911
18883, 18912
18884, 18912
18905, 18912
18911, 18912
18913, 18912
18919, 18912
18920, 18912
18899, 18913
18900, 18913
18912, 18913
18920, 18913
18890, 18914
18907, 18914
18915, 18914
18890, 18915
18891, 18915
18906, 18915
18908, 18915
18914, 18915
18893, 18916
18894, 18916
18909, 18916
18917, 18916
18894, 18917
18895, 18917
18908, 18917
18916, 18917
18895, 18918
18896, 18918
18911, 18918
18919, 18918
18897, 18919
18898, 18919
18910, 18919
18912, 18919
18918, 18919
18920, 18919
18898, 18920
18899, 18920
18905, 18920
18911, 18920
18912, 18920
18913, 18920
18919, 18920
