19075, 19074
19076, 19074
19085, 19074
19074, 19075
19076, 19075
19077, 19075
19089, 19075
19074, 19076
19075, 19076
19077, 19076
19091, 19076
19075, 19077
19076, 19077
19094, 19077
19095, 19077
19096, 19077
19079, 19078
19080, 19078
19090, 19078
19092, 19078
19078, 19079
19080, 19079
19081, 19079
19082, 19079
19090, 19079
19078, 19080
19079, 19080
19081, 19080
19082, 19080
19079, 19081
19080, 19081
19082, 19081
19083, 19081
19084, 19081
19079, 19082
19080, 19082
19081, 19082
19083, 19082
19084, 19082
19081, 19083
19082, 19083
19084, 19083
19097, 19083
19081, 19084
19082, 19084
19083, 19084
19097, 19084
19098, 19084
19074, 19085
19086, 19085
19087, 19085
19088, 19085
19085, 19086
19087, 19086
19088, 19086
19089, 19086
19091, 19086
19095, 19086
19085, 19087
19086, 19087
19088, 19087
19089, 19087
19085, 19088
19086, 19088
19087, 19088
19075, 19089
19086, 19089
19087, 19089
19091, 19089
19078, 19090
19079, 19090
19092, 19090
19093, 19090
19076, 19091
19086, 19091
19089, 19091
19095, 19091
19096, 19091
19078, 19092
19090, 19092
19093, 19092
19090, 19093
19092, 19093
19094, 19093
19077, 19094
19093, 19094
19095, 19094
19096, 19094
19077, 19095
19086, 19095
19091, 19095
19094, 19095
19096, 19095
19077, 19096
19091, 19096
19094, 19096
19095, 19096
19083, 19097
19084, 19097
19098, 19097
19099, 19097
19100, 19097
19084, 19098
19097, 19098
19099, 19098
19100, 19098
19097, 19099
19098, 19099
19100, 19099
19097, 19100
19098, 19100
19099, 19100
