12701, 12700
12703, 12700
12708, 12700
12700, 12701
12703, 12701
12704, 12701
12708, 12701
12706, 12702
12707, 12702
12710, 12702
12700, 12703
12701, 12703
12704, 12703
12708, 12703
12709, 12703
12701, 12704
12703, 12704
12705, 12704
12706, 12704
12708, 12704
12709, 12704
12704, 12705
12706, 12705
12707, 12705
12709, 12705
12702, 12706
12704, 12706
12705, 12706
12707, 12706
12710, 12706
12702, 12707
12705, 12707
12706, 12707
12710, 12707
12700, 12708
12701, 12708
12703, 12708
12704, 12708
12703, 12709
12704, 12709
12705, 12709
12702, 12710
12706, 12710
12707, 12710
