14451, 14450
14453, 14450
14460, 14450
14450, 14451
14453, 14451
14460, 14451
14453, 14452
14460, 14452
14450, 14453
14451, 14453
14452, 14453
14460, 14453
14465, 14453
14455, 14454
14461, 14454
14462, 14454
14465, 14454
14466, 14454
14454, 14455
14456, 14455
14457, 14455
14459, 14455
14462, 14455
14463, 14455
14455, 14456
14458, 14456
14459, 14456
14463, 14456
14464, 14456
14468, 14456
14469, 14456
14455, 14457
14465, 14457
14466, 14457
14467, 14457
14456, 14458
14459, 14458
14467, 14458
14468, 14458
14455, 14459
14456, 14459
14458, 14459
14468, 14459
14469, 14459
14450, 14460
14451, 14460
14452, 14460
14453, 14460
14461, 14460
14467, 14460
14454, 14461
14460, 14461
14462, 14461
14463, 14461
14467, 14461
14454, 14462
14455, 14462
14461, 14462
14464, 14462
14455, 14463
14456, 14463
14461, 14463
14464, 14463
14467, 14463
14456, 14464
14462, 14464
14463, 14464
14467, 14464
14453, 14465
14454, 14465
14457, 14465
14466, 14465
14454, 14466
14457, 14466
14465, 14466
14457, 14467
14458, 14467
14460, 14467
14461, 14467
14463, 14467
14464, 14467
14469, 14467
14456, 14468
14458, 14468
14459, 14468
14469, 14468
14456, 14469
14459, 14469
14467, 14469
14468, 14469
