15450, 15449
15469, 15449
15470, 15449
15449, 15450
15451, 15450
15469, 15450
15470, 15450
15450, 15451
15470, 15451
15471, 15451
15453, 15452
15454, 15452
15455, 15452
15471, 15452
15452, 15453
15454, 15453
15455, 15453
15452, 15454
15453, 15454
15455, 15454
15456, 15454
15472, 15454
15452, 15455
15453, 15455
15454, 15455
15456, 15455
15457, 15455
15472, 15455
15454, 15456
15455, 15456
15457, 15456
15472, 15456
15455, 15457
15456, 15457
15472, 15457
15473, 15457
15474, 15457
15459, 15458
15460, 15458
15461, 15458
15473, 15458
15474, 15458
15458, 15459
15460, 15459
15461, 15459
15474, 15459
15458, 15460
15459, 15460
15461, 15460
15462, 15460
15463, 15460
15458, 15461
15459, 15461
15460, 15461
15462, 15461
15463, 15461
15460, 15462
15461, 15462
15463, 15462
15468, 15462
15460, 15463
15461, 15463
15462, 15463
15468, 15463
15465, 15464
15468, 15464
15475, 15464
15464, 15465
15468, 15465
15475, 15465
15476, 15465
15467, 15466
15477, 15466
15479, 15466
15481, 15466
15466, 15467
15477, 15467
15479, 15467
15462, 15468
15463, 15468
15464, 15468
15465, 15468
15449, 15469
15450, 15469
15470, 15469
15449, 15470
15450, 15470
15451, 15470
15469, 15470
15471, 15470
15451, 15471
15452, 15471
15470, 15471
15454, 15472
15455, 15472
15456, 15472
15457, 15472
15473, 15472
15457, 15473
15458, 15473
15472, 15473
15474, 15473
15457, 15474
15458, 15474
15459, 15474
15473, 15474
15464, 15475
15465, 15475
15476, 15475
15478, 15475
15480, 15475
15465, 15476
15475, 15476
15478, 15476
15480, 15476
15466, 15477
15467, 15477
15479, 15477
15481, 15477
15475, 15478
15476, 15478
15480, 15478
15466, 15479
15467, 15479
15477, 15479
15480, 15479
15481, 15479
15475, 15480
15476, 15480
15478, 15480
15479, 15480
15481, 15480
15466, 15481
15477, 15481
15479, 15481
15480, 15481
