16724, 16722
16757, 16722
16724, 16723
16725, 16723
16744, 16723
16757, 16723
16722, 16724
16723, 16724
16725, 16724
16756, 16724
16723, 16725
16724, 16725
16726, 16725
16755, 16725
16756, 16725
16725, 16726
16727, 16726
16755, 16726
16759, 16726
16726, 16727
16759, 16727
16760, 16727
16738, 16728
16760, 16728
16761, 16728
16761, 16729
16762, 16729
16731, 16730
16732, 16730
16758, 16730
16762, 16730
16770, 16730
16778, 16730
16730, 16731
16732, 16731
16752, 16731
16754, 16731
16758, 16731
16730, 16732
16731, 16732
16758, 16732
16757, 16733
16765, 16733
16773, 16733
16735, 16734
16757, 16734
16765, 16734
16734, 16735
16757, 16735
16764, 16735
16765, 16735
16773, 16735
16755, 16736
16756, 16736
16763, 16736
16764, 16736
16771, 16736
16772, 16736
16755, 16737
16763, 16737
16767, 16737
16771, 16737
16728, 16738
16739, 16738
16767, 16738
16768, 16738
16738, 16739
16740, 16739
16751, 16739
16768, 16739
16769, 16739
16739, 16740
16769, 16740
16770, 16740
16762, 16741
16766, 16741
16770, 16741
16743, 16742
16758, 16742
16766, 16742
16774, 16742
16742, 16743
16758, 16743
16766, 16743
16723, 16744
16745, 16744
16746, 16744
16773, 16744
16744, 16745
16746, 16745
16747, 16745
16773, 16745
16744, 16746
16745, 16746
16747, 16746
16772, 16746
16745, 16747
16746, 16747
16748, 16747
16771, 16747
16772, 16747
16747, 16748
16749, 16748
16771, 16748
16775, 16748
16748, 16749
16750, 16749
16775, 16749
16776, 16749
16749, 16750
16776, 16750
16777, 16750
16739, 16751
16777, 16751
16778, 16751
16731, 16752
16753, 16752
16754, 16752
16774, 16752
16778, 16752
16752, 16753
16754, 16753
16774, 16753
16731, 16754
16752, 16754
16753, 16754
16725, 16755
16726, 16755
16736, 16755
16737, 16755
16724, 16756
16725, 16756
16736, 16756
16722, 16757
16723, 16757
16733, 16757
16734, 16757
16735, 16757
16730, 16758
16731, 16758
16732, 16758
16742, 16758
16743, 16758
16726, 16759
16727, 16759
16760, 16759
16768, 16759
16776, 16759
16727, 16760
16728, 16760
16759, 16760
16761, 16760
16767, 16760
16769, 16760
16775, 16760
16777, 16760
16728, 16761
16729, 16761
16760, 16761
16729, 16762
16730, 16762
16741, 16762
16778, 16762
16736, 16763
16737, 16763
16735, 16764
16736, 16764
16733, 16765
16734, 16765
16735, 16765
16741, 16766
16742, 16766
16743, 16766
16737, 16767
16738, 16767
16760, 16767
16738, 16768
16739, 16768
16759, 16768
16739, 16769
16740, 16769
16760, 16769
16730, 16770
16740, 16770
16741, 16770
16778, 16770
16736, 16771
16737, 16771
16747, 16771
16748, 16771
16736, 16772
16746, 16772
16747, 16772
16733, 16773
16735, 16773
16744, 16773
16745, 16773
16742, 16774
16752, 16774
16753, 16774
16748, 16775
16749, 16775
16760, 16775
16749, 16776
16750, 16776
16759, 16776
16750, 16777
16751, 16777
16760, 16777
16730, 16778
16751, 16778
16752, 16778
16762, 16778
16770, 16778
