14.000000, 20.441222, 42.040000, -2.480000,  1.912000,121.300000,  7.000000,  4.000000,  3.000000,  4.000000,  7.000000,  3.000000,  3.000000,  7.000000,  4.000000,  6.000000,  5.000000,  3.000000, 1, 0, 0
5.000000,  7.827803, 21.240000, -0.100000,  0.959000, 44.200000,  2.000000,  2.000000,  1.000000,  2.000000,  1.000000,  2.000000,  2.000000,  1.000000,  2.000000,  2.000000,  2.000000,  1.000000, 1, 0, 0
10.000000, 15.000413, 33.500000,  0.690000,  1.541000, 86.300000,  2.000000,  5.000000,  3.000000,  4.000000,  2.000000,  4.000000,  4.000000,  2.000000,  4.000000,  2.000000,  5.000000,  3.000000, 1, 0, 0
14.000000, 20.272781, 42.040000, -2.480000,  1.912000,121.300000,  7.000000,  4.000000,  3.000000,  4.000000,  7.000000,  3.000000,  3.000000,  7.000000,  4.000000,  6.000000,  5.000000,  3.000000, 1, 0, 0
5.000000,  7.744946, 21.240000, -0.100000,  0.959000, 44.200000,  2.000000,  2.000000,  1.000000,  2.000000,  1.000000,  2.000000,  2.000000,  1.000000,  2.000000,  2.000000,  2.000000,  1.000000, 1, 0, 0
10.000000, 15.228256, 33.500000,  0.690000,  1.541000, 86.300000,  2.000000,  5.000000,  3.000000,  4.000000,  2.000000,  4.000000,  4.000000,  2.000000,  4.000000,  2.000000,  5.000000,  3.000000, 1, 0, 0
16.000000, 21.152353, 56.180000,  0.160000,  2.573000,139.300000,  5.000000,  7.000000,  4.000000,  6.000000,  5.000000,  5.000000,  5.000000,  5.000000,  6.000000,  4.000000,  8.000000,  4.000000, 1, 0, 0
10.000000, 14.543797, 32.020000,  3.280000,  1.475000, 73.700000,  4.000000,  4.000000,  2.000000,  1.000000,  4.000000,  5.000000,  5.000000,  4.000000,  1.000000,  3.000000,  5.000000,  2.000000, 1, 0, 0
10.000000, 14.057396, 32.980000, -2.030000,  1.493000, 87.400000,  4.000000,  5.000000,  1.000000,  4.000000,  3.000000,  3.000000,  3.000000,  3.000000,  4.000000,  3.000000,  6.000000,  1.000000, 1, 0, 0
23.000000, 32.744243, 84.510000, -1.770000,  3.874000,210.200000,  6.000000, 10.000000,  7.000000, 10.000000,  7.000000,  6.000000,  6.000000,  5.000000, 12.000000,  6.000000, 10.000000,  7.000000, 1, 0, 0
6.000000,  8.775323, 15.510000, -1.400000,  0.690000, 55.000000,  4.000000,  1.000000,  1.000000,  2.000000,  3.000000,  1.000000,  1.000000,  3.000000,  2.000000,  4.000000,  1.000000,  1.000000, 1, 0, 0
11.000000, 15.242786, 42.050000,  0.240000,  1.959000, 91.100000,  3.000000,  5.000000,  3.000000,  3.000000,  4.000000,  4.000000,  4.000000,  3.000000,  4.000000,  3.000000,  5.000000,  3.000000, 1, 0, 0
19.000000, 28.094399, 75.800000,  9.340000,  3.539000,147.500000,  3.000000, 10.000000,  6.000000,  6.000000,  4.000000,  9.000000, 10.000000,  3.000000,  6.000000,  2.000000, 11.000000,  6.000000, 1, 0, 0
15.000000, 21.396770, 55.180000,  0.140000,  2.527000,131.200000,  4.000000,  7.000000,  4.000000,  6.000000,  4.000000,  5.000000,  5.000000,  4.000000,  6.000000,  3.000000,  8.000000,  4.000000, 1, 0, 0
10.000000, 14.371738, 32.020000,  3.280000,  1.475000, 73.700000,  4.000000,  4.000000,  2.000000,  1.000000,  4.000000,  5.000000,  5.000000,  4.000000,  1.000000,  3.000000,  5.000000,  2.000000, 1, 0, 0
11.000000, 15.821741, 35.580000, -2.800000,  1.601000, 96.000000,  5.000000,  5.000000,  1.000000,  4.000000,  4.000000,  3.000000,  3.000000,  4.000000,  4.000000,  4.000000,  6.000000,  1.000000, 1, 0, 0
23.000000, 32.927571, 84.510000, -1.770000,  3.874000,210.200000,  6.000000, 10.000000,  7.000000, 10.000000,  7.000000,  6.000000,  6.000000,  5.000000, 12.000000,  6.000000, 10.000000,  7.000000, 1, 0, 0
6.000000,  8.616750, 15.510000, -1.400000,  0.690000, 55.000000,  4.000000,  1.000000,  1.000000,  2.000000,  3.000000,  1.000000,  1.000000,  3.000000,  2.000000,  4.000000,  1.000000,  1.000000, 1, 0, 0
11.000000, 15.426848, 42.050000,  0.240000,  1.959000, 91.100000,  3.000000,  5.000000,  3.000000,  3.000000,  4.000000,  4.000000,  4.000000,  3.000000,  4.000000,  3.000000,  5.000000,  3.000000, 1, 0, 0
22.000000, 30.502273, 88.300000, 10.480000,  4.120000,168.600000,  4.000000, 10.000000,  8.000000,  6.000000,  6.000000, 10.000000, 12.000000,  4.000000,  6.000000,  3.000000, 11.000000,  8.000000, 1, 0, 0
2.000000,  3.763687,  8.320000,  2.120000,  0.418000, 10.700000,  1.000000,  0.000000,  1.000000,  0.000000,  0.000000,  2.000000,  2.000000,  0.000000,  0.000000,  0.000000,  1.000000,  1.000000, 0, 1, 0
9.000000, 21.931563, 24.760000,  1.840000,  1.125000, 70.000000,  5.000000,  4.000000,  0.000000,  2.000000,  3.000000,  4.000000,  4.000000,  3.000000,  2.000000,  4.000000,  5.000000,  0.000000, 0, 1, 0
8.000000, 23.115893, 28.160000,  4.980000,  1.305000, 57.100000,  3.000000,  3.000000,  2.000000,  1.000000,  2.000000,  5.000000,  5.000000,  2.000000,  1.000000,  3.000000,  3.000000,  2.000000, 0, 1, 0
10.000000, 26.943416, 34.900000,  0.200000,  1.588000, 82.200000,  3.000000,  5.000000,  2.000000,  3.000000,  3.000000,  4.000000,  4.000000,  3.000000,  3.000000,  2.000000,  6.000000,  2.000000, 0, 1, 0
7.000000, 17.598941, 25.210000,  0.850000,  1.159000, 60.900000,  1.000000,  3.000000,  3.000000,  3.000000,  1.000000,  3.000000,  3.000000,  1.000000,  3.000000,  1.000000,  3.000000,  3.000000, 0, 1, 0
4.000000, 10.010007, 14.030000,  2.980000,  0.655000, 25.000000,  1.000000,  2.000000,  1.000000,  0.000000,  1.000000,  3.000000,  3.000000,  1.000000,  0.000000,  1.000000,  2.000000,  1.000000, 0, 1, 0
4.000000,  9.939893, 18.210000,  5.280000,  0.894000, 21.100000,  1.000000,  1.000000,  2.000000,  0.000000,  0.000000,  4.000000,  4.000000,  0.000000,  0.000000,  0.000000,  2.000000,  2.000000, 0, 1, 0
4.000000, 10.037922, 10.810000, -0.130000,  0.529000, 30.700000,  2.000000,  1.000000,  1.000000,  1.000000,  1.000000,  2.000000,  2.000000,  1.000000,  1.000000,  1.000000,  2.000000,  1.000000, 0, 1, 0
3.000000,  6.655628, 14.130000,  3.200000,  0.663000, 20.900000,  0.000000,  2.000000,  1.000000,  1.000000,  0.000000,  2.000000,  2.000000,  0.000000,  1.000000,  0.000000,  2.000000,  1.000000, 0, 1, 0
5.000000, 10.642877, 24.680000,  4.810000,  1.183000, 36.500000,  0.000000,  2.000000,  3.000000,  1.000000,  1.000000,  3.000000,  3.000000,  0.000000,  2.000000,  0.000000,  2.000000,  3.000000, 0, 1, 0
4.000000, 10.048386, 10.810000, -0.130000,  0.529000, 30.700000,  2.000000,  1.000000,  1.000000,  1.000000,  1.000000,  2.000000,  2.000000,  1.000000,  1.000000,  1.000000,  2.000000,  1.000000, 0, 1, 0
4.000000,  9.792308, 18.210000,  5.280000,  0.894000, 21.100000,  1.000000,  1.000000,  2.000000,  0.000000,  0.000000,  4.000000,  4.000000,  0.000000,  0.000000,  0.000000,  2.000000,  2.000000, 0, 1, 0
4.000000, 10.109857, 14.030000,  2.980000,  0.655000, 25.000000,  1.000000,  2.000000,  1.000000,  0.000000,  1.000000,  3.000000,  3.000000,  1.000000,  0.000000,  1.000000,  2.000000,  1.000000, 0, 1, 0
7.000000, 17.598240, 25.210000,  0.850000,  1.159000, 60.900000,  1.000000,  3.000000,  3.000000,  3.000000,  1.000000,  3.000000,  3.000000,  1.000000,  3.000000,  1.000000,  3.000000,  3.000000, 0, 1, 0
10.000000, 26.922613, 34.900000,  0.200000,  1.588000, 82.200000,  3.000000,  5.000000,  2.000000,  3.000000,  3.000000,  4.000000,  4.000000,  3.000000,  3.000000,  2.000000,  6.000000,  2.000000, 0, 1, 0
8.000000, 23.013679, 28.160000,  4.980000,  1.305000, 57.100000,  3.000000,  3.000000,  2.000000,  1.000000,  2.000000,  5.000000,  5.000000,  2.000000,  1.000000,  3.000000,  3.000000,  2.000000, 0, 1, 0
10.000000, 24.886885, 28.540000,  0.700000,  1.276000, 82.300000,  5.000000,  5.000000,  0.000000,  3.000000,  3.000000,  4.000000,  4.000000,  3.000000,  3.000000,  4.000000,  6.000000,  0.000000, 0, 1, 0
3.000000,  7.212113, 10.950000,  1.840000,  0.506000, 21.600000,  0.000000,  3.000000,  0.000000,  1.000000,  0.000000,  2.000000,  2.000000,  0.000000,  1.000000,  0.000000,  3.000000,  0.000000, 0, 1, 0
3.000000,  7.088517, 12.090000,  2.390000,  0.591000, 22.000000,  0.000000,  1.000000,  2.000000,  0.000000,  1.000000,  2.000000,  2.000000,  0.000000,  1.000000,  0.000000,  1.000000,  2.000000, 0, 1, 0
