12.000000, 16.998400, 40.680000, -1.670000,  1.833000,105.300000,  5.000000,  5.000000,  2.000000,  5.000000,  3.000000,  4.000000,  4.000000,  3.000000,  5.000000,  5.000000,  5.000000,  2.000000, 1, 0, 0
22.000000, 31.319293, 84.490000,  4.690000,  3.858000,188.000000,  5.000000, 11.000000,  6.000000,  9.000000,  5.000000,  8.000000,  9.000000,  3.000000, 10.000000,  4.000000, 12.000000,  6.000000, 1, 0, 0
18.000000, 25.949488, 55.630000, -0.760000,  2.529000,152.600000,  8.000000,  7.000000,  3.000000,  5.000000,  9.000000,  4.000000,  6.000000,  7.000000,  5.000000,  8.000000,  7.000000,  3.000000, 1, 0, 0
9.000000, 12.277775, 21.100000, -0.360000,  0.948000, 70.300000,  5.000000,  4.000000,  0.000000,  1.000000,  5.000000,  3.000000,  3.000000,  5.000000,  1.000000,  4.000000,  5.000000,  0.000000, 1, 0, 0
17.000000, 24.368297, 57.910000,  0.540000,  2.632000,151.100000,  8.000000,  3.000000,  6.000000,  6.000000,  6.000000,  5.000000,  6.000000,  4.000000,  7.000000,  8.000000,  3.000000,  6.000000, 1, 0, 0
10.000000, 14.756367, 32.120000, -2.310000,  1.471000, 83.400000,  3.000000,  7.000000,  0.000000,  4.000000,  3.000000,  3.000000,  3.000000,  3.000000,  4.000000,  2.000000,  8.000000,  0.000000, 1, 0, 0
8.000000, 11.453520, 23.000000, -1.600000,  1.018000, 77.600000,  4.000000,  3.000000,  1.000000,  4.000000,  3.000000,  1.000000,  1.000000,  3.000000,  4.000000,  3.000000,  4.000000,  1.000000, 1, 0, 0
12.000000, 17.048721, 40.680000, -1.670000,  1.833000,105.300000,  5.000000,  5.000000,  2.000000,  5.000000,  3.000000,  4.000000,  4.000000,  3.000000,  5.000000,  5.000000,  5.000000,  2.000000, 1, 0, 0
22.000000, 31.275414, 84.490000,  4.690000,  3.858000,188.000000,  5.000000, 11.000000,  6.000000,  9.000000,  5.000000,  8.000000,  9.000000,  3.000000, 10.000000,  4.000000, 12.000000,  6.000000, 1, 0, 0
18.000000, 26.069376, 55.630000, -0.760000,  2.529000,152.600000,  8.000000,  7.000000,  3.000000,  5.000000,  9.000000,  4.000000,  6.000000,  7.000000,  5.000000,  8.000000,  7.000000,  3.000000, 1, 0, 0
9.000000, 12.344953, 21.100000, -0.360000,  0.948000, 70.300000,  5.000000,  4.000000,  0.000000,  1.000000,  5.000000,  3.000000,  3.000000,  5.000000,  1.000000,  4.000000,  5.000000,  0.000000, 1, 0, 0
18.000000, 25.453604, 57.910000, -0.260000,  2.632000,160.100000,  9.000000,  3.000000,  6.000000,  6.000000,  7.000000,  5.000000,  6.000000,  5.000000,  7.000000,  9.000000,  3.000000,  6.000000, 1, 0, 0
10.000000, 14.713940, 32.120000, -2.310000,  1.471000, 83.400000,  3.000000,  7.000000,  0.000000,  4.000000,  3.000000,  3.000000,  3.000000,  3.000000,  4.000000,  2.000000,  8.000000,  0.000000, 1, 0, 0
8.000000, 11.056412, 23.000000, -1.600000,  1.018000, 77.600000,  4.000000,  3.000000,  1.000000,  4.000000,  3.000000,  1.000000,  1.000000,  3.000000,  4.000000,  3.000000,  4.000000,  1.000000, 1, 0, 0
2.000000,  3.791568,  4.000000,  1.150000,  0.186000, 14.000000,  1.000000,  1.000000,  0.000000,  0.000000,  1.000000,  1.000000,  1.000000,  1.000000,  0.000000,  1.000000,  1.000000,  0.000000, 0, 1, 0
2.000000,  3.804512,  5.000000,  1.160000,  0.232000, 13.000000,  1.000000,  1.000000,  0.000000,  0.000000,  1.000000,  1.000000,  1.000000,  1.000000,  0.000000,  1.000000,  1.000000,  0.000000, 0, 1, 0
3.000000,  7.065071,  8.380000, -0.980000,  0.353000, 27.400000,  1.000000,  2.000000,  0.000000,  1.000000,  1.000000,  1.000000,  1.000000,  1.000000,  1.000000,  1.000000,  2.000000,  0.000000, 0, 1, 0
5.000000, 13.753543, 21.860000,  1.810000,  1.016000, 40.600000,  1.000000,  2.000000,  2.000000,  2.000000,  1.000000,  2.000000,  2.000000,  1.000000,  2.000000,  1.000000,  2.000000,  2.000000, 0, 1, 0
5.000000, 13.291864, 23.630000,  3.100000,  1.105000, 40.100000,  0.000000,  3.000000,  2.000000,  2.000000,  0.000000,  3.000000,  3.000000,  0.000000,  2.000000,  0.000000,  3.000000,  2.000000, 0, 1, 0
7.000000, 19.748675, 30.280000,  4.950000,  1.436000, 52.500000,  1.000000,  2.000000,  4.000000,  0.000000,  4.000000,  3.000000,  4.000000,  1.000000,  2.000000,  1.000000,  2.000000,  4.000000, 0, 1, 0
7.000000, 19.282548, 23.100000,  0.670000,  1.042000, 55.300000,  2.000000,  5.000000,  0.000000,  2.000000,  2.000000,  3.000000,  3.000000,  2.000000,  2.000000,  2.000000,  5.000000,  0.000000, 0, 1, 0
2.000000,  3.788241,  6.000000,  2.260000,  0.280000, 11.800000,  0.000000,  2.000000,  0.000000,  0.000000,  0.000000,  2.000000,  2.000000,  0.000000,  0.000000,  0.000000,  2.000000,  0.000000, 0, 1, 0
3.000000,  7.128862, 13.600000,  0.710000,  0.635000, 24.800000,  1.000000,  0.000000,  2.000000,  1.000000,  2.000000,  0.000000,  1.000000,  1.000000,  1.000000,  1.000000,  0.000000,  2.000000, 0, 1, 0
7.000000, 19.323196, 32.280000,  1.340000,  1.494000, 57.400000,  1.000000,  3.000000,  3.000000,  3.000000,  2.000000,  2.000000,  3.000000,  1.000000,  3.000000,  1.000000,  3.000000,  3.000000, 0, 1, 0
9.000000, 26.243303, 31.750000,  5.170000,  1.480000, 62.000000,  3.000000,  4.000000,  2.000000,  0.000000,  4.000000,  5.000000,  5.000000,  3.000000,  1.000000,  3.000000,  4.000000,  2.000000, 0, 1, 0
5.000000, 13.350642, 18.100000,  2.360000,  0.848000, 37.200000,  1.000000,  2.000000,  2.000000,  1.000000,  1.000000,  3.000000,  3.000000,  1.000000,  1.000000,  1.000000,  2.000000,  2.000000, 0, 1, 0
3.000000,  6.481377, 11.440000,  0.250000,  0.521000, 28.600000,  0.000000,  2.000000,  1.000000,  1.000000,  1.000000,  1.000000,  1.000000,  0.000000,  2.000000,  0.000000,  2.000000,  1.000000, 0, 1, 0
3.000000,  7.128862, 13.600000,  0.710000,  0.635000, 24.800000,  1.000000,  0.000000,  2.000000,  1.000000,  2.000000,  0.000000,  1.000000,  1.000000,  1.000000,  1.000000,  0.000000,  2.000000, 0, 1, 0
7.000000, 19.323196, 32.280000,  1.340000,  1.494000, 57.400000,  1.000000,  3.000000,  3.000000,  3.000000,  2.000000,  2.000000,  3.000000,  1.000000,  3.000000,  1.000000,  3.000000,  3.000000, 0, 1, 0
9.000000, 26.243303, 31.750000,  5.170000,  1.480000, 62.000000,  3.000000,  4.000000,  2.000000,  0.000000,  4.000000,  5.000000,  5.000000,  3.000000,  1.000000,  3.000000,  4.000000,  2.000000, 0, 1, 0
2.000000,  3.798243,  8.770000,  0.730000,  0.405000, 16.200000,  0.000000,  1.000000,  1.000000,  1.000000,  0.000000,  1.000000,  1.000000,  0.000000,  1.000000,  0.000000,  1.000000,  1.000000, 0, 1, 0
2.000000,  3.757988,  6.470000,  0.310000,  0.298000, 15.200000,  1.000000,  0.000000,  1.000000,  0.000000,  2.000000,  0.000000,  1.000000,  1.000000,  0.000000,  1.000000,  0.000000,  1.000000, 0, 1, 0
2.000000,  3.769511,  9.080000, -1.190000,  0.425000, 22.100000,  0.000000,  1.000000,  1.000000,  2.000000,  0.000000,  0.000000,  0.000000,  0.000000,  2.000000,  0.000000,  1.000000,  1.000000, 0, 1, 0
2.000000,  3.795327,  4.000000,  1.150000,  0.186000, 14.000000,  1.000000,  1.000000,  0.000000,  0.000000,  1.000000,  1.000000,  1.000000,  1.000000,  0.000000,  1.000000,  1.000000,  0.000000, 0, 1, 0
2.000000,  3.814552,  5.000000,  1.160000,  0.232000, 13.000000,  1.000000,  1.000000,  0.000000,  0.000000,  1.000000,  1.000000,  1.000000,  1.000000,  0.000000,  1.000000,  1.000000,  0.000000, 0, 1, 0
3.000000,  7.169733,  8.380000, -0.980000,  0.353000, 27.400000,  1.000000,  2.000000,  0.000000,  1.000000,  1.000000,  1.000000,  1.000000,  1.000000,  1.000000,  1.000000,  2.000000,  0.000000, 0, 1, 0
5.000000, 13.568895, 21.860000,  1.810000,  1.016000, 40.600000,  1.000000,  2.000000,  2.000000,  2.000000,  1.000000,  2.000000,  2.000000,  1.000000,  2.000000,  1.000000,  2.000000,  2.000000, 0, 1, 0
5.000000, 13.254196, 23.630000,  3.100000,  1.105000, 40.100000,  0.000000,  3.000000,  2.000000,  2.000000,  0.000000,  3.000000,  3.000000,  0.000000,  2.000000,  0.000000,  3.000000,  2.000000, 0, 1, 0
7.000000, 19.796206, 30.280000,  4.950000,  1.436000, 52.500000,  1.000000,  2.000000,  4.000000,  0.000000,  4.000000,  3.000000,  4.000000,  1.000000,  2.000000,  1.000000,  2.000000,  4.000000, 0, 1, 0
7.000000, 19.217874, 23.100000,  0.670000,  1.042000, 55.300000,  2.000000,  5.000000,  0.000000,  2.000000,  2.000000,  3.000000,  3.000000,  2.000000,  2.000000,  2.000000,  5.000000,  0.000000, 0, 1, 0
2.000000,  3.820865,  6.000000,  2.260000,  0.280000, 11.800000,  0.000000,  2.000000,  0.000000,  0.000000,  0.000000,  2.000000,  2.000000,  0.000000,  0.000000,  0.000000,  2.000000,  0.000000, 0, 1, 0
3.000000,  7.106600, 13.600000,  0.710000,  0.635000, 24.800000,  1.000000,  0.000000,  2.000000,  1.000000,  2.000000,  0.000000,  1.000000,  1.000000,  1.000000,  1.000000,  0.000000,  2.000000, 0, 1, 0
7.000000, 19.328630, 32.280000,  1.340000,  1.494000, 57.400000,  1.000000,  3.000000,  3.000000,  3.000000,  2.000000,  2.000000,  3.000000,  1.000000,  3.000000,  1.000000,  3.000000,  3.000000, 0, 1, 0
9.000000, 26.212590, 31.750000,  5.170000,  1.480000, 62.000000,  3.000000,  4.000000,  2.000000,  0.000000,  4.000000,  5.000000,  5.000000,  3.000000,  1.000000,  3.000000,  4.000000,  2.000000, 0, 1, 0
5.000000, 13.318801, 18.100000,  2.360000,  0.848000, 37.200000,  1.000000,  2.000000,  2.000000,  1.000000,  1.000000,  3.000000,  3.000000,  1.000000,  1.000000,  1.000000,  2.000000,  2.000000, 0, 1, 0
3.000000,  6.557276, 11.440000,  0.250000,  0.521000, 28.600000,  0.000000,  2.000000,  1.000000,  1.000000,  1.000000,  1.000000,  1.000000,  0.000000,  2.000000,  0.000000,  2.000000,  1.000000, 0, 1, 0
3.000000,  7.106600, 13.600000,  0.710000,  0.635000, 24.800000,  1.000000,  0.000000,  2.000000,  1.000000,  2.000000,  0.000000,  1.000000,  1.000000,  1.000000,  1.000000,  0.000000,  2.000000, 0, 1, 0
7.000000, 19.328630, 32.280000,  1.340000,  1.494000, 57.400000,  1.000000,  3.000000,  3.000000,  3.000000,  2.000000,  2.000000,  3.000000,  1.000000,  3.000000,  1.000000,  3.000000,  3.000000, 0, 1, 0
9.000000, 26.212590, 31.750000,  5.170000,  1.480000, 62.000000,  3.000000,  4.000000,  2.000000,  0.000000,  4.000000,  5.000000,  5.000000,  3.000000,  1.000000,  3.000000,  4.000000,  2.000000, 0, 1, 0
2.000000,  3.800770,  8.770000,  0.730000,  0.405000, 16.200000,  0.000000,  1.000000,  1.000000,  1.000000,  0.000000,  1.000000,  1.000000,  0.000000,  1.000000,  0.000000,  1.000000,  1.000000, 0, 1, 0
2.000000,  3.748601,  6.470000,  0.310000,  0.298000, 15.200000,  1.000000,  0.000000,  1.000000,  0.000000,  2.000000,  0.000000,  1.000000,  1.000000,  0.000000,  1.000000,  0.000000,  1.000000, 0, 1, 0
2.000000,  3.774908,  9.080000, -1.190000,  0.425000, 22.100000,  0.000000,  1.000000,  1.000000,  2.000000,  0.000000,  0.000000,  0.000000,  0.000000,  2.000000,  0.000000,  1.000000,  1.000000, 0, 1, 0
