13462, 13461
13468, 13461
13461, 13462
13467, 13462
13472, 13462
13464, 13463
13465, 13463
13475, 13463
13478, 13463
13463, 13464
13465, 13464
13466, 13464
13469, 13464
13470, 13464
13471, 13464
13476, 13464
13463, 13465
13464, 13465
13466, 13465
13479, 13465
13464, 13466
13465, 13466
13471, 13466
13477, 13466
13479, 13466
13462, 13467
13468, 13467
13461, 13468
13467, 13468
13480, 13468
13464, 13469
13470, 13469
13483, 13469
13486, 13469
13464, 13470
13469, 13470
13471, 13470
13484, 13470
13487, 13470
13464, 13471
13466, 13471
13470, 13471
13485, 13471
13487, 13471
13462, 13472
13473, 13472
13481, 13472
13472, 13473
13474, 13473
13480, 13473
13481, 13473
13482, 13473
13473, 13474
13478, 13474
13481, 13474
13486, 13474
13463, 13475
13476, 13475
13484, 13475
13464, 13476
13475, 13476
13483, 13476
13466, 13477
13479, 13477
13487, 13477
13463, 13478
13474, 13478
13482, 13478
13465, 13479
13466, 13479
13477, 13479
13485, 13479
13487, 13479
13468, 13480
13473, 13480
13481, 13480
13472, 13481
13473, 13481
13474, 13481
13480, 13481
13482, 13481
13473, 13482
13478, 13482
13481, 13482
13486, 13482
13469, 13483
13476, 13483
13484, 13483
13470, 13484
13475, 13484
13483, 13484
13471, 13485
13479, 13485
13487, 13485
13469, 13486
13474, 13486
13482, 13486
13470, 13487
13471, 13487
13477, 13487
13479, 13487
13485, 13487
