16475, 16474
16489, 16474
16490, 16474
16474, 16475
16476, 16475
16477, 16475
16491, 16475
16475, 16476
16477, 16476
16478, 16476
16489, 16476
16490, 16476
16491, 16476
16493, 16476
16475, 16477
16476, 16477
16478, 16477
16479, 16477
16493, 16477
16476, 16478
16477, 16478
16479, 16478
16493, 16478
16498, 16478
16477, 16479
16478, 16479
16480, 16479
16498, 16479
16499, 16479
16479, 16480
16481, 16480
16482, 16480
16497, 16480
16499, 16480
16480, 16481
16482, 16481
16483, 16481
16496, 16481
16501, 16481
16480, 16482
16481, 16482
16483, 16482
16484, 16482
16495, 16482
16496, 16482
16481, 16483
16482, 16483
16484, 16483
16485, 16483
16494, 16483
16495, 16483
16482, 16484
16483, 16484
16485, 16484
16486, 16484
16494, 16484
16483, 16485
16484, 16485
16486, 16485
16494, 16485
16484, 16486
16485, 16486
16487, 16486
16502, 16486
16486, 16487
16488, 16487
16492, 16487
16504, 16487
16487, 16488
16507, 16488
16508, 16488
16474, 16489
16476, 16489
16490, 16489
16491, 16489
16474, 16490
16476, 16490
16489, 16490
16491, 16490
16475, 16491
16476, 16491
16489, 16491
16490, 16491
16487, 16492
16504, 16492
16507, 16492
16508, 16492
16476, 16493
16477, 16493
16478, 16493
16498, 16493
16483, 16494
16484, 16494
16485, 16494
16495, 16494
16496, 16494
16482, 16495
16483, 16495
16494, 16495
16496, 16495
16481, 16496
16482, 16496
16494, 16496
16495, 16496
16497, 16496
16500, 16496
16501, 16496
16480, 16497
16496, 16497
16499, 16497
16500, 16497
16501, 16497
16478, 16498
16479, 16498
16493, 16498
16499, 16498
16479, 16499
16480, 16499
16497, 16499
16498, 16499
16500, 16499
16496, 16500
16497, 16500
16499, 16500
16501, 16500
16481, 16501
16496, 16501
16497, 16501
16500, 16501
16486, 16502
16503, 16502
16505, 16502
16506, 16502
16502, 16503
16504, 16503
16505, 16503
16506, 16503
16487, 16504
16492, 16504
16503, 16504
16506, 16504
16507, 16504
16508, 16504
16502, 16505
16503, 16505
16506, 16505
16502, 16506
16503, 16506
16504, 16506
16505, 16506
16488, 16507
16492, 16507
16504, 16507
16508, 16507
16488, 16508
16492, 16508
16504, 16508
16507, 16508
