10698, 10697
10699, 10697
10708, 10697
10697, 10698
10699, 10698
10700, 10698
10701, 10698
10708, 10698
10711, 10698
10697, 10699
10698, 10699
10700, 10699
10701, 10699
10708, 10699
10713, 10699
10698, 10700
10699, 10700
10701, 10700
10712, 10700
10698, 10701
10699, 10701
10700, 10701
10714, 10701
10703, 10702
10704, 10702
10705, 10702
10717, 10702
10702, 10703
10704, 10703
10705, 10703
10702, 10704
10703, 10704
10705, 10704
10706, 10704
10707, 10704
10702, 10705
10703, 10705
10704, 10705
10706, 10705
10707, 10705
10704, 10706
10705, 10706
10707, 10706
10704, 10707
10705, 10707
10706, 10707
10697, 10708
10698, 10708
10699, 10708
10710, 10709
10711, 10709
10713, 10709
10709, 10710
10711, 10710
10713, 10710
10698, 10711
10709, 10711
10710, 10711
10712, 10711
10713, 10711
10700, 10712
10711, 10712
10713, 10712
10714, 10712
10699, 10713
10709, 10713
10710, 10713
10711, 10713
10712, 10713
10701, 10714
10712, 10714
10715, 10714
10716, 10714
10717, 10714
10714, 10715
10716, 10715
10717, 10715
10714, 10716
10715, 10716
10717, 10716
10702, 10717
10714, 10717
10715, 10717
10716, 10717
