8464, 8463
8483, 8463
8463, 8464
8482, 8464
8466, 8465
8467, 8465
8465, 8466
8467, 8466
8468, 8466
8465, 8467
8466, 8467
8468, 8467
8466, 8468
8467, 8468
8469, 8468
8468, 8469
8470, 8469
8487, 8469
8489, 8469
8469, 8470
8471, 8470
8488, 8470
8470, 8471
8472, 8471
8473, 8471
8471, 8472
8473, 8472
8474, 8472
8471, 8473
8472, 8473
8474, 8473
8472, 8474
8473, 8474
8475, 8474
8476, 8474
8474, 8475
8476, 8475
8477, 8475
8474, 8476
8475, 8476
8477, 8476
8478, 8476
8475, 8477
8476, 8477
8478, 8477
8476, 8478
8477, 8478
8479, 8478
8498, 8478
8478, 8479
8480, 8479
8481, 8479
8499, 8479
8500, 8479
8479, 8480
8481, 8480
8498, 8480
8479, 8481
8480, 8481
8498, 8481
8464, 8482
8483, 8482
8463, 8483
8482, 8483
8485, 8484
8486, 8484
8484, 8485
8486, 8485
8487, 8485
8484, 8486
8485, 8486
8487, 8486
8488, 8486
8469, 8487
8485, 8487
8486, 8487
8488, 8487
8470, 8488
8486, 8488
8487, 8488
8489, 8488
8469, 8489
8488, 8489
8490, 8489
8489, 8490
8491, 8490
8492, 8490
8490, 8491
8492, 8491
8493, 8491
8490, 8492
8491, 8492
8493, 8492
8491, 8493
8492, 8493
8494, 8493
8495, 8493
8493, 8494
8495, 8494
8496, 8494
8493, 8495
8494, 8495
8496, 8495
8497, 8495
8494, 8496
8495, 8496
8497, 8496
8495, 8497
8496, 8497
8498, 8497
8478, 8498
8480, 8498
8481, 8498
8497, 8498
8499, 8498
8500, 8498
8479, 8499
8498, 8499
8500, 8499
8479, 8500
8498, 8500
8499, 8500
