4.000000,  4.902696, 21.340000, -2.030000,  1.007000, 43.100000,  0.000000,  1.000000,  3.000000,  4.000000,  0.000000,  0.000000,  0.000000,  0.000000,  4.000000,  0.000000,  1.000000,  3.000000, 1, 0, 0
7.000000, 10.111390, 29.530000,  0.770000,  1.365000, 59.200000,  2.000000,  2.000000,  3.000000,  3.000000,  1.000000,  3.000000,  3.000000,  1.000000,  3.000000,  2.000000,  2.000000,  3.000000, 1, 0, 0
3.000000,  5.242737,  8.560000, -0.950000,  0.350000, 31.900000,  2.000000,  1.000000,  0.000000,  2.000000,  0.000000,  1.000000,  1.000000,  0.000000,  2.000000,  2.000000,  1.000000,  0.000000, 1, 0, 0
14.000000, 19.784987, 51.150000,  4.360000,  2.309000,113.000000,  3.000000, 10.000000,  1.000000,  5.000000,  2.000000,  7.000000,  7.000000,  2.000000,  5.000000,  3.000000, 10.000000,  1.000000, 1, 0, 0
3.000000,  5.565787, 11.550000, -0.420000,  0.510000, 29.500000,  0.000000,  2.000000,  1.000000,  2.000000,  0.000000,  1.000000,  1.000000,  0.000000,  2.000000,  0.000000,  2.000000,  1.000000, 1, 0, 0
4.000000,  5.998117, 12.250000,  0.010000,  0.541000, 34.700000,  2.000000,  1.000000,  1.000000,  1.000000,  3.000000,  0.000000,  1.000000,  2.000000,  1.000000,  2.000000,  1.000000,  1.000000, 1, 0, 0
12.000000, 16.473360, 45.850000, -1.680000,  2.113000,107.800000,  4.000000,  4.000000,  4.000000,  6.000000,  4.000000,  2.000000,  2.000000,  4.000000,  6.000000,  4.000000,  4.000000,  4.000000, 1, 0, 0
17.000000, 24.542634, 51.280000,  1.120000,  2.302000,145.100000,  7.000000,  8.000000,  2.000000,  5.000000,  6.000000,  6.000000,  6.000000,  5.000000,  6.000000,  7.000000,  8.000000,  2.000000, 1, 0, 0
11.000000, 15.235923, 35.420000, -0.090000,  1.596000, 95.300000,  4.000000,  5.000000,  2.000000,  4.000000,  4.000000,  3.000000,  3.000000,  4.000000,  4.000000,  4.000000,  5.000000,  2.000000, 1, 0, 0
10.000000, 15.983486, 35.460000,  2.390000,  1.645000, 80.200000,  5.000000,  1.000000,  4.000000,  2.000000,  6.000000,  2.000000,  4.000000,  4.000000,  2.000000,  4.000000,  2.000000,  4.000000, 1, 0, 0
4.000000,  5.358318,  9.550000, -0.580000,  0.428000, 33.800000,  2.000000,  2.000000,  0.000000,  1.000000,  2.000000,  1.000000,  1.000000,  2.000000,  1.000000,  2.000000,  2.000000,  0.000000, 1, 0, 0
12.000000, 17.401793, 32.780000, -0.610000,  1.438000,109.100000,  6.000000,  5.000000,  1.000000,  4.000000,  5.000000,  3.000000,  3.000000,  4.000000,  5.000000,  6.000000,  5.000000,  1.000000, 1, 0, 0
14.000000, 20.084419, 59.880000,  4.110000,  2.754000,117.600000,  3.000000,  5.000000,  6.000000,  6.000000,  2.000000,  6.000000,  7.000000,  1.000000,  6.000000,  2.000000,  6.000000,  6.000000, 1, 0, 0
13.000000, 18.040216, 38.270000, -0.360000,  1.775000,111.000000,  5.000000,  4.000000,  4.000000,  3.000000,  7.000000,  3.000000,  4.000000,  5.000000,  4.000000,  5.000000,  4.000000,  4.000000, 1, 0, 0
14.000000, 21.312129, 47.150000,  0.790000,  2.124000,115.700000,  5.000000,  6.000000,  3.000000,  4.000000,  5.000000,  5.000000,  5.000000,  5.000000,  4.000000,  5.000000,  6.000000,  3.000000, 1, 0, 0
8.000000, 10.262212, 23.450000, -2.550000,  1.054000, 73.800000,  3.000000,  4.000000,  1.000000,  4.000000,  3.000000,  1.000000,  1.000000,  3.000000,  4.000000,  3.000000,  4.000000,  1.000000, 1, 0, 0
7.000000, 10.189441, 29.530000,  0.770000,  1.365000, 59.200000,  2.000000,  2.000000,  3.000000,  3.000000,  1.000000,  3.000000,  3.000000,  1.000000,  3.000000,  2.000000,  2.000000,  3.000000, 1, 0, 0
3.000000,  5.270452,  8.560000, -0.950000,  0.350000, 31.900000,  2.000000,  1.000000,  0.000000,  2.000000,  0.000000,  1.000000,  1.000000,  0.000000,  2.000000,  2.000000,  1.000000,  0.000000, 1, 0, 0
13.000000, 18.378970, 47.150000,  3.220000,  2.123000,108.100000,  3.000000,  9.000000,  1.000000,  5.000000,  2.000000,  6.000000,  6.000000,  2.000000,  5.000000,  3.000000,  9.000000,  1.000000, 1, 0, 0
3.000000,  5.375694, 11.550000, -0.420000,  0.510000, 29.500000,  0.000000,  2.000000,  1.000000,  2.000000,  0.000000,  1.000000,  1.000000,  0.000000,  2.000000,  0.000000,  2.000000,  1.000000, 1, 0, 0
4.000000,  5.895800, 12.250000,  0.010000,  0.541000, 34.700000,  2.000000,  1.000000,  1.000000,  1.000000,  3.000000,  0.000000,  1.000000,  2.000000,  1.000000,  2.000000,  1.000000,  1.000000, 1, 0, 0
12.000000, 16.555621, 45.850000, -1.680000,  2.113000,107.800000,  4.000000,  4.000000,  4.000000,  6.000000,  4.000000,  2.000000,  2.000000,  4.000000,  6.000000,  4.000000,  4.000000,  4.000000, 1, 0, 0
3.000000,  5.340735, 11.390000,  0.220000,  0.526000, 26.200000,  2.000000,  0.000000,  1.000000,  1.000000,  1.000000,  1.000000,  1.000000,  1.000000,  1.000000,  1.000000,  1.000000,  1.000000, 1, 0, 0
18.000000, 25.151567, 54.230000,  0.350000,  2.436000,156.700000,  7.000000,  9.000000,  2.000000,  6.000000,  6.000000,  6.000000,  6.000000,  5.000000,  7.000000,  7.000000,  9.000000,  2.000000, 1, 0, 0
11.000000, 14.824193, 35.420000, -0.090000,  1.596000, 95.300000,  4.000000,  5.000000,  2.000000,  4.000000,  4.000000,  3.000000,  3.000000,  4.000000,  4.000000,  4.000000,  5.000000,  2.000000, 1, 0, 0
10.000000, 16.216289, 35.460000,  2.390000,  1.645000, 80.200000,  5.000000,  1.000000,  4.000000,  2.000000,  6.000000,  2.000000,  4.000000,  4.000000,  2.000000,  4.000000,  2.000000,  4.000000, 1, 0, 0
12.000000, 17.168783, 32.780000, -0.610000,  1.438000,109.100000,  6.000000,  5.000000,  1.000000,  4.000000,  5.000000,  3.000000,  3.000000,  4.000000,  5.000000,  6.000000,  5.000000,  1.000000, 1, 0, 0
14.000000, 19.922981, 59.880000,  4.110000,  2.754000,117.600000,  3.000000,  5.000000,  6.000000,  6.000000,  2.000000,  6.000000,  7.000000,  1.000000,  6.000000,  2.000000,  6.000000,  6.000000, 1, 0, 0
12.000000, 16.025254, 35.320000,  0.410000,  1.641000, 99.400000,  5.000000,  3.000000,  4.000000,  2.000000,  7.000000,  3.000000,  4.000000,  5.000000,  3.000000,  5.000000,  3.000000,  4.000000, 1, 0, 0
14.000000, 21.141221, 47.150000,  0.790000,  2.124000,115.700000,  5.000000,  6.000000,  3.000000,  4.000000,  5.000000,  5.000000,  5.000000,  5.000000,  4.000000,  5.000000,  6.000000,  3.000000, 1, 0, 0
7.000000,  9.852994, 19.450000, -3.690000,  0.868000, 68.900000,  3.000000,  3.000000,  1.000000,  4.000000,  3.000000,  0.000000,  0.000000,  3.000000,  4.000000,  3.000000,  3.000000,  1.000000, 1, 0, 0
3.000000,  6.922970, 11.510000, -2.530000,  0.504000, 32.000000,  1.000000,  1.000000,  1.000000,  2.000000,  1.000000,  0.000000,  0.000000,  1.000000,  2.000000,  1.000000,  1.000000,  1.000000, 0, 1, 0
4.000000,  9.853604, 15.510000, -1.390000,  0.690000, 36.900000,  1.000000,  2.000000,  1.000000,  2.000000,  1.000000,  1.000000,  1.000000,  1.000000,  2.000000,  1.000000,  2.000000,  1.000000, 0, 1, 0
7.000000, 19.414021, 26.610000,  7.610000,  1.259000, 40.000000,  1.000000,  5.000000,  1.000000,  0.000000,  1.000000,  6.000000,  6.000000,  1.000000,  0.000000,  0.000000,  6.000000,  1.000000, 0, 1, 0
6.000000, 16.149744, 18.610000,  3.580000,  0.885000, 39.200000,  3.000000,  2.000000,  1.000000,  0.000000,  3.000000,  3.000000,  3.000000,  3.000000,  0.000000,  2.000000,  3.000000,  1.000000, 0, 1, 0
6.000000, 15.780809, 16.380000,  2.140000,  0.725000, 46.900000,  3.000000,  3.000000,  0.000000,  1.000000,  2.000000,  3.000000,  3.000000,  2.000000,  1.000000,  3.000000,  3.000000,  0.000000, 0, 1, 0
4.000000,  9.882869,  9.720000,  2.190000,  0.457000, 27.900000,  2.000000,  2.000000,  0.000000,  0.000000,  2.000000,  2.000000,  2.000000,  2.000000,  0.000000,  1.000000,  3.000000,  0.000000, 0, 1, 0
4.000000,  9.472715, 10.600000,  1.380000,  0.480000, 27.700000,  2.000000,  2.000000,  0.000000,  0.000000,  2.000000,  2.000000,  2.000000,  2.000000,  0.000000,  2.000000,  2.000000,  0.000000, 0, 1, 0
5.000000, 13.426655, 21.910000,  1.720000,  1.016000, 36.400000,  1.000000,  2.000000,  2.000000,  1.000000,  2.000000,  2.000000,  3.000000,  1.000000,  1.000000,  1.000000,  2.000000,  2.000000, 0, 1, 0
5.000000, 13.280436, 19.630000,  3.850000,  0.941000, 34.500000,  0.000000,  2.000000,  3.000000,  1.000000,  0.000000,  4.000000,  4.000000,  0.000000,  1.000000,  0.000000,  2.000000,  3.000000, 0, 1, 0
6.000000, 12.529934, 19.270000,  0.770000,  0.892000, 48.600000,  3.000000,  0.000000,  3.000000,  1.000000,  4.000000,  1.000000,  2.000000,  3.000000,  1.000000,  3.000000,  0.000000,  3.000000, 0, 1, 0
6.000000, 15.599338, 22.610000,  6.470000,  1.073000, 35.100000,  1.000000,  4.000000,  1.000000,  0.000000,  1.000000,  5.000000,  5.000000,  1.000000,  0.000000,  0.000000,  5.000000,  1.000000, 0, 1, 0
6.000000, 16.048857, 18.610000,  3.580000,  0.885000, 39.200000,  3.000000,  2.000000,  1.000000,  0.000000,  3.000000,  3.000000,  3.000000,  3.000000,  0.000000,  2.000000,  3.000000,  1.000000, 0, 1, 0
6.000000, 15.916731, 16.380000,  2.140000,  0.725000, 46.900000,  3.000000,  3.000000,  0.000000,  1.000000,  2.000000,  3.000000,  3.000000,  2.000000,  1.000000,  3.000000,  3.000000,  0.000000, 0, 1, 0
4.000000,  9.992507,  9.720000,  2.190000,  0.457000, 27.900000,  2.000000,  2.000000,  0.000000,  0.000000,  2.000000,  2.000000,  2.000000,  2.000000,  0.000000,  1.000000,  3.000000,  0.000000, 0, 1, 0
3.000000,  6.914177, 11.510000, -2.530000,  0.504000, 32.000000,  1.000000,  1.000000,  1.000000,  2.000000,  1.000000,  0.000000,  0.000000,  1.000000,  2.000000,  1.000000,  1.000000,  1.000000, 0, 1, 0
3.000000,  6.062315, 13.910000, -0.420000,  0.628000, 27.700000,  0.000000,  2.000000,  1.000000,  2.000000,  0.000000,  1.000000,  1.000000,  0.000000,  2.000000,  0.000000,  2.000000,  1.000000, 0, 1, 0
4.000000,  9.480305, 10.600000,  1.380000,  0.480000, 27.700000,  2.000000,  2.000000,  0.000000,  0.000000,  2.000000,  2.000000,  2.000000,  2.000000,  0.000000,  2.000000,  2.000000,  0.000000, 0, 1, 0
5.000000, 13.423797, 21.910000,  1.720000,  1.016000, 36.400000,  1.000000,  2.000000,  2.000000,  1.000000,  2.000000,  2.000000,  3.000000,  1.000000,  1.000000,  1.000000,  2.000000,  2.000000, 0, 1, 0
5.000000, 13.323061, 19.630000,  3.850000,  0.941000, 34.500000,  0.000000,  2.000000,  3.000000,  1.000000,  0.000000,  4.000000,  4.000000,  0.000000,  1.000000,  0.000000,  2.000000,  3.000000, 0, 1, 0
6.000000, 12.686232, 19.270000,  0.770000,  0.892000, 48.600000,  3.000000,  0.000000,  3.000000,  1.000000,  4.000000,  1.000000,  2.000000,  3.000000,  1.000000,  3.000000,  0.000000,  3.000000, 0, 1, 0
