13800, 13799
13809, 13799
13810, 13799
13799, 13800
13801, 13800
13802, 13800
13809, 13800
13810, 13800
13811, 13800
13800, 13801
13802, 13801
13803, 13801
13811, 13801
13800, 13802
13801, 13802
13803, 13802
13804, 13802
13801, 13803
13802, 13803
13804, 13803
13805, 13803
13802, 13804
13803, 13804
13805, 13804
13803, 13805
13804, 13805
13806, 13805
13807, 13805
13808, 13805
13805, 13806
13807, 13806
13808, 13806
13805, 13807
13806, 13807
13808, 13807
13812, 13807
13805, 13808
13806, 13808
13807, 13808
13812, 13808
13813, 13808
13799, 13809
13800, 13809
13810, 13809
13811, 13809
13799, 13810
13800, 13810
13809, 13810
13811, 13810
13800, 13811
13801, 13811
13809, 13811
13810, 13811
13807, 13812
13808, 13812
13813, 13812
13814, 13812
13815, 13812
13808, 13813
13812, 13813
13814, 13813
13815, 13813
13816, 13813
13812, 13814
13813, 13814
13815, 13814
13816, 13814
13812, 13815
13813, 13815
13814, 13815
13816, 13815
13813, 13816
13814, 13816
13815, 13816
