4402, 4395
4403, 4395
4408, 4395
4397, 4396
4398, 4396
4407, 4396
4413, 4396
4396, 4397
4398, 4397
4413, 4397
4396, 4398
4397, 4398
4399, 4398
4404, 4398
4410, 4398
4413, 4398
4398, 4399
4404, 4399
4405, 4399
4410, 4399
4401, 4400
4405, 4400
4411, 4400
4400, 4401
4405, 4401
4411, 4401
4395, 4402
4403, 4402
4408, 4402
4409, 4402
4395, 4403
4402, 4403
4406, 4403
4408, 4403
4409, 4403
4412, 4403
4398, 4404
4399, 4404
4410, 4404
4399, 4405
4400, 4405
4401, 4405
4411, 4405
4403, 4406
4407, 4406
4412, 4406
4396, 4407
4406, 4407
4412, 4407
4413, 4407
4395, 4408
4402, 4408
4403, 4408
4409, 4408
4402, 4409
4403, 4409
4408, 4409
4398, 4410
4399, 4410
4404, 4410
4400, 4411
4401, 4411
4405, 4411
4403, 4412
4406, 4412
4407, 4412
4396, 4413
4397, 4413
4398, 4413
4407, 4413
