13372, 13371
13377, 13371
13371, 13372
13376, 13372
13381, 13372
13374, 13373
13379, 13373
13383, 13373
13386, 13373
13373, 13374
13375, 13374
13384, 13374
13387, 13374
13374, 13375
13380, 13375
13385, 13375
13387, 13375
13372, 13376
13377, 13376
13371, 13377
13376, 13377
13381, 13377
13388, 13377
13383, 13378
13386, 13378
13390, 13378
13393, 13378
13373, 13379
13383, 13379
13384, 13379
13391, 13379
13394, 13379
13375, 13380
13385, 13380
13387, 13380
13392, 13380
13394, 13380
13372, 13381
13377, 13381
13382, 13381
13389, 13381
13381, 13382
13386, 13382
13388, 13382
13393, 13382
13373, 13383
13378, 13383
13379, 13383
13384, 13383
13391, 13383
13374, 13384
13379, 13384
13383, 13384
13390, 13384
13375, 13385
13380, 13385
13387, 13385
13394, 13385
13373, 13386
13378, 13386
13382, 13386
13389, 13386
13374, 13387
13375, 13387
13380, 13387
13385, 13387
13392, 13387
13394, 13387
13377, 13388
13382, 13388
13389, 13388
13381, 13389
13386, 13389
13388, 13389
13393, 13389
13378, 13390
13384, 13390
13391, 13390
13379, 13391
13383, 13391
13390, 13391
13380, 13392
13387, 13392
13394, 13392
13378, 13393
13382, 13393
13389, 13393
13379, 13394
13380, 13394
13385, 13394
13387, 13394
13392, 13394
