19189, 19188
19188, 19189
19190, 19189
19192, 19189
19201, 19189
19207, 19189
19189, 19190
19191, 19190
19193, 19190
19200, 19190
19201, 19190
19190, 19191
19200, 19191
19205, 19191
19206, 19191
19189, 19192
19193, 19192
19190, 19193
19192, 19193
19201, 19193
19207, 19193
19219, 19193
19197, 19194
19199, 19194
19212, 19194
19213, 19194
19198, 19195
19199, 19195
19200, 19195
19217, 19195
19218, 19195
19197, 19196
19194, 19197
19196, 19197
19198, 19197
19225, 19197
19195, 19198
19197, 19198
19199, 19198
19229, 19198
19230, 19198
19194, 19199
19195, 19199
19198, 19199
19224, 19199
19228, 19199
19190, 19200
19191, 19200
19195, 19200
19206, 19200
19189, 19201
19190, 19201
19193, 19201
19207, 19201
19225, 19201
19230, 19201
19208, 19202
19208, 19203
19209, 19203
19209, 19204
19210, 19204
19222, 19204
19232, 19204
19191, 19205
19211, 19205
19233, 19205
19191, 19206
19200, 19206
19189, 19207
19193, 19207
19201, 19207
19225, 19207
19230, 19207
19202, 19208
19203, 19208
19203, 19209
19204, 19209
19204, 19210
19211, 19210
19216, 19210
19227, 19210
19205, 19211
19210, 19211
19233, 19211
19194, 19212
19218, 19212
19194, 19213
19219, 19213
19225, 19213
19230, 19213
19220, 19214
19221, 19215
19222, 19215
19210, 19216
19222, 19216
19223, 19216
19232, 19216
19195, 19217
19223, 19217
19195, 19218
19212, 19218
19193, 19219
19213, 19219
19214, 19220
19221, 19220
19215, 19221
19220, 19221
19204, 19222
19215, 19222
19216, 19222
19216, 19223
19217, 19223
19233, 19223
19199, 19224
19229, 19224
19197, 19225
19201, 19225
19207, 19225
19213, 19225
19230, 19225
19227, 19226
19231, 19226
19210, 19227
19226, 19227
19232, 19227
19199, 19228
19233, 19228
19198, 19229
19224, 19229
19198, 19230
19201, 19230
19207, 19230
19213, 19230
19225, 19230
19226, 19231
19204, 19232
19216, 19232
19227, 19232
19233, 19232
19205, 19233
19211, 19233
19223, 19233
19228, 19233
19232, 19233
