18275, 18274
18281, 18274
18284, 18274
18274, 18275
18281, 18275
18284, 18275
18277, 18276
18287, 18276
18288, 18276
18276, 18277
18287, 18277
18288, 18277
18291, 18277
18279, 18278
18283, 18278
18288, 18278
18291, 18278
18278, 18279
18283, 18279
18290, 18279
18289, 18280
18290, 18280
18292, 18280
18274, 18281
18275, 18281
18284, 18281
18285, 18281
18284, 18282
18285, 18282
18286, 18282
18278, 18283
18279, 18283
18290, 18283
18274, 18284
18275, 18284
18281, 18284
18282, 18284
18285, 18284
18281, 18285
18282, 18285
18284, 18285
18286, 18285
18282, 18286
18285, 18286
18287, 18286
18276, 18287
18277, 18287
18286, 18287
18288, 18287
18276, 18288
18277, 18288
18278, 18288
18287, 18288
18291, 18288
18280, 18289
18290, 18289
18292, 18289
18279, 18290
18280, 18290
18283, 18290
18289, 18290
18292, 18290
18277, 18291
18278, 18291
18288, 18291
18280, 18292
18289, 18292
18290, 18292
