13489, 13488
13494, 13488
13488, 13489
13493, 13489
13498, 13489
13491, 13490
13501, 13490
13504, 13490
13490, 13491
13492, 13491
13495, 13491
13497, 13491
13502, 13491
13505, 13491
13491, 13492
13497, 13492
13503, 13492
13505, 13492
13513, 13492
13489, 13493
13494, 13493
13488, 13494
13493, 13494
13506, 13494
13491, 13495
13496, 13495
13509, 13495
13512, 13495
13495, 13496
13497, 13496
13510, 13496
13513, 13496
13491, 13497
13492, 13497
13496, 13497
13511, 13497
13513, 13497
13489, 13498
13499, 13498
13507, 13498
13498, 13499
13500, 13499
13506, 13499
13508, 13499
13499, 13500
13504, 13500
13507, 13500
13512, 13500
13490, 13501
13502, 13501
13510, 13501
13491, 13502
13501, 13502
13509, 13502
13492, 13503
13505, 13503
13513, 13503
13490, 13504
13500, 13504
13508, 13504
13491, 13505
13492, 13505
13503, 13505
13511, 13505
13513, 13505
13494, 13506
13499, 13506
13507, 13506
13498, 13507
13500, 13507
13506, 13507
13508, 13507
13499, 13508
13504, 13508
13507, 13508
13512, 13508
13495, 13509
13502, 13509
13510, 13509
13496, 13510
13501, 13510
13509, 13510
13497, 13511
13505, 13511
13513, 13511
13495, 13512
13500, 13512
13508, 13512
13492, 13513
13496, 13513
13497, 13513
13503, 13513
13505, 13513
13511, 13513
