18423, 18422
18424, 18422
18444, 18422
18422, 18423
18424, 18423
18425, 18423
18463, 18423
18422, 18424
18423, 18424
18425, 18424
18426, 18424
18423, 18425
18424, 18425
18426, 18425
18424, 18426
18425, 18426
18427, 18426
18426, 18427
18428, 18427
18449, 18427
18427, 18428
18429, 18428
18450, 18428
18428, 18429
18430, 18429
18449, 18429
18429, 18430
18431, 18430
18432, 18430
18453, 18430
18430, 18431
18432, 18431
18451, 18431
18453, 18431
18430, 18432
18431, 18432
18433, 18432
18453, 18432
18432, 18433
18434, 18433
18435, 18433
18454, 18433
18433, 18434
18435, 18434
18433, 18435
18434, 18435
18436, 18435
18435, 18436
18437, 18436
18457, 18436
18458, 18436
18436, 18437
18438, 18437
18456, 18437
18457, 18437
18458, 18437
18459, 18437
18437, 18438
18439, 18438
18457, 18438
18438, 18439
18440, 18439
18441, 18439
18439, 18440
18441, 18440
18442, 18440
18439, 18441
18440, 18441
18442, 18441
18461, 18441
18440, 18442
18441, 18442
18461, 18442
18444, 18443
18445, 18443
18465, 18443
18422, 18444
18443, 18444
18445, 18444
18446, 18444
18443, 18445
18444, 18445
18446, 18445
18447, 18445
18444, 18446
18445, 18446
18447, 18446
18445, 18447
18446, 18447
18448, 18447
18447, 18448
18449, 18448
18466, 18448
18467, 18448
18427, 18449
18429, 18449
18448, 18449
18450, 18449
18466, 18449
18428, 18450
18449, 18450
18451, 18450
18467, 18450
18431, 18451
18450, 18451
18452, 18451
18453, 18451
18466, 18451
18467, 18451
18451, 18452
18453, 18452
18430, 18453
18431, 18453
18432, 18453
18451, 18453
18452, 18453
18454, 18453
18433, 18454
18453, 18454
18455, 18454
18454, 18455
18456, 18455
18437, 18456
18455, 18456
18457, 18456
18436, 18457
18437, 18457
18438, 18457
18456, 18457
18458, 18457
18436, 18458
18437, 18458
18457, 18458
18459, 18458
18460, 18458
18437, 18459
18458, 18459
18460, 18459
18458, 18460
18459, 18460
18461, 18460
18441, 18461
18442, 18461
18460, 18461
18463, 18462
18465, 18462
18423, 18463
18462, 18463
18464, 18463
18465, 18463
18463, 18464
18465, 18464
18443, 18465
18462, 18465
18463, 18465
18464, 18465
18448, 18466
18449, 18466
18451, 18466
18467, 18466
18448, 18467
18450, 18467
18451, 18467
18466, 18467
