4479, 4473
4480, 4473
4488, 4473
4475, 4474
4490, 4474
4491, 4474
4495, 4474
4497, 4474
4474, 4475
4485, 4475
4492, 4475
4497, 4475
4500, 4475
4481, 4476
4486, 4476
4487, 4476
4501, 4476
4506, 4476
4478, 4477
4483, 4477
4484, 4477
4485, 4477
4503, 4477
4505, 4477
4477, 4478
4492, 4478
4505, 4478
4508, 4478
4473, 4479
4480, 4479
4498, 4479
4506, 4479
4510, 4479
4473, 4480
4479, 4480
4481, 4480
4486, 4480
4476, 4481
4480, 4481
4482, 4481
4489, 4481
4481, 4482
4483, 4482
4488, 4482
4477, 4483
4482, 4483
4484, 4483
4485, 4483
4477, 4484
4483, 4484
4485, 4484
4475, 4485
4477, 4485
4483, 4485
4484, 4485
4492, 4485
4476, 4486
4480, 4486
4487, 4486
4488, 4486
4512, 4486
4476, 4487
4486, 4487
4488, 4487
4473, 4488
4482, 4488
4486, 4488
4487, 4488
4489, 4488
4481, 4489
4488, 4489
4490, 4489
4474, 4490
4489, 4490
4491, 4490
4492, 4490
4474, 4491
4490, 4491
4492, 4491
4475, 4492
4478, 4492
4485, 4492
4490, 4492
4491, 4492
4494, 4493
4498, 4493
4502, 4493
4493, 4494
4496, 4494
4501, 4494
4474, 4495
4496, 4495
4497, 4495
4504, 4495
4505, 4495
4494, 4496
4495, 4496
4503, 4496
4474, 4497
4475, 4497
4495, 4497
4500, 4497
4503, 4497
4508, 4497
4479, 4498
4493, 4498
4499, 4498
4510, 4498
4512, 4498
4498, 4499
4509, 4499
4510, 4499
4511, 4499
4512, 4499
4475, 4500
4497, 4500
4505, 4500
4508, 4500
4476, 4501
4494, 4501
4502, 4501
4493, 4502
4501, 4502
4504, 4502
4477, 4503
4496, 4503
4497, 4503
4504, 4503
4505, 4503
4495, 4504
4502, 4504
4503, 4504
4477, 4505
4478, 4505
4495, 4505
4500, 4505
4503, 4505
4508, 4505
4476, 4506
4479, 4506
4507, 4506
4510, 4506
4512, 4506
4506, 4507
4509, 4507
4511, 4507
4478, 4508
4497, 4508
4500, 4508
4505, 4508
4499, 4509
4507, 4509
4510, 4509
4479, 4510
4498, 4510
4499, 4510
4506, 4510
4509, 4510
4512, 4510
4499, 4511
4507, 4511
4512, 4511
4486, 4512
4498, 4512
4499, 4512
4506, 4512
4510, 4512
4511, 4512
