6879, 6878
6891, 6878
6878, 6879
6890, 6879
6903, 6879
6881, 6880
6903, 6880
6908, 6880
6880, 6881
6904, 6881
6909, 6881
6883, 6882
6893, 6882
6895, 6882
6904, 6882
6882, 6883
6904, 6883
6906, 6883
6885, 6884
6897, 6884
6905, 6884
6906, 6884
6910, 6884
6911, 6884
6884, 6885
6896, 6885
6905, 6885
6906, 6885
6910, 6885
6911, 6885
6887, 6886
6902, 6886
6905, 6886
6907, 6886
6886, 6887
6888, 6887
6902, 6887
6907, 6887
6887, 6888
6889, 6888
6901, 6888
6888, 6889
6900, 6889
6901, 6889
6879, 6890
6891, 6890
6878, 6891
6890, 6891
6903, 6891
6908, 6891
6893, 6892
6903, 6892
6908, 6892
6882, 6893
6892, 6893
6904, 6893
6909, 6893
6895, 6894
6904, 6894
6909, 6894
6882, 6895
6894, 6895
6904, 6895
6909, 6895
6911, 6895
6885, 6896
6897, 6896
6906, 6896
6911, 6896
6884, 6897
6896, 6897
6910, 6897
6899, 6898
6902, 6898
6907, 6898
6910, 6898
6898, 6899
6900, 6899
6902, 6899
6889, 6900
6899, 6900
6901, 6900
6888, 6901
6889, 6901
6900, 6901
6886, 6902
6887, 6902
6898, 6902
6899, 6902
6879, 6903
6880, 6903
6891, 6903
6892, 6903
6881, 6904
6882, 6904
6883, 6904
6893, 6904
6894, 6904
6895, 6904
6884, 6905
6885, 6905
6886, 6905
6883, 6906
6884, 6906
6885, 6906
6896, 6906
6911, 6906
6886, 6907
6887, 6907
6898, 6907
6880, 6908
6891, 6908
6892, 6908
6881, 6909
6893, 6909
6894, 6909
6895, 6909
6884, 6910
6885, 6910
6897, 6910
6898, 6910
6884, 6911
6885, 6911
6895, 6911
6896, 6911
6906, 6911
