13606, 13586
13611, 13586
13609, 13587
13610, 13587
13614, 13587
13589, 13588
13594, 13588
13610, 13588
13615, 13588
13620, 13588
13588, 13589
13590, 13589
13593, 13589
13595, 13589
13610, 13589
13615, 13589
13589, 13590
13594, 13590
13592, 13591
13602, 13591
13611, 13591
13614, 13591
13591, 13592
13593, 13592
13601, 13592
13614, 13592
13615, 13592
13589, 13593
13592, 13593
13594, 13593
13602, 13593
13615, 13593
13588, 13594
13590, 13594
13593, 13594
13595, 13594
13589, 13595
13594, 13595
13605, 13595
13606, 13596
13611, 13596
13616, 13596
13619, 13596
13598, 13597
13599, 13597
13609, 13597
13614, 13597
13619, 13597
13620, 13597
13597, 13598
13599, 13598
13600, 13598
13620, 13598
13597, 13599
13598, 13599
13600, 13599
13598, 13600
13599, 13600
13592, 13601
13602, 13601
13621, 13601
13624, 13601
13591, 13602
13593, 13602
13601, 13602
13603, 13602
13604, 13602
13624, 13602
13625, 13602
13602, 13603
13604, 13603
13605, 13603
13625, 13603
13602, 13604
13603, 13604
13605, 13604
13595, 13605
13603, 13605
13604, 13605
13586, 13606
13596, 13606
13607, 13606
13609, 13606
13606, 13607
13608, 13607
13607, 13608
13587, 13609
13597, 13609
13606, 13609
13587, 13610
13588, 13610
13589, 13610
13625, 13610
13586, 13611
13591, 13611
13596, 13611
13612, 13611
13611, 13612
13613, 13612
13612, 13613
13587, 13614
13591, 13614
13592, 13614
13597, 13614
13588, 13615
13589, 13615
13592, 13615
13593, 13615
13625, 13615
13596, 13616
13617, 13616
13616, 13617
13618, 13617
13617, 13618
13596, 13619
13597, 13619
13588, 13620
13597, 13620
13598, 13620
13625, 13620
13601, 13621
13622, 13621
13621, 13622
13623, 13622
13622, 13623
13601, 13624
13602, 13624
13602, 13625
13603, 13625
13610, 13625
13615, 13625
13620, 13625
