4809, 4808
4814, 4808
4822, 4808
4808, 4809
4814, 4809
4823, 4809
4811, 4810
4815, 4810
4816, 4810
4817, 4810
4810, 4811
4812, 4811
4815, 4811
4820, 4811
4825, 4811
4811, 4812
4815, 4812
4825, 4812
4814, 4813
4821, 4813
4822, 4813
4808, 4814
4809, 4814
4813, 4814
4821, 4814
4822, 4814
4810, 4815
4811, 4815
4812, 4815
4816, 4815
4817, 4815
4810, 4816
4815, 4816
4817, 4816
4818, 4816
4810, 4817
4815, 4817
4816, 4817
4816, 4818
4819, 4818
4823, 4818
4824, 4818
4818, 4819
4823, 4819
4824, 4819
4811, 4820
4825, 4820
4813, 4821
4814, 4821
4822, 4821
4808, 4822
4813, 4822
4814, 4822
4821, 4822
4809, 4823
4818, 4823
4819, 4823
4824, 4823
4818, 4824
4819, 4824
4823, 4824
4811, 4825
4812, 4825
4820, 4825
