11924, 11923
11934, 11923
11936, 11923
11923, 11924
11925, 11924
11934, 11924
11936, 11924
11924, 11925
11934, 11925
11935, 11925
11936, 11925
11937, 11925
11927, 11926
11928, 11926
11929, 11926
11935, 11926
11937, 11926
11926, 11927
11928, 11927
11929, 11927
11937, 11927
11926, 11928
11927, 11928
11929, 11928
11930, 11928
11940, 11928
11926, 11929
11927, 11929
11928, 11929
11930, 11929
11940, 11929
11928, 11930
11929, 11930
11931, 11930
11932, 11930
11939, 11930
11940, 11930
11930, 11931
11932, 11931
11933, 11931
11938, 11931
11939, 11931
11930, 11932
11931, 11932
11933, 11932
11938, 11932
11941, 11932
11931, 11933
11932, 11933
11941, 11933
11942, 11933
11923, 11934
11924, 11934
11925, 11934
11935, 11934
11936, 11934
11925, 11935
11926, 11935
11934, 11935
11937, 11935
11923, 11936
11924, 11936
11925, 11936
11934, 11936
11925, 11937
11926, 11937
11927, 11937
11935, 11937
11940, 11937
11931, 11938
11932, 11938
11939, 11938
11941, 11938
11942, 11938
11930, 11939
11931, 11939
11938, 11939
11940, 11939
11941, 11939
11928, 11940
11929, 11940
11930, 11940
11937, 11940
11939, 11940
11932, 11941
11933, 11941
11938, 11941
11939, 11941
11942, 11941
11933, 11942
11938, 11942
11941, 11942
