14793, 14792
14795, 14792
14796, 14792
14797, 14792
14792, 14793
14795, 14793
14797, 14793
14798, 14793
14805, 14793
14798, 14794
14801, 14794
14805, 14794
14792, 14795
14793, 14795
14796, 14795
14798, 14795
14792, 14796
14795, 14796
14797, 14796
14805, 14796
14792, 14797
14793, 14797
14796, 14797
14805, 14797
14808, 14797
14793, 14798
14794, 14798
14795, 14798
14801, 14798
14808, 14798
14800, 14799
14802, 14799
14809, 14799
14799, 14800
14803, 14800
14810, 14800
14794, 14801
14798, 14801
14802, 14801
14805, 14801
14809, 14801
14799, 14802
14801, 14802
14806, 14802
14808, 14802
14809, 14802
14800, 14803
14804, 14803
14807, 14803
14811, 14803
14803, 14804
14810, 14804
14811, 14804
14793, 14805
14794, 14805
14796, 14805
14797, 14805
14801, 14805
14808, 14805
14802, 14806
14807, 14806
14809, 14806
14803, 14807
14806, 14807
14810, 14807
14797, 14808
14798, 14808
14802, 14808
14805, 14808
14809, 14808
14799, 14809
14801, 14809
14802, 14809
14806, 14809
14808, 14809
14800, 14810
14804, 14810
14807, 14810
14811, 14810
14803, 14811
14804, 14811
14810, 14811
