12443, 12442
12444, 12442
12460, 12442
12468, 12442
12442, 12443
12444, 12443
12459, 12443
12460, 12443
12468, 12443
12442, 12444
12443, 12444
12445, 12444
12456, 12444
12458, 12444
12444, 12445
12446, 12445
12456, 12445
12457, 12445
12445, 12446
12447, 12446
12463, 12446
12446, 12447
12448, 12447
12461, 12447
12463, 12447
12447, 12448
12449, 12448
12450, 12448
12467, 12448
12448, 12449
12450, 12449
12451, 12449
12466, 12449
12448, 12450
12449, 12450
12451, 12450
12466, 12450
12449, 12451
12450, 12451
12452, 12451
12451, 12452
12453, 12452
12454, 12452
12455, 12452
12452, 12453
12454, 12453
12455, 12453
12452, 12454
12453, 12454
12455, 12454
12452, 12455
12453, 12455
12454, 12455
12444, 12456
12445, 12456
12457, 12456
12458, 12456
12445, 12457
12456, 12457
12458, 12457
12444, 12458
12456, 12458
12457, 12458
12459, 12458
12460, 12458
12443, 12459
12458, 12459
12460, 12459
12442, 12460
12443, 12460
12458, 12460
12459, 12460
12468, 12460
12447, 12461
12462, 12461
12463, 12461
12464, 12461
12461, 12462
12463, 12462
12464, 12462
12465, 12462
12446, 12463
12447, 12463
12461, 12463
12462, 12463
12464, 12463
12461, 12464
12462, 12464
12463, 12464
12465, 12464
12466, 12464
12467, 12464
12462, 12465
12464, 12465
12466, 12465
12467, 12465
12449, 12466
12450, 12466
12464, 12466
12465, 12466
12467, 12466
12448, 12467
12464, 12467
12465, 12467
12466, 12467
12442, 12468
12443, 12468
12460, 12468
