11369, 11368
11370, 11368
11385, 11368
11368, 11369
11370, 11369
11385, 11369
11368, 11370
11369, 11370
11371, 11370
11385, 11370
11386, 11370
11370, 11371
11386, 11371
11387, 11371
11395, 11372
11396, 11372
11397, 11372
11374, 11373
11397, 11373
11398, 11373
11373, 11374
11375, 11374
11398, 11374
11399, 11374
11374, 11375
11376, 11375
11398, 11375
11399, 11375
11375, 11376
11377, 11376
11399, 11376
11400, 11376
11376, 11377
11399, 11377
11400, 11377
11379, 11378
11400, 11378
11401, 11378
11378, 11379
11380, 11379
11401, 11379
11379, 11380
11381, 11380
11401, 11380
11380, 11381
11382, 11381
11402, 11381
11381, 11382
11383, 11382
11402, 11382
11403, 11382
11382, 11383
11384, 11383
11403, 11383
11404, 11383
11383, 11384
11404, 11384
11405, 11384
11406, 11384
11368, 11385
11369, 11385
11370, 11385
11386, 11385
11370, 11386
11371, 11386
11385, 11386
11371, 11387
11388, 11387
11389, 11387
11387, 11388
11389, 11388
11390, 11388
11387, 11389
11388, 11389
11390, 11389
11391, 11389
11388, 11390
11389, 11390
11391, 11390
11389, 11391
11390, 11391
11392, 11391
11391, 11392
11393, 11392
11394, 11392
11392, 11393
11394, 11393
11395, 11393
11392, 11394
11393, 11394
11395, 11394
11396, 11394
11372, 11395
11393, 11395
11394, 11395
11396, 11395
11372, 11396
11394, 11396
11395, 11396
11372, 11397
11373, 11397
11398, 11397
11373, 11398
11374, 11398
11375, 11398
11397, 11398
11374, 11399
11375, 11399
11376, 11399
11377, 11399
11376, 11400
11377, 11400
11378, 11400
11378, 11401
11379, 11401
11380, 11401
11381, 11402
11382, 11402
11403, 11402
11382, 11403
11383, 11403
11402, 11403
11404, 11403
11383, 11404
11384, 11404
11403, 11404
11405, 11404
11406, 11404
11384, 11405
11404, 11405
11406, 11405
11384, 11406
11404, 11406
11405, 11406
