15864, 15863
15872, 15863
15863, 15864
15865, 15864
15873, 15864
15881, 15864
15884, 15864
15864, 15865
15866, 15865
15872, 15865
15874, 15865
15900, 15865
15906, 15865
15865, 15866
15873, 15866
15905, 15866
15907, 15866
15868, 15867
15875, 15867
15876, 15867
15902, 15867
15867, 15868
15875, 15868
15904, 15868
15870, 15869
15878, 15869
15883, 15869
15869, 15870
15877, 15870
15878, 15870
15879, 15871
15894, 15871
15863, 15872
15865, 15872
15873, 15872
15896, 15872
15899, 15872
15864, 15873
15866, 15873
15872, 15873
15874, 15873
15865, 15874
15873, 15874
15875, 15874
15867, 15875
15868, 15875
15874, 15875
15876, 15875
15867, 15876
15875, 15876
15877, 15876
15870, 15877
15876, 15877
15878, 15877
15869, 15878
15870, 15878
15877, 15878
15871, 15879
15880, 15879
15895, 15879
15879, 15880
15884, 15880
15894, 15880
15899, 15880
15864, 15881
15886, 15881
15901, 15881
15893, 15882
15897, 15882
15908, 15882
15869, 15883
15889, 15883
15898, 15883
15904, 15883
15864, 15884
15880, 15884
15895, 15884
15886, 15885
15900, 15885
15901, 15885
15881, 15886
15885, 15886
15896, 15886
15900, 15886
15901, 15886
15888, 15887
15902, 15887
15903, 15887
15887, 15888
15897, 15888
15902, 15888
15903, 15888
15883, 15889
15898, 15889
15904, 15889
15891, 15890
15905, 15890
15906, 15890
15890, 15891
15905, 15891
15906, 15891
15893, 15892
15907, 15892
15908, 15892
15882, 15893
15892, 15893
15897, 15893
15907, 15893
15908, 15893
15871, 15894
15880, 15894
15895, 15894
15879, 15895
15884, 15895
15894, 15895
15899, 15895
15872, 15896
15886, 15896
15901, 15896
15882, 15897
15888, 15897
15893, 15897
15908, 15897
15883, 15898
15889, 15898
15904, 15898
15872, 15899
15880, 15899
15895, 15899
15865, 15900
15885, 15900
15886, 15900
15901, 15900
15881, 15901
15885, 15901
15886, 15901
15896, 15901
15900, 15901
15867, 15902
15887, 15902
15888, 15902
15903, 15902
15887, 15903
15888, 15903
15902, 15903
15868, 15904
15883, 15904
15889, 15904
15898, 15904
15866, 15905
15890, 15905
15891, 15905
15906, 15905
15865, 15906
15890, 15906
15891, 15906
15905, 15906
15866, 15907
15892, 15907
15893, 15907
15908, 15907
15882, 15908
15892, 15908
15893, 15908
15897, 15908
15907, 15908
