16269, 16268
16284, 16268
16285, 16268
16268, 16269
16270, 16269
16271, 16269
16284, 16269
16285, 16269
16288, 16269
16289, 16269
16269, 16270
16271, 16270
16272, 16270
16289, 16270
16269, 16271
16270, 16271
16272, 16271
16270, 16272
16271, 16272
16273, 16272
16272, 16273
16274, 16273
16275, 16273
16273, 16274
16275, 16274
16276, 16274
16273, 16275
16274, 16275
16276, 16275
16277, 16275
16274, 16276
16275, 16276
16277, 16276
16278, 16276
16275, 16277
16276, 16277
16278, 16277
16279, 16277
16276, 16278
16277, 16278
16279, 16278
16277, 16279
16278, 16279
16280, 16279
16279, 16280
16281, 16280
16282, 16280
16283, 16280
16280, 16281
16282, 16281
16283, 16281
16280, 16282
16281, 16282
16283, 16282
16280, 16283
16281, 16283
16282, 16283
16268, 16284
16269, 16284
16285, 16284
16290, 16284
16268, 16285
16269, 16285
16284, 16285
16291, 16285
16292, 16285
16287, 16286
16290, 16286
16291, 16286
16286, 16287
16288, 16287
16290, 16287
16291, 16287
16292, 16287
16269, 16288
16287, 16288
16289, 16288
16291, 16288
16292, 16288
16293, 16288
16269, 16289
16270, 16289
16288, 16289
16292, 16289
16293, 16289
16284, 16290
16286, 16290
16287, 16290
16291, 16290
16285, 16291
16286, 16291
16287, 16291
16288, 16291
16290, 16291
16285, 16292
16287, 16292
16288, 16292
16289, 16292
16293, 16292
16288, 16293
16289, 16293
16292, 16293
