10839, 10838
10848, 10838
10838, 10839
10840, 10839
10847, 10839
10848, 10839
10856, 10839
10839, 10840
10841, 10840
10847, 10840
10857, 10840
10840, 10841
10842, 10841
10843, 10841
10850, 10841
10851, 10841
10860, 10841
10861, 10841
10841, 10842
10843, 10842
10849, 10842
10861, 10842
10841, 10843
10842, 10843
10849, 10843
10863, 10843
10845, 10844
10846, 10844
10852, 10844
10864, 10844
10867, 10844
10844, 10845
10846, 10845
10854, 10845
10868, 10845
10844, 10846
10845, 10846
10854, 10846
10839, 10847
10840, 10847
10848, 10847
10870, 10847
10838, 10848
10839, 10848
10847, 10848
10849, 10848
10876, 10848
10877, 10848
10842, 10849
10843, 10849
10848, 10849
10850, 10849
10851, 10849
10872, 10849
10873, 10849
10841, 10850
10849, 10850
10851, 10850
10873, 10850
10841, 10851
10849, 10851
10850, 10851
10881, 10851
10844, 10852
10853, 10852
10854, 10852
10878, 10852
10882, 10852
10852, 10853
10854, 10853
10868, 10853
10883, 10853
10845, 10854
10846, 10854
10852, 10854
10853, 10854
10862, 10855
10863, 10855
10874, 10855
10875, 10855
10881, 10855
10839, 10856
10858, 10856
10870, 10856
10840, 10857
10859, 10857
10871, 10857
10877, 10857
10856, 10858
10876, 10858
10857, 10859
10860, 10859
10877, 10859
10841, 10860
10859, 10860
10861, 10860
10872, 10860
10873, 10860
10841, 10861
10842, 10861
10860, 10861
10872, 10861
10855, 10862
10863, 10862
10864, 10862
10874, 10862
10878, 10862
10843, 10863
10855, 10863
10862, 10863
10869, 10863
10874, 10863
10875, 10863
10844, 10864
10862, 10864
10874, 10864
10866, 10865
10867, 10865
10880, 10865
10882, 10865
10865, 10866
10868, 10866
10879, 10866
10880, 10866
10883, 10866
10844, 10867
10865, 10867
10879, 10867
10845, 10868
10853, 10868
10866, 10868
10880, 10868
10883, 10868
10863, 10869
10874, 10869
10875, 10869
10881, 10869
10847, 10870
10856, 10870
10876, 10870
10857, 10871
10872, 10871
10877, 10871
10849, 10872
10860, 10872
10861, 10872
10871, 10872
10873, 10872
10849, 10873
10850, 10873
10860, 10873
10872, 10873
10855, 10874
10862, 10874
10863, 10874
10864, 10874
10869, 10874
10878, 10874
10855, 10875
10863, 10875
10869, 10875
10881, 10875
10848, 10876
10858, 10876
10870, 10876
10848, 10877
10857, 10877
10859, 10877
10871, 10877
10852, 10878
10862, 10878
10874, 10878
10866, 10879
10867, 10879
10880, 10879
10882, 10879
10865, 10880
10866, 10880
10868, 10880
10879, 10880
10883, 10880
10851, 10881
10855, 10881
10869, 10881
10875, 10881
10852, 10882
10865, 10882
10879, 10882
10853, 10883
10866, 10883
10868, 10883
10880, 10883
