4713, 4712
4721, 4712
4712, 4713
4714, 4713
4720, 4713
4722, 4713
4713, 4714
4721, 4714
4722, 4714
4734, 4714
4716, 4715
4717, 4715
4718, 4715
4733, 4715
4739, 4715
4715, 4716
4717, 4716
4718, 4716
4739, 4716
4715, 4717
4716, 4717
4718, 4717
4719, 4717
4715, 4718
4716, 4718
4717, 4718
4719, 4718
4730, 4718
4717, 4719
4718, 4719
4727, 4719
4736, 4719
4737, 4719
4713, 4720
4721, 4720
4712, 4721
4714, 4721
4720, 4721
4722, 4721
4713, 4722
4714, 4722
4721, 4722
4746, 4722
4724, 4723
4725, 4723
4726, 4723
4745, 4723
4751, 4723
4723, 4724
4725, 4724
4726, 4724
4751, 4724
4723, 4725
4724, 4725
4726, 4725
4727, 4725
4723, 4726
4724, 4726
4725, 4726
4727, 4726
4748, 4726
4719, 4727
4725, 4727
4726, 4727
4742, 4727
4749, 4727
4734, 4728
4735, 4728
4732, 4729
4735, 4729
4718, 4730
4736, 4730
4737, 4731
4729, 4732
4738, 4732
4750, 4732
4715, 4733
4738, 4733
4739, 4733
4745, 4733
4751, 4733
4714, 4734
4728, 4734
4728, 4735
4729, 4735
4719, 4736
4730, 4736
4719, 4737
4731, 4737
4732, 4738
4733, 4738
4744, 4738
4715, 4739
4716, 4739
4733, 4739
4751, 4739
4741, 4740
4746, 4740
4740, 4741
4747, 4741
4727, 4742
4748, 4742
4749, 4743
4738, 4744
4745, 4744
4750, 4744
4723, 4745
4733, 4745
4744, 4745
4751, 4745
4722, 4746
4740, 4746
4741, 4747
4750, 4747
4726, 4748
4742, 4748
4727, 4749
4743, 4749
4732, 4750
4744, 4750
4747, 4750
4723, 4751
4724, 4751
4733, 4751
4739, 4751
4745, 4751
