13633, 13626
13640, 13626
13629, 13627
13630, 13627
13636, 13627
13638, 13627
13645, 13627
13631, 13628
13632, 13628
13639, 13628
13627, 13629
13630, 13629
13640, 13629
13627, 13630
13629, 13630
13631, 13630
13632, 13630
13643, 13630
13645, 13630
13628, 13631
13630, 13631
13632, 13631
13646, 13631
13628, 13632
13630, 13632
13631, 13632
13626, 13633
13634, 13633
13641, 13633
13633, 13634
13635, 13634
13640, 13634
13642, 13634
13634, 13635
13638, 13635
13641, 13635
13645, 13635
13627, 13636
13637, 13636
13644, 13636
13636, 13637
13639, 13637
13643, 13637
13646, 13637
13627, 13638
13635, 13638
13642, 13638
13628, 13639
13637, 13639
13644, 13639
13646, 13639
13626, 13640
13629, 13640
13634, 13640
13641, 13640
13633, 13641
13635, 13641
13640, 13641
13642, 13641
13634, 13642
13638, 13642
13641, 13642
13645, 13642
13630, 13643
13637, 13643
13644, 13643
13636, 13644
13639, 13644
13643, 13644
13646, 13644
13627, 13645
13630, 13645
13635, 13645
13642, 13645
13631, 13646
13637, 13646
13639, 13646
13644, 13646
