2014, 2013
2026, 2013
2027, 2013
2013, 2014
2026, 2014
2027, 2014
2026, 2015
2030, 2015
2031, 2015
2017, 2016
2028, 2016
2032, 2016
2016, 2017
2028, 2017
2029, 2017
2019, 2018
2029, 2018
2033, 2018
2018, 2019
2020, 2019
2029, 2019
2033, 2019
2019, 2020
2033, 2020
2035, 2020
2022, 2021
2034, 2021
2036, 2021
2021, 2022
2034, 2022
2039, 2022
2040, 2022
2038, 2023
2040, 2023
2041, 2023
2025, 2024
2037, 2024
2038, 2024
2024, 2025
2037, 2025
2038, 2025
2013, 2026
2014, 2026
2015, 2026
2027, 2026
2030, 2026
2031, 2026
2013, 2027
2014, 2027
2026, 2027
2016, 2028
2017, 2028
2032, 2028
2017, 2029
2018, 2029
2019, 2029
2015, 2030
2026, 2030
2031, 2030
2015, 2031
2026, 2031
2030, 2031
2032, 2031
2016, 2032
2028, 2032
2031, 2032
2018, 2033
2019, 2033
2020, 2033
2035, 2033
2021, 2034
2022, 2034
2036, 2034
2039, 2034
2020, 2035
2033, 2035
2036, 2035
2021, 2036
2034, 2036
2035, 2036
2024, 2037
2025, 2037
2038, 2037
2023, 2038
2024, 2038
2025, 2038
2037, 2038
2041, 2038
2022, 2039
2034, 2039
2040, 2039
2022, 2040
2023, 2040
2039, 2040
2041, 2040
2023, 2041
2038, 2041
2040, 2041
