16102, 16101
16103, 16101
16104, 16101
16101, 16102
16103, 16102
16104, 16102
16105, 16102
16101, 16103
16102, 16103
16104, 16103
16105, 16103
16123, 16103
16101, 16104
16102, 16104
16103, 16104
16105, 16104
16106, 16104
16102, 16105
16103, 16105
16104, 16105
16106, 16105
16123, 16105
16104, 16106
16105, 16106
16107, 16106
16123, 16106
16106, 16107
16108, 16107
16109, 16107
16110, 16107
16107, 16108
16109, 16108
16110, 16108
16107, 16109
16108, 16109
16110, 16109
16124, 16109
16107, 16110
16108, 16110
16109, 16110
16111, 16110
16124, 16110
16110, 16111
16112, 16111
16113, 16111
16124, 16111
16111, 16112
16113, 16112
16114, 16112
16111, 16113
16112, 16113
16114, 16113
16125, 16113
16112, 16114
16113, 16114
16115, 16114
16116, 16114
16125, 16114
16114, 16115
16116, 16115
16117, 16115
16114, 16116
16115, 16116
16117, 16116
16118, 16116
16126, 16116
16115, 16117
16116, 16117
16118, 16117
16119, 16117
16126, 16117
16116, 16118
16117, 16118
16119, 16118
16120, 16118
16127, 16118
16117, 16119
16118, 16119
16120, 16119
16121, 16119
16122, 16119
16127, 16119
16128, 16119
16118, 16120
16119, 16120
16121, 16120
16122, 16120
16128, 16120
16119, 16121
16120, 16121
16122, 16121
16129, 16121
16119, 16122
16120, 16122
16121, 16122
16129, 16122
16103, 16123
16105, 16123
16106, 16123
16124, 16123
16109, 16124
16110, 16124
16111, 16124
16123, 16124
16125, 16124
16113, 16125
16114, 16125
16124, 16125
16126, 16125
16127, 16125
16116, 16126
16117, 16126
16125, 16126
16127, 16126
16128, 16126
16118, 16127
16119, 16127
16125, 16127
16126, 16127
16128, 16127
16129, 16127
16119, 16128
16120, 16128
16126, 16128
16127, 16128
16129, 16128
16121, 16129
16122, 16129
16127, 16129
16128, 16129
