8868, 8867
8875, 8867
8867, 8868
8869, 8868
8874, 8868
8868, 8869
8870, 8869
8877, 8869
8869, 8870
8871, 8870
8876, 8870
8878, 8870
8870, 8871
8877, 8871
8881, 8871
8873, 8872
8880, 8872
8898, 8872
8899, 8872
8872, 8873
8879, 8873
8880, 8873
8892, 8873
8893, 8873
8868, 8874
8875, 8874
8867, 8875
8874, 8875
8876, 8875
8870, 8876
8875, 8876
8877, 8876
8869, 8877
8871, 8877
8876, 8877
8878, 8877
8870, 8878
8877, 8878
8900, 8878
8873, 8879
8880, 8879
8898, 8879
8905, 8879
8914, 8879
8872, 8880
8873, 8880
8879, 8880
8911, 8880
8912, 8880
8871, 8881
8883, 8881
8902, 8881
8897, 8882
8916, 8882
8881, 8883
8889, 8883
8894, 8883
8900, 8883
8885, 8884
8890, 8884
8895, 8884
8884, 8885
8891, 8885
8896, 8885
8887, 8886
8899, 8886
8906, 8886
8886, 8887
8888, 8887
8899, 8887
8905, 8887
8887, 8888
8893, 8888
8883, 8889
8894, 8889
8902, 8889
8884, 8890
8895, 8890
8898, 8890
8903, 8890
8885, 8891
8894, 8891
8896, 8891
8904, 8891
8915, 8891
8873, 8892
8897, 8892
8916, 8892
8873, 8893
8888, 8893
8883, 8894
8889, 8894
8891, 8894
8902, 8894
8884, 8895
8890, 8895
8898, 8895
8903, 8895
8885, 8896
8891, 8896
8904, 8896
8910, 8896
8882, 8897
8892, 8897
8901, 8897
8911, 8897
8916, 8897
8872, 8898
8879, 8898
8890, 8898
8895, 8898
8909, 8898
8872, 8899
8886, 8899
8887, 8899
8905, 8899
8878, 8900
8883, 8900
8902, 8900
8897, 8901
8916, 8901
8881, 8902
8889, 8902
8894, 8902
8900, 8902
8908, 8902
8890, 8903
8895, 8903
8904, 8903
8909, 8903
8891, 8904
8896, 8904
8903, 8904
8915, 8904
8879, 8905
8887, 8905
8899, 8905
8906, 8905
8886, 8906
8905, 8906
8907, 8906
8906, 8907
8912, 8907
8902, 8908
8913, 8908
8898, 8909
8903, 8909
8914, 8909
8896, 8910
8913, 8910
8915, 8910
8880, 8911
8897, 8911
8916, 8911
8880, 8912
8907, 8912
8908, 8913
8910, 8913
8879, 8914
8909, 8914
8891, 8915
8904, 8915
8910, 8915
8882, 8916
8892, 8916
8897, 8916
8901, 8916
8911, 8916
