11176, 11174
11180, 11174
11184, 11174
11178, 11175
11182, 11175
11184, 11175
11174, 11176
11180, 11176
11184, 11176
11178, 11177
11179, 11177
11181, 11177
11182, 11177
11183, 11177
11185, 11177
11175, 11178
11177, 11178
11181, 11178
11182, 11178
11177, 11179
11181, 11179
11183, 11179
11185, 11179
11174, 11180
11176, 11180
11184, 11180
11177, 11181
11178, 11181
11179, 11181
11182, 11181
11175, 11182
11177, 11182
11178, 11182
11181, 11182
11177, 11183
11179, 11183
11185, 11183
11174, 11184
11175, 11184
11176, 11184
11180, 11184
11177, 11185
11179, 11185
11183, 11185
