15264, 15263
15265, 15263
15266, 15263
15263, 15264
15265, 15264
15266, 15264
15277, 15264
15263, 15265
15264, 15265
15266, 15265
15263, 15266
15264, 15266
15265, 15266
15268, 15267
15272, 15267
15273, 15267
15267, 15268
15269, 15268
15272, 15268
15273, 15268
15274, 15268
15275, 15268
15268, 15269
15274, 15269
15275, 15269
15271, 15270
15276, 15270
15277, 15270
15270, 15271
15275, 15271
15276, 15271
15277, 15271
15267, 15272
15268, 15272
15273, 15272
15267, 15273
15268, 15273
15272, 15273
15274, 15273
15268, 15274
15269, 15274
15273, 15274
15275, 15274
15268, 15275
15269, 15275
15271, 15275
15274, 15275
15270, 15276
15271, 15276
15277, 15276
15264, 15277
15270, 15277
15271, 15277
15276, 15277
