14981, 14980
14984, 14980
14988, 14980
14980, 14981
14984, 14981
14988, 14981
14984, 14982
14987, 14982
14988, 14982
14985, 14983
14986, 14983
14989, 14983
14990, 14983
14991, 14983
14980, 14984
14981, 14984
14982, 14984
14988, 14984
14983, 14985
14986, 14985
14987, 14985
14989, 14985
14990, 14985
14983, 14986
14985, 14986
14989, 14986
14990, 14986
14991, 14986
14982, 14987
14985, 14987
14989, 14987
14980, 14988
14981, 14988
14982, 14988
14984, 14988
14983, 14989
14985, 14989
14986, 14989
14987, 14989
14990, 14989
14983, 14990
14985, 14990
14986, 14990
14989, 14990
14991, 14990
14983, 14991
14986, 14991
14990, 14991
