3298, 3297
3302, 3297
3297, 3298
3302, 3298
3309, 3298
3315, 3298
3325, 3298
3300, 3299
3303, 3299
3305, 3299
3314, 3299
3299, 3300
3304, 3300
3305, 3300
3302, 3301
3312, 3301
3313, 3301
3320, 3301
3324, 3301
3297, 3302
3298, 3302
3301, 3302
3322, 3302
3325, 3302
3299, 3303
3304, 3303
3305, 3303
3323, 3303
3326, 3303
3300, 3304
3303, 3304
3305, 3304
3326, 3304
3299, 3305
3300, 3305
3303, 3305
3304, 3305
3307, 3306
3320, 3306
3306, 3307
3312, 3307
3313, 3307
3319, 3307
3316, 3308
3318, 3308
3327, 3308
3329, 3308
3298, 3309
3317, 3309
3325, 3309
3328, 3309
3314, 3310
3316, 3310
3326, 3310
3329, 3310
3313, 3311
3315, 3311
3324, 3311
3325, 3311
3301, 3312
3307, 3312
3313, 3312
3320, 3312
3301, 3313
3307, 3313
3311, 3313
3312, 3313
3320, 3313
3299, 3314
3310, 3314
3323, 3314
3326, 3314
3298, 3315
3311, 3315
3324, 3315
3325, 3315
3308, 3316
3310, 3316
3321, 3316
3323, 3316
3329, 3316
3309, 3317
3318, 3317
3322, 3317
3328, 3317
3308, 3318
3317, 3318
3321, 3318
3327, 3318
3307, 3319
3320, 3319
3301, 3320
3306, 3320
3312, 3320
3313, 3320
3319, 3320
3316, 3321
3318, 3321
3327, 3321
3329, 3321
3302, 3322
3317, 3322
3325, 3322
3328, 3322
3303, 3323
3314, 3323
3316, 3323
3326, 3323
3329, 3323
3301, 3324
3311, 3324
3315, 3324
3325, 3324
3298, 3325
3302, 3325
3309, 3325
3311, 3325
3315, 3325
3322, 3325
3324, 3325
3303, 3326
3304, 3326
3310, 3326
3314, 3326
3323, 3326
3308, 3327
3318, 3327
3321, 3327
3328, 3327
3309, 3328
3317, 3328
3322, 3328
3327, 3328
3308, 3329
3310, 3329
3316, 3329
3321, 3329
3323, 3329
