14850, 14849
14851, 14849
14860, 14849
14849, 14850
14851, 14850
14852, 14850
14860, 14850
14849, 14851
14850, 14851
14852, 14851
14860, 14851
14850, 14852
14851, 14852
14856, 14852
14860, 14852
14854, 14853
14857, 14853
14858, 14853
14853, 14854
14855, 14854
14857, 14854
14858, 14854
14859, 14854
14854, 14855
14856, 14855
14859, 14855
14860, 14855
14852, 14856
14855, 14856
14859, 14856
14860, 14856
14853, 14857
14854, 14857
14858, 14857
14853, 14858
14854, 14858
14857, 14858
14859, 14858
14854, 14859
14855, 14859
14856, 14859
14858, 14859
14849, 14860
14850, 14860
14851, 14860
14852, 14860
14855, 14860
14856, 14860
