17063, 17062
17064, 17062
17084, 17062
17092, 17062
17062, 17063
17064, 17063
17084, 17063
17085, 17063
17092, 17063
17062, 17064
17063, 17064
17065, 17064
17085, 17064
17086, 17064
17064, 17065
17066, 17065
17086, 17065
17087, 17065
17065, 17066
17067, 17066
17087, 17066
17066, 17067
17068, 17067
17087, 17067
17088, 17067
17067, 17068
17069, 17068
17088, 17068
17068, 17069
17088, 17069
17089, 17069
17071, 17070
17089, 17070
17090, 17070
17091, 17070
17070, 17071
17072, 17071
17090, 17071
17091, 17071
17071, 17072
17090, 17072
17091, 17072
17074, 17073
17075, 17073
17093, 17073
17073, 17074
17075, 17074
17093, 17074
17094, 17074
17101, 17074
17073, 17075
17074, 17075
17076, 17075
17094, 17075
17095, 17075
17075, 17076
17077, 17076
17078, 17076
17095, 17076
17096, 17076
17076, 17077
17078, 17077
17079, 17077
17096, 17077
17076, 17078
17077, 17078
17079, 17078
17080, 17078
17097, 17078
17077, 17079
17078, 17079
17080, 17079
17081, 17079
17097, 17079
17078, 17080
17079, 17080
17081, 17080
17098, 17080
17079, 17081
17080, 17081
17082, 17081
17083, 17081
17098, 17081
17099, 17081
17081, 17082
17083, 17082
17099, 17082
17100, 17082
17081, 17083
17082, 17083
17100, 17083
17062, 17084
17063, 17084
17085, 17084
17092, 17084
17063, 17085
17064, 17085
17084, 17085
17086, 17085
17092, 17085
17064, 17086
17065, 17086
17085, 17086
17087, 17086
17065, 17087
17066, 17087
17067, 17087
17086, 17087
17067, 17088
17068, 17088
17069, 17088
17089, 17088
17069, 17089
17070, 17089
17088, 17089
17090, 17089
17070, 17090
17071, 17090
17072, 17090
17089, 17090
17091, 17090
17070, 17091
17071, 17091
17072, 17091
17090, 17091
17062, 17092
17063, 17092
17084, 17092
17085, 17092
17073, 17093
17074, 17093
17094, 17093
17101, 17093
17074, 17094
17075, 17094
17093, 17094
17095, 17094
17101, 17094
17075, 17095
17076, 17095
17094, 17095
17096, 17095
17076, 17096
17077, 17096
17095, 17096
17097, 17096
17078, 17097
17079, 17097
17096, 17097
17098, 17097
17099, 17097
17080, 17098
17081, 17098
17097, 17098
17099, 17098
17100, 17098
17081, 17099
17082, 17099
17097, 17099
17098, 17099
17100, 17099
17082, 17100
17083, 17100
17098, 17100
17099, 17100
17074, 17101
17093, 17101
17094, 17101
