15139, 15138
15164, 15138
15138, 15139
15140, 15139
15156, 15139
15158, 15139
15162, 15139
15165, 15139
15139, 15140
15141, 15140
15159, 15140
15162, 15140
15140, 15141
15158, 15141
15166, 15141
15159, 15142
15166, 15142
15167, 15142
15161, 15143
15168, 15143
15169, 15143
15145, 15144
15173, 15144
15174, 15144
15144, 15145
15146, 15145
15150, 15145
15171, 15145
15174, 15145
15145, 15146
15147, 15146
15151, 15146
15153, 15146
15171, 15146
15146, 15147
15154, 15147
15175, 15147
15159, 15148
15175, 15148
15176, 15148
15161, 15149
15177, 15149
15178, 15149
15145, 15150
15151, 15150
15182, 15150
15183, 15150
15146, 15151
15150, 15151
15152, 15151
15180, 15151
15183, 15151
15151, 15152
15153, 15152
15180, 15152
15146, 15153
15152, 15153
15184, 15153
15147, 15154
15184, 15154
15185, 15154
15161, 15155
15186, 15155
15187, 15155
15139, 15156
15157, 15156
15191, 15156
15192, 15156
15156, 15157
15158, 15157
15189, 15157
15192, 15157
15139, 15158
15141, 15158
15157, 15158
15159, 15158
15189, 15158
15140, 15159
15142, 15159
15148, 15159
15158, 15159
15193, 15159
15193, 15160
15194, 15160
15143, 15161
15149, 15161
15155, 15161
15195, 15161
15196, 15161
15139, 15162
15140, 15162
15164, 15163
15138, 15164
15163, 15164
15165, 15164
15139, 15165
15164, 15165
15141, 15166
15142, 15166
15142, 15167
15168, 15167
15143, 15168
15167, 15168
15143, 15169
15170, 15169
15169, 15170
15197, 15170
15145, 15171
15146, 15171
15173, 15172
15144, 15173
15172, 15173
15144, 15174
15145, 15174
15147, 15175
15148, 15175
15148, 15176
15177, 15176
15149, 15177
15176, 15177
15149, 15178
15179, 15178
15178, 15179
15197, 15179
15151, 15180
15152, 15180
15182, 15181
15150, 15182
15181, 15182
15150, 15183
15151, 15183
15153, 15184
15154, 15184
15154, 15185
15186, 15185
15155, 15186
15185, 15186
15155, 15187
15188, 15187
15187, 15188
15197, 15188
15157, 15189
15158, 15189
15191, 15190
15156, 15191
15190, 15191
15156, 15192
15157, 15192
15159, 15193
15160, 15193
15160, 15194
15195, 15194
15161, 15195
15194, 15195
15161, 15196
15197, 15196
15170, 15197
15179, 15197
15188, 15197
15196, 15197
