4797, 4786
4805, 4786
4788, 4787
4791, 4787
4794, 4787
4796, 4787
4787, 4788
4790, 4788
4791, 4788
4796, 4788
4799, 4788
4797, 4789
4800, 4789
4805, 4789
4788, 4790
4791, 4790
4802, 4790
4804, 4790
4787, 4791
4788, 4791
4790, 4791
4804, 4791
4807, 4791
4793, 4792
4797, 4792
4801, 4792
4792, 4793
4795, 4793
4800, 4793
4787, 4794
4795, 4794
4796, 4794
4803, 4794
4804, 4794
4793, 4795
4794, 4795
4802, 4795
4787, 4796
4788, 4796
4794, 4796
4799, 4796
4802, 4796
4807, 4796
4786, 4797
4789, 4797
4792, 4797
4798, 4797
4806, 4797
4797, 4798
4805, 4798
4788, 4799
4796, 4799
4804, 4799
4807, 4799
4789, 4800
4793, 4800
4801, 4800
4792, 4801
4800, 4801
4803, 4801
4790, 4802
4795, 4802
4796, 4802
4803, 4802
4804, 4802
4794, 4803
4801, 4803
4802, 4803
4790, 4804
4791, 4804
4794, 4804
4799, 4804
4802, 4804
4807, 4804
4786, 4805
4789, 4805
4798, 4805
4806, 4805
4797, 4806
4805, 4806
4791, 4807
4796, 4807
4799, 4807
4804, 4807
