16409, 16408
16423, 16408
16424, 16408
16408, 16409
16410, 16409
16411, 16409
16425, 16409
16409, 16410
16411, 16410
16412, 16410
16423, 16410
16424, 16410
16425, 16410
16427, 16410
16409, 16411
16410, 16411
16412, 16411
16413, 16411
16427, 16411
16410, 16412
16411, 16412
16413, 16412
16427, 16412
16432, 16412
16411, 16413
16412, 16413
16414, 16413
16432, 16413
16433, 16413
16413, 16414
16415, 16414
16416, 16414
16431, 16414
16435, 16414
16414, 16415
16416, 16415
16417, 16415
16430, 16415
16437, 16415
16414, 16416
16415, 16416
16417, 16416
16418, 16416
16429, 16416
16430, 16416
16415, 16417
16416, 16417
16418, 16417
16419, 16417
16428, 16417
16429, 16417
16416, 16418
16417, 16418
16419, 16418
16420, 16418
16428, 16418
16417, 16419
16418, 16419
16420, 16419
16428, 16419
16418, 16420
16419, 16420
16421, 16420
16438, 16420
16420, 16421
16422, 16421
16426, 16421
16439, 16421
16421, 16422
16440, 16422
16441, 16422
16408, 16423
16410, 16423
16424, 16423
16425, 16423
16408, 16424
16410, 16424
16423, 16424
16425, 16424
16409, 16425
16410, 16425
16423, 16425
16424, 16425
16421, 16426
16438, 16426
16439, 16426
16440, 16426
16441, 16426
16410, 16427
16411, 16427
16412, 16427
16432, 16427
16417, 16428
16418, 16428
16419, 16428
16429, 16428
16430, 16428
16416, 16429
16417, 16429
16428, 16429
16430, 16429
16415, 16430
16416, 16430
16428, 16430
16429, 16430
16436, 16430
16437, 16430
16414, 16431
16434, 16431
16435, 16431
16436, 16431
16437, 16431
16412, 16432
16413, 16432
16427, 16432
16433, 16432
16434, 16432
16413, 16433
16432, 16433
16434, 16433
16435, 16433
16431, 16434
16432, 16434
16433, 16434
16435, 16434
16414, 16435
16431, 16435
16433, 16435
16434, 16435
16430, 16436
16431, 16436
16437, 16436
16415, 16437
16430, 16437
16431, 16437
16436, 16437
16420, 16438
16426, 16438
16439, 16438
16441, 16438
16421, 16439
16426, 16439
16438, 16439
16440, 16439
16441, 16439
16422, 16440
16426, 16440
16439, 16440
16441, 16440
16422, 16441
16426, 16441
16438, 16441
16439, 16441
16440, 16441
