10149, 10148
10164, 10148
10148, 10149
10150, 10149
10167, 10149
10184, 10149
10149, 10150
10166, 10150
10183, 10150
10152, 10151
10169, 10151
10170, 10151
10183, 10151
10151, 10152
10153, 10152
10168, 10152
10170, 10152
10152, 10153
10154, 10153
10168, 10153
10169, 10153
10171, 10153
10186, 10153
10153, 10154
10155, 10154
10170, 10154
10181, 10154
10154, 10155
10156, 10155
10173, 10155
10155, 10156
10157, 10156
10158, 10156
10156, 10157
10158, 10157
10173, 10157
10156, 10158
10157, 10158
10159, 10158
10160, 10158
10158, 10159
10160, 10159
10175, 10159
10177, 10159
10158, 10160
10159, 10160
10178, 10160
10180, 10160
10162, 10161
10163, 10161
10177, 10161
10185, 10161
10161, 10162
10163, 10162
10179, 10162
10188, 10162
10161, 10163
10162, 10163
10179, 10163
10188, 10163
10148, 10164
10165, 10164
10166, 10164
10193, 10164
10196, 10164
10164, 10165
10166, 10165
10167, 10165
10193, 10165
10150, 10166
10164, 10166
10165, 10166
10167, 10166
10149, 10167
10165, 10167
10166, 10167
10192, 10167
10152, 10168
10153, 10168
10169, 10168
10192, 10168
10151, 10169
10153, 10169
10168, 10169
10170, 10169
10151, 10170
10152, 10170
10154, 10170
10169, 10170
10171, 10170
10195, 10170
10153, 10171
10170, 10171
10172, 10171
10190, 10171
10171, 10172
10173, 10172
10155, 10173
10157, 10173
10172, 10173
10174, 10173
10173, 10174
10175, 10174
10159, 10175
10174, 10175
10176, 10175
10175, 10176
10177, 10176
10159, 10177
10161, 10177
10176, 10177
10178, 10177
10189, 10177
10160, 10178
10177, 10178
10179, 10178
10194, 10178
10197, 10178
10162, 10179
10163, 10179
10178, 10179
10197, 10179
10160, 10180
10185, 10180
10188, 10180
10197, 10180
10154, 10181
10183, 10181
10186, 10181
10192, 10181
10184, 10182
10187, 10182
10193, 10182
10196, 10182
10150, 10183
10151, 10183
10181, 10183
10186, 10183
10149, 10184
10182, 10184
10187, 10184
10161, 10185
10180, 10185
10188, 10185
10197, 10185
10153, 10186
10181, 10186
10183, 10186
10192, 10186
10182, 10187
10184, 10187
10191, 10187
10193, 10187
10162, 10188
10163, 10188
10180, 10188
10185, 10188
10197, 10188
10177, 10189
10194, 10189
10171, 10190
10195, 10190
10187, 10191
10196, 10191
10167, 10192
10168, 10192
10181, 10192
10186, 10192
10164, 10193
10165, 10193
10182, 10193
10187, 10193
10178, 10194
10189, 10194
10170, 10195
10190, 10195
10164, 10196
10182, 10196
10191, 10196
10178, 10197
10179, 10197
10180, 10197
10185, 10197
10188, 10197
