15.000000, 21.697444, 41.740000, -0.950000,  1.883000,127.700000,  9.000000,  4.000000,  2.000000,  4.000000,  7.000000,  4.000000,  4.000000,  7.000000,  4.000000,  8.000000,  5.000000,  2.000000, 1, 0, 0
13.000000, 18.701751, 44.130000,  0.800000,  2.062000,114.400000,  4.000000,  4.000000,  5.000000,  4.000000,  6.000000,  3.000000,  3.000000,  4.000000,  6.000000,  4.000000,  4.000000,  5.000000, 1, 0, 0
5.000000,  7.389453, 19.940000,  0.390000,  0.956000, 41.000000,  1.000000,  2.000000,  2.000000,  2.000000,  1.000000,  2.000000,  2.000000,  1.000000,  2.000000,  0.000000,  3.000000,  2.000000, 1, 0, 0
8.000000, 11.354855, 18.030000, -1.390000,  0.786000, 71.300000,  6.000000,  1.000000,  1.000000,  2.000000,  5.000000,  1.000000,  2.000000,  4.000000,  2.000000,  6.000000,  1.000000,  1.000000, 1, 0, 0
12.000000, 16.682174, 37.520000, -4.320000,  1.640000,114.900000,  7.000000,  4.000000,  1.000000,  6.000000,  4.000000,  2.000000,  2.000000,  4.000000,  6.000000,  6.000000,  5.000000,  1.000000, 1, 0, 0
6.000000,  8.659514, 18.100000,  0.610000,  0.827000, 45.300000,  4.000000,  0.000000,  2.000000,  0.000000,  5.000000,  1.000000,  2.000000,  4.000000,  0.000000,  4.000000,  0.000000,  2.000000, 1, 0, 0
10.000000, 12.894289, 20.280000, -2.450000,  0.897000, 85.600000,  6.000000,  4.000000,  0.000000,  2.000000,  6.000000,  2.000000,  2.000000,  6.000000,  2.000000,  5.000000,  5.000000,  0.000000, 1, 0, 0
18.000000, 25.133376, 63.600000,  8.250000,  2.962000,130.600000,  4.000000, 10.000000,  4.000000,  3.000000,  5.000000, 10.000000, 10.000000,  4.000000,  4.000000,  4.000000, 10.000000,  4.000000, 1, 0, 0
15.000000, 21.246975, 58.900000,  4.170000,  2.699000,119.200000,  3.000000,  9.000000,  3.000000,  6.000000,  2.000000,  7.000000,  8.000000,  1.000000,  6.000000,  3.000000,  9.000000,  3.000000, 1, 0, 0
7.000000, 10.936264, 28.880000, -1.300000,  1.324000, 62.100000,  2.000000,  2.000000,  3.000000,  3.000000,  3.000000,  1.000000,  2.000000,  2.000000,  3.000000,  2.000000,  2.000000,  3.000000, 1, 0, 0
8.000000, 10.255462, 19.580000, -2.570000,  0.891000, 74.400000,  6.000000,  1.000000,  1.000000,  3.000000,  5.000000,  0.000000,  0.000000,  5.000000,  3.000000,  5.000000,  2.000000,  1.000000, 1, 0, 0
14.000000, 20.000306, 27.860000,  2.090000,  1.280000,108.700000, 10.000000,  3.000000,  1.000000,  0.000000, 11.000000,  3.000000,  3.000000, 10.000000,  1.000000, 10.000000,  3.000000,  1.000000, 1, 0, 0
15.000000, 21.691311, 33.640000, -0.850000,  1.515000,128.400000, 10.000000,  4.000000,  1.000000,  4.000000,  8.000000,  3.000000,  3.000000,  8.000000,  4.000000, 10.000000,  4.000000,  1.000000, 1, 0, 0
15.000000, 21.635101, 41.740000, -0.950000,  1.883000,127.700000,  9.000000,  4.000000,  2.000000,  4.000000,  7.000000,  4.000000,  4.000000,  7.000000,  4.000000,  8.000000,  5.000000,  2.000000, 1, 0, 0
13.000000, 18.702899, 44.130000,  0.800000,  2.062000,114.400000,  4.000000,  4.000000,  5.000000,  4.000000,  6.000000,  3.000000,  3.000000,  4.000000,  6.000000,  4.000000,  4.000000,  5.000000, 1, 0, 0
5.000000,  7.414005, 19.940000,  0.390000,  0.956000, 41.000000,  1.000000,  2.000000,  2.000000,  2.000000,  1.000000,  2.000000,  2.000000,  1.000000,  2.000000,  0.000000,  3.000000,  2.000000, 1, 0, 0
5.000000,  6.605797, 17.030000,  0.190000,  0.740000, 45.200000,  3.000000,  1.000000,  1.000000,  2.000000,  2.000000,  1.000000,  2.000000,  1.000000,  2.000000,  3.000000,  1.000000,  1.000000, 1, 0, 0
12.000000, 16.738338, 37.520000, -4.320000,  1.640000,114.900000,  7.000000,  4.000000,  1.000000,  6.000000,  4.000000,  2.000000,  2.000000,  4.000000,  6.000000,  6.000000,  5.000000,  1.000000, 1, 0, 0
6.000000,  8.530813, 18.100000,  0.610000,  0.827000, 45.300000,  4.000000,  0.000000,  2.000000,  0.000000,  5.000000,  1.000000,  2.000000,  4.000000,  0.000000,  4.000000,  0.000000,  2.000000, 1, 0, 0
10.000000, 13.764486, 20.280000, -2.450000,  0.897000, 85.600000,  6.000000,  4.000000,  0.000000,  2.000000,  6.000000,  2.000000,  2.000000,  6.000000,  2.000000,  5.000000,  5.000000,  0.000000, 1, 0, 0
18.000000, 25.474406, 63.600000,  8.250000,  2.962000,130.600000,  4.000000, 10.000000,  4.000000,  3.000000,  5.000000, 10.000000, 10.000000,  4.000000,  4.000000,  4.000000, 10.000000,  4.000000, 1, 0, 0
15.000000, 21.194534, 58.900000,  4.170000,  2.699000,119.200000,  3.000000,  9.000000,  3.000000,  6.000000,  2.000000,  7.000000,  8.000000,  1.000000,  6.000000,  3.000000,  9.000000,  3.000000, 1, 0, 0
7.000000, 11.228174, 28.880000, -1.300000,  1.324000, 62.100000,  2.000000,  2.000000,  3.000000,  3.000000,  3.000000,  1.000000,  2.000000,  2.000000,  3.000000,  2.000000,  2.000000,  3.000000, 1, 0, 0
9.000000, 12.856807, 22.580000, -1.440000,  1.031000, 80.300000,  6.000000,  2.000000,  1.000000,  3.000000,  5.000000,  1.000000,  1.000000,  5.000000,  3.000000,  5.000000,  3.000000,  1.000000, 1, 0, 0
14.000000, 20.003729, 27.860000,  2.090000,  1.280000,108.700000, 10.000000,  3.000000,  1.000000,  0.000000, 11.000000,  3.000000,  3.000000, 10.000000,  1.000000, 10.000000,  3.000000,  1.000000, 1, 0, 0
15.000000, 21.693928, 33.640000, -0.850000,  1.515000,128.400000, 10.000000,  4.000000,  1.000000,  4.000000,  8.000000,  3.000000,  3.000000,  8.000000,  4.000000, 10.000000,  4.000000,  1.000000, 1, 0, 0
3.000000,  6.660588, 12.420000,  1.470000,  0.572000, 23.700000,  0.000000,  2.000000,  1.000000,  1.000000,  1.000000,  1.000000,  2.000000,  0.000000,  1.000000,  0.000000,  2.000000,  1.000000, 0, 1, 0
3.000000,  6.439736, 10.890000,  3.180000,  0.522000, 18.500000,  1.000000,  1.000000,  1.000000,  0.000000,  1.000000,  2.000000,  2.000000,  1.000000,  0.000000,  1.000000,  1.000000,  1.000000, 0, 1, 0
7.000000, 19.092678, 19.200000,  4.390000,  0.870000, 47.200000,  2.000000,  5.000000,  0.000000,  0.000000,  2.000000,  5.000000,  5.000000,  2.000000,  0.000000,  2.000000,  5.000000,  0.000000, 0, 1, 0
7.000000, 19.483921, 25.880000,  3.120000,  1.217000, 49.500000,  2.000000,  3.000000,  2.000000,  1.000000,  2.000000,  4.000000,  4.000000,  2.000000,  1.000000,  1.000000,  4.000000,  2.000000, 0, 1, 0
5.000000, 13.365488, 20.910000,  2.610000,  1.011000, 35.800000,  1.000000,  1.000000,  3.000000,  1.000000,  1.000000,  3.000000,  3.000000,  1.000000,  1.000000,  1.000000,  1.000000,  3.000000, 0, 1, 0
5.000000, 12.763112, 10.000000,  2.610000,  0.466000, 34.800000,  2.000000,  3.000000,  0.000000,  0.000000,  2.000000,  3.000000,  3.000000,  2.000000,  0.000000,  2.000000,  3.000000,  0.000000, 0, 1, 0
3.000000,  6.468079,  9.550000, -0.740000,  0.428000, 25.000000,  1.000000,  2.000000,  0.000000,  1.000000,  1.000000,  1.000000,  1.000000,  1.000000,  1.000000,  1.000000,  2.000000,  0.000000, 0, 1, 0
3.000000,  6.523024,  9.550000, -0.740000,  0.428000, 25.000000,  1.000000,  2.000000,  0.000000,  1.000000,  1.000000,  1.000000,  1.000000,  1.000000,  1.000000,  1.000000,  2.000000,  0.000000, 0, 1, 0
9.000000, 24.456495, 33.940000,  0.900000,  1.508000, 78.800000,  3.000000,  4.000000,  2.000000,  4.000000,  2.000000,  3.000000,  4.000000,  1.000000,  4.000000,  3.000000,  4.000000,  2.000000, 0, 1, 0
10.000000, 29.537913, 30.860000,  1.980000,  1.434000, 76.000000,  4.000000,  4.000000,  2.000000,  2.000000,  4.000000,  4.000000,  4.000000,  4.000000,  2.000000,  4.000000,  4.000000,  2.000000, 0, 1, 0
10.000000, 29.595203, 35.240000,  1.780000,  1.579000, 84.300000,  3.000000,  6.000000,  1.000000,  4.000000,  2.000000,  4.000000,  4.000000,  2.000000,  4.000000,  3.000000,  6.000000,  1.000000, 0, 1, 0
3.000000,  6.678582, 12.420000,  1.470000,  0.572000, 23.700000,  0.000000,  2.000000,  1.000000,  1.000000,  1.000000,  1.000000,  2.000000,  0.000000,  1.000000,  0.000000,  2.000000,  1.000000, 0, 1, 0
3.000000,  6.488393, 10.890000,  3.180000,  0.522000, 18.500000,  1.000000,  1.000000,  1.000000,  0.000000,  1.000000,  2.000000,  2.000000,  1.000000,  0.000000,  1.000000,  1.000000,  1.000000, 0, 1, 0
7.000000, 18.867769, 19.200000,  4.390000,  0.870000, 47.200000,  2.000000,  5.000000,  0.000000,  0.000000,  2.000000,  5.000000,  5.000000,  2.000000,  0.000000,  2.000000,  5.000000,  0.000000, 0, 1, 0
7.000000, 19.297808, 25.880000,  3.120000,  1.217000, 49.500000,  2.000000,  3.000000,  2.000000,  1.000000,  2.000000,  4.000000,  4.000000,  2.000000,  1.000000,  1.000000,  4.000000,  2.000000, 0, 1, 0
5.000000, 13.373517, 20.910000,  2.610000,  1.011000, 35.800000,  1.000000,  1.000000,  3.000000,  1.000000,  1.000000,  3.000000,  3.000000,  1.000000,  1.000000,  1.000000,  1.000000,  3.000000, 0, 1, 0
5.000000, 12.756006, 10.000000,  2.610000,  0.466000, 34.800000,  2.000000,  3.000000,  0.000000,  0.000000,  2.000000,  3.000000,  3.000000,  2.000000,  0.000000,  2.000000,  3.000000,  0.000000, 0, 1, 0
8.000000, 20.793721, 31.160000,  1.940000,  1.403000, 65.800000,  2.000000,  4.000000,  2.000000,  3.000000,  2.000000,  3.000000,  4.000000,  1.000000,  3.000000,  2.000000,  4.000000,  2.000000, 0, 1, 0
11.000000, 32.310361, 30.860000,  1.180000,  1.434000, 85.000000,  5.000000,  4.000000,  2.000000,  2.000000,  5.000000,  4.000000,  4.000000,  5.000000,  2.000000,  5.000000,  4.000000,  2.000000, 0, 1, 0
11.000000, 30.995030, 39.240000,  3.590000,  1.765000, 89.500000,  3.000000,  7.000000,  1.000000,  4.000000,  2.000000,  5.000000,  5.000000,  2.000000,  4.000000,  3.000000,  7.000000,  1.000000, 0, 1, 0
