428, 427
445, 427
449, 427
427, 428
445, 428
448, 428
449, 428
447, 429
448, 429
450, 429
431, 430
432, 430
433, 430
446, 430
451, 430
430, 431
432, 431
433, 431
430, 432
431, 432
433, 432
434, 432
430, 433
431, 433
432, 433
434, 433
432, 434
433, 434
455, 434
453, 435
454, 435
456, 435
457, 435
437, 436
456, 436
457, 436
436, 437
438, 437
462, 437
437, 438
439, 438
462, 438
438, 439
440, 439
461, 439
462, 439
439, 440
460, 440
461, 440
442, 441
459, 441
460, 441
441, 442
443, 442
444, 442
458, 442
442, 443
444, 443
458, 443
442, 444
443, 444
458, 444
427, 445
428, 445
449, 445
430, 446
450, 446
451, 446
429, 447
448, 447
449, 447
450, 447
428, 448
429, 448
447, 448
449, 448
427, 449
428, 449
445, 449
447, 449
448, 449
429, 450
446, 450
447, 450
451, 450
430, 451
446, 451
450, 451
453, 452
454, 452
455, 452
435, 453
452, 453
454, 453
455, 453
456, 453
435, 454
452, 454
453, 454
455, 454
434, 455
452, 455
453, 455
454, 455
435, 456
436, 456
453, 456
457, 456
435, 457
436, 457
456, 457
442, 458
443, 458
444, 458
441, 459
460, 459
461, 459
440, 460
441, 460
459, 460
461, 460
439, 461
440, 461
459, 461
460, 461
437, 462
438, 462
439, 462
