13162, 13161
13163, 13161
13164, 13161
13161, 13162
13163, 13162
13164, 13162
13161, 13163
13162, 13163
13164, 13163
13165, 13163
13161, 13164
13162, 13164
13163, 13164
13165, 13164
13166, 13164
13163, 13165
13164, 13165
13166, 13165
13167, 13165
13164, 13166
13165, 13166
13167, 13166
13179, 13166
13165, 13167
13166, 13167
13168, 13167
13177, 13167
13178, 13167
13167, 13168
13177, 13168
13184, 13168
13187, 13168
13170, 13169
13171, 13169
13172, 13169
13175, 13169
13176, 13169
13169, 13170
13171, 13170
13172, 13170
13173, 13170
13181, 13170
13169, 13171
13170, 13171
13172, 13171
13173, 13171
13169, 13172
13170, 13172
13171, 13172
13173, 13172
13186, 13172
13170, 13173
13171, 13173
13172, 13173
13174, 13173
13185, 13173
13173, 13174
13180, 13174
13185, 13174
13186, 13174
13169, 13175
13176, 13175
13181, 13175
13182, 13175
13169, 13176
13175, 13176
13181, 13176
13182, 13176
13183, 13176
13187, 13176
13188, 13176
13167, 13177
13168, 13177
13178, 13177
13179, 13177
13184, 13177
13167, 13178
13177, 13178
13179, 13178
13184, 13178
13166, 13179
13177, 13179
13178, 13179
13184, 13179
13174, 13180
13185, 13180
13186, 13180
13170, 13181
13175, 13181
13176, 13181
13182, 13181
13175, 13182
13176, 13182
13181, 13182
13183, 13182
13188, 13182
13176, 13183
13182, 13183
13187, 13183
13188, 13183
13168, 13184
13177, 13184
13178, 13184
13179, 13184
13187, 13184
13188, 13184
13173, 13185
13174, 13185
13180, 13185
13186, 13185
13172, 13186
13174, 13186
13180, 13186
13185, 13186
13168, 13187
13176, 13187
13183, 13187
13184, 13187
13188, 13187
13176, 13188
13182, 13188
13183, 13188
13184, 13188
13187, 13188
