21.000000, 30.684910, 89.240000,  5.530000,  4.212000,175.900000,  3.000000,  8.000000, 10.000000,  7.000000,  6.000000,  8.000000,  9.000000,  2.000000, 10.000000,  3.000000,  8.000000, 10.000000, 1, 0, 0
12.000000, 17.035358, 35.420000,  0.040000,  1.643000, 95.700000,  5.000000,  5.000000,  2.000000,  3.000000,  5.000000,  4.000000,  4.000000,  5.000000,  3.000000,  4.000000,  6.000000,  2.000000, 1, 0, 0
20.000000, 29.542943, 65.790000, -5.170000,  2.991000,179.300000,  8.000000,  7.000000,  5.000000,  7.000000,  8.000000,  5.000000,  5.000000,  7.000000,  8.000000,  7.000000,  8.000000,  5.000000, 1, 0, 0
18.000000, 25.790056, 69.270000, -5.020000,  3.081000,168.900000,  3.000000, 11.000000,  4.000000, 10.000000,  4.000000,  4.000000,  5.000000,  3.000000, 10.000000,  3.000000, 11.000000,  4.000000, 1, 0, 0
3.000000,  5.602274, 11.630000, -1.550000,  0.527000, 31.500000,  2.000000,  0.000000,  1.000000,  2.000000,  1.000000,  0.000000,  0.000000,  1.000000,  2.000000,  1.000000,  1.000000,  1.000000, 1, 0, 0
5.000000,  7.529521, 14.700000, -1.830000,  0.638000, 43.000000,  3.000000,  2.000000,  0.000000,  1.000000,  3.000000,  1.000000,  1.000000,  3.000000,  1.000000,  2.000000,  3.000000,  0.000000, 1, 0, 0
3.000000,  5.331212,  8.320000,  0.080000,  0.379000, 22.100000,  2.000000,  1.000000,  0.000000,  0.000000,  2.000000,  1.000000,  1.000000,  2.000000,  0.000000,  1.000000,  2.000000,  0.000000, 1, 0, 0
11.000000, 15.590200, 43.060000, -0.150000,  2.006000, 89.600000,  4.000000,  3.000000,  4.000000,  3.000000,  4.000000,  4.000000,  4.000000,  4.000000,  3.000000,  4.000000,  3.000000,  4.000000, 1, 0, 0
15.000000, 21.134714, 54.910000, -4.460000,  2.514000,139.800000,  3.000000,  8.000000,  4.000000,  8.000000,  3.000000,  4.000000,  4.000000,  3.000000,  8.000000,  3.000000,  8.000000,  4.000000, 1, 0, 0
22.000000, 31.380620, 78.270000,  4.740000,  3.654000,178.100000,  9.000000,  5.000000,  8.000000,  6.000000,  8.000000,  8.000000, 10.000000,  6.000000,  6.000000,  7.000000,  7.000000,  8.000000, 1, 0, 0
8.000000, 10.724924, 36.370000,  1.740000,  1.674000, 68.500000,  2.000000,  2.000000,  4.000000,  3.000000,  2.000000,  3.000000,  4.000000,  1.000000,  3.000000,  2.000000,  2.000000,  4.000000, 1, 0, 0
7.000000, 10.379749, 29.620000,  5.830000,  1.392000, 47.000000,  1.000000,  3.000000,  3.000000,  0.000000,  3.000000,  4.000000,  5.000000,  1.000000,  1.000000,  1.000000,  3.000000,  3.000000, 1, 0, 0
10.000000, 14.539627, 35.500000,  3.360000,  1.682000, 72.700000,  4.000000,  3.000000,  3.000000,  1.000000,  4.000000,  5.000000,  5.000000,  4.000000,  1.000000,  3.000000,  4.000000,  3.000000, 1, 0, 0
9.000000, 12.255099, 35.550000,  1.560000,  1.684000, 74.700000,  3.000000,  2.000000,  4.000000,  2.000000,  4.000000,  3.000000,  3.000000,  3.000000,  3.000000,  3.000000,  2.000000,  4.000000, 1, 0, 0
13.000000, 19.374204, 50.070000,  1.000000,  2.248000,110.200000,  6.000000,  2.000000,  5.000000,  4.000000,  7.000000,  2.000000,  5.000000,  4.000000,  4.000000,  6.000000,  2.000000,  5.000000, 1, 0, 0
13.000000, 17.034314, 46.210000,  0.300000,  2.088000,117.700000,  3.000000,  8.000000,  2.000000,  7.000000,  1.000000,  5.000000,  5.000000,  1.000000,  7.000000,  3.000000,  8.000000,  2.000000, 1, 0, 0
16.000000, 22.704516, 55.260000,  2.620000,  2.589000,133.800000,  4.000000,  7.000000,  5.000000,  6.000000,  4.000000,  6.000000,  6.000000,  4.000000,  6.000000,  4.000000,  7.000000,  5.000000, 1, 0, 0
11.000000, 16.380873, 39.560000, -1.600000,  1.776000, 97.400000,  6.000000,  2.000000,  3.000000,  4.000000,  5.000000,  2.000000,  3.000000,  4.000000,  4.000000,  5.000000,  3.000000,  3.000000, 1, 0, 0
11.000000, 15.550570, 31.020000, -0.480000,  1.388000, 95.900000,  5.000000,  5.000000,  1.000000,  3.000000,  5.000000,  3.000000,  3.000000,  5.000000,  3.000000,  5.000000,  5.000000,  1.000000, 1, 0, 0
24.000000, 35.059395, 80.620000,  0.490000,  3.655000,210.700000,  8.000000, 10.000000,  6.000000, 10.000000,  7.000000,  7.000000,  8.000000,  6.000000, 10.000000,  8.000000, 10.000000,  6.000000, 1, 0, 0
6.000000,  8.729939, 18.800000,  3.920000,  0.912000, 41.400000,  3.000000,  2.000000,  1.000000,  0.000000,  3.000000,  3.000000,  3.000000,  3.000000,  0.000000,  2.000000,  3.000000,  1.000000, 1, 0, 0
24.000000, 34.427625, 86.340000,  6.840000,  4.001000,187.600000,  8.000000,  9.000000,  7.000000,  7.000000,  6.000000, 11.000000, 12.000000,  5.000000,  7.000000,  7.000000, 10.000000,  7.000000, 1, 0, 0
13.000000, 17.660518, 46.620000,  0.070000,  2.125000,110.700000,  4.000000,  6.000000,  3.000000,  5.000000,  4.000000,  4.000000,  4.000000,  4.000000,  5.000000,  3.000000,  7.000000,  3.000000, 1, 0, 0
6.000000, 10.832735, 22.760000, -0.520000,  1.060000, 53.600000,  2.000000,  3.000000,  1.000000,  3.000000,  1.000000,  2.000000,  2.000000,  1.000000,  3.000000,  2.000000,  3.000000,  1.000000, 1, 0, 0
15.000000, 21.980195, 50.780000, -4.060000,  2.240000,142.300000,  4.000000,  8.000000,  3.000000,  8.000000,  3.000000,  4.000000,  4.000000,  3.000000,  8.000000,  4.000000,  8.000000,  3.000000, 1, 0, 0
4.000000, 10.027989, 15.680000, -0.370000,  0.724000, 37.400000,  1.000000,  1.000000,  2.000000,  1.000000,  3.000000,  0.000000,  1.000000,  1.000000,  2.000000,  1.000000,  1.000000,  2.000000, 0, 1, 0
8.000000, 23.966124, 25.830000,  2.130000,  1.180000, 66.800000,  3.000000,  4.000000,  1.000000,  3.000000,  1.000000,  4.000000,  4.000000,  1.000000,  3.000000,  2.000000,  5.000000,  1.000000, 0, 1, 0
6.000000, 17.275254, 20.800000,  3.670000,  0.967000, 41.400000,  2.000000,  3.000000,  1.000000,  1.000000,  1.000000,  4.000000,  4.000000,  1.000000,  1.000000,  1.000000,  4.000000,  1.000000, 0, 1, 0
7.000000, 19.996751, 28.800000,  3.730000,  1.341000, 53.200000,  1.000000,  3.000000,  3.000000,  1.000000,  3.000000,  3.000000,  4.000000,  1.000000,  2.000000,  1.000000,  3.000000,  3.000000, 0, 1, 0
5.000000, 13.225405, 20.500000,  3.110000,  0.980000, 38.000000,  0.000000,  3.000000,  2.000000,  1.000000,  1.000000,  3.000000,  3.000000,  0.000000,  2.000000,  0.000000,  3.000000,  2.000000, 0, 1, 0
2.000000,  3.802556, 10.320000,  2.350000,  0.511000, 10.900000,  0.000000,  0.000000,  2.000000,  0.000000,  0.000000,  2.000000,  2.000000,  0.000000,  0.000000,  0.000000,  0.000000,  2.000000, 0, 1, 0
11.000000, 27.921861, 43.250000,  0.390000,  1.955000, 96.200000,  3.000000,  5.000000,  3.000000,  5.000000,  3.000000,  3.000000,  4.000000,  2.000000,  5.000000,  3.000000,  5.000000,  3.000000, 0, 1, 0
10.000000, 26.942581, 44.050000,  2.870000,  2.070000, 82.600000,  2.000000,  2.000000,  6.000000,  3.000000,  2.000000,  5.000000,  5.000000,  1.000000,  4.000000,  2.000000,  2.000000,  6.000000, 0, 1, 0
2.000000,  3.810521, 10.860000,  0.670000,  0.514000, 18.400000,  1.000000,  0.000000,  1.000000,  1.000000,  0.000000,  1.000000,  1.000000,  0.000000,  1.000000,  1.000000,  0.000000,  1.000000, 0, 1, 0
2.000000,  3.816675, 10.420000,  0.010000,  0.478000, 16.700000,  0.000000,  1.000000,  1.000000,  1.000000,  1.000000,  0.000000,  1.000000,  0.000000,  1.000000,  0.000000,  1.000000,  1.000000, 0, 1, 0
4.000000, 10.564461, 10.370000, -0.850000,  0.467000, 34.800000,  2.000000,  1.000000,  1.000000,  1.000000,  2.000000,  1.000000,  1.000000,  2.000000,  1.000000,  2.000000,  1.000000,  1.000000, 0, 1, 0
5.000000, 12.451645, 16.870000, -0.800000,  0.749000, 46.000000,  2.000000,  2.000000,  1.000000,  2.000000,  2.000000,  1.000000,  1.000000,  2.000000,  2.000000,  1.000000,  3.000000,  1.000000, 0, 1, 0
3.000000,  6.905499, 10.510000, -2.430000,  0.458000, 32.700000,  2.000000,  0.000000,  1.000000,  2.000000,  1.000000,  0.000000,  0.000000,  1.000000,  2.000000,  2.000000,  0.000000,  1.000000, 0, 1, 0
3.000000,  7.102949, 17.130000,  2.050000,  0.807000, 22.700000,  0.000000,  0.000000,  3.000000,  1.000000,  1.000000,  1.000000,  2.000000,  0.000000,  1.000000,  0.000000,  0.000000,  3.000000, 0, 1, 0
3.000000,  6.791588,  8.600000,  1.490000,  0.388000, 20.400000,  1.000000,  2.000000,  0.000000,  0.000000,  1.000000,  2.000000,  2.000000,  1.000000,  0.000000,  1.000000,  2.000000,  0.000000, 0, 1, 0
3.000000,  6.682652, 10.780000,  1.910000,  0.477000, 23.100000,  1.000000,  2.000000,  0.000000,  1.000000,  0.000000,  2.000000,  2.000000,  0.000000,  1.000000,  1.000000,  2.000000,  0.000000, 0, 1, 0
