17232, 17231
17233, 17231
17234, 17231
17231, 17232
17233, 17232
17234, 17232
17231, 17233
17232, 17233
17234, 17233
17259, 17233
17231, 17234
17232, 17234
17233, 17234
17235, 17234
17236, 17234
17259, 17234
17234, 17235
17236, 17235
17237, 17235
17259, 17235
17266, 17235
17234, 17236
17235, 17236
17237, 17236
17266, 17236
17235, 17237
17236, 17237
17238, 17237
17239, 17237
17266, 17237
17237, 17238
17239, 17238
17265, 17238
17237, 17239
17238, 17239
17240, 17239
17264, 17239
17265, 17239
17239, 17240
17241, 17240
17242, 17240
17263, 17240
17267, 17240
17240, 17241
17242, 17241
17243, 17241
17263, 17241
17268, 17241
17240, 17242
17241, 17242
17243, 17242
17244, 17242
17268, 17242
17270, 17242
17241, 17243
17242, 17243
17244, 17243
17270, 17243
17242, 17244
17243, 17244
17245, 17244
17246, 17244
17271, 17244
17244, 17245
17246, 17245
17247, 17245
17271, 17245
17244, 17246
17245, 17246
17247, 17246
17248, 17246
17271, 17246
17245, 17247
17246, 17247
17248, 17247
17269, 17247
17246, 17248
17247, 17248
17249, 17248
17262, 17248
17269, 17248
17248, 17249
17250, 17249
17251, 17249
17261, 17249
17262, 17249
17249, 17250
17251, 17250
17252, 17250
17253, 17250
17261, 17250
17249, 17251
17250, 17251
17252, 17251
17253, 17251
17250, 17252
17251, 17252
17253, 17252
17260, 17252
17250, 17253
17251, 17253
17252, 17253
17254, 17253
17255, 17253
17260, 17253
17253, 17254
17255, 17254
17256, 17254
17253, 17255
17254, 17255
17256, 17255
17257, 17255
17258, 17255
17254, 17256
17255, 17256
17257, 17256
17258, 17256
17255, 17257
17256, 17257
17258, 17257
17255, 17258
17256, 17258
17257, 17258
17233, 17259
17234, 17259
17235, 17259
17266, 17259
17252, 17260
17253, 17260
17261, 17260
17262, 17260
17249, 17261
17250, 17261
17260, 17261
17262, 17261
17269, 17261
17248, 17262
17249, 17262
17260, 17262
17261, 17262
17269, 17262
17240, 17263
17241, 17263
17264, 17263
17267, 17263
17268, 17263
17270, 17263
17239, 17264
17263, 17264
17265, 17264
17267, 17264
17238, 17265
17239, 17265
17264, 17265
17267, 17265
17235, 17266
17236, 17266
17237, 17266
17259, 17266
17240, 17267
17263, 17267
17264, 17267
17265, 17267
17268, 17267
17241, 17268
17242, 17268
17263, 17268
17267, 17268
17270, 17268
17271, 17268
17247, 17269
17248, 17269
17261, 17269
17262, 17269
17242, 17270
17243, 17270
17263, 17270
17268, 17270
17271, 17270
17244, 17271
17245, 17271
17246, 17271
17268, 17271
17270, 17271
