519, 518
520, 518
521, 518
518, 519
520, 519
521, 519
534, 519
535, 519
518, 520
519, 520
521, 520
522, 520
523, 520
542, 520
518, 521
519, 521
520, 521
522, 521
523, 521
520, 522
521, 522
523, 522
544, 522
520, 523
521, 523
522, 523
524, 523
536, 523
543, 523
523, 524
525, 524
537, 524
541, 524
524, 525
526, 525
527, 525
539, 525
545, 525
525, 526
527, 526
528, 526
538, 526
547, 526
525, 527
526, 527
528, 527
529, 527
549, 527
550, 527
526, 528
527, 528
529, 528
530, 528
548, 528
549, 528
527, 529
528, 529
530, 529
531, 529
532, 529
551, 529
552, 529
528, 530
529, 530
531, 530
532, 530
553, 530
554, 530
529, 531
530, 531
532, 531
554, 531
555, 531
529, 532
530, 532
531, 532
555, 532
557, 532
534, 533
535, 533
542, 533
519, 534
533, 534
535, 534
542, 534
519, 535
533, 535
534, 535
542, 535
544, 535
523, 536
537, 536
543, 536
544, 536
524, 537
536, 537
540, 537
541, 537
526, 538
545, 538
546, 538
547, 538
550, 538
525, 539
540, 539
541, 539
545, 539
546, 539
537, 540
539, 540
541, 540
545, 540
524, 541
537, 541
539, 541
540, 541
520, 542
533, 542
534, 542
535, 542
543, 542
544, 542
523, 543
536, 543
542, 543
544, 543
522, 544
535, 544
536, 544
542, 544
543, 544
525, 545
538, 545
539, 545
540, 545
546, 545
538, 546
539, 546
545, 546
547, 546
526, 547
538, 547
546, 547
550, 547
528, 548
549, 548
551, 548
552, 548
553, 548
527, 549
528, 549
548, 549
550, 549
551, 549
527, 550
538, 550
547, 550
549, 550
529, 551
548, 551
549, 551
552, 551
553, 551
529, 552
548, 552
551, 552
553, 552
530, 553
548, 553
551, 553
552, 553
554, 553
530, 554
531, 554
553, 554
555, 554
556, 554
557, 554
531, 555
532, 555
554, 555
556, 555
557, 555
554, 556
555, 556
557, 556
532, 557
554, 557
555, 557
556, 557
