16443, 16442
16457, 16442
16458, 16442
16442, 16443
16444, 16443
16445, 16443
16459, 16443
16443, 16444
16445, 16444
16446, 16444
16457, 16444
16458, 16444
16459, 16444
16461, 16444
16443, 16445
16444, 16445
16446, 16445
16447, 16445
16461, 16445
16444, 16446
16445, 16446
16447, 16446
16461, 16446
16466, 16446
16445, 16447
16446, 16447
16448, 16447
16466, 16447
16467, 16447
16447, 16448
16449, 16448
16450, 16448
16465, 16448
16467, 16448
16448, 16449
16450, 16449
16451, 16449
16464, 16449
16469, 16449
16448, 16450
16449, 16450
16451, 16450
16452, 16450
16463, 16450
16464, 16450
16449, 16451
16450, 16451
16452, 16451
16453, 16451
16462, 16451
16463, 16451
16450, 16452
16451, 16452
16453, 16452
16454, 16452
16462, 16452
16451, 16453
16452, 16453
16454, 16453
16462, 16453
16452, 16454
16453, 16454
16455, 16454
16470, 16454
16454, 16455
16456, 16455
16460, 16455
16471, 16455
16455, 16456
16472, 16456
16473, 16456
16442, 16457
16444, 16457
16458, 16457
16459, 16457
16442, 16458
16444, 16458
16457, 16458
16459, 16458
16443, 16459
16444, 16459
16457, 16459
16458, 16459
16455, 16460
16470, 16460
16471, 16460
16472, 16460
16473, 16460
16444, 16461
16445, 16461
16446, 16461
16466, 16461
16451, 16462
16452, 16462
16453, 16462
16463, 16462
16464, 16462
16450, 16463
16451, 16463
16462, 16463
16464, 16463
16449, 16464
16450, 16464
16462, 16464
16463, 16464
16465, 16464
16468, 16464
16469, 16464
16448, 16465
16464, 16465
16467, 16465
16468, 16465
16469, 16465
16446, 16466
16447, 16466
16461, 16466
16467, 16466
16447, 16467
16448, 16467
16465, 16467
16466, 16467
16468, 16467
16464, 16468
16465, 16468
16467, 16468
16469, 16468
16449, 16469
16464, 16469
16465, 16469
16468, 16469
16454, 16470
16460, 16470
16471, 16470
16473, 16470
16455, 16471
16460, 16471
16470, 16471
16472, 16471
16473, 16471
16456, 16472
16460, 16472
16471, 16472
16473, 16472
16456, 16473
16460, 16473
16470, 16473
16471, 16473
16472, 16473
