13208, 13189
13209, 13189
13207, 13190
13210, 13190
13211, 13190
13214, 13191
13216, 13191
13221, 13191
13206, 13192
13214, 13192
13215, 13193
13217, 13193
13225, 13193
13195, 13194
13203, 13194
13217, 13194
13224, 13194
13194, 13195
13196, 13195
13203, 13195
13205, 13195
13195, 13196
13204, 13196
13205, 13196
13208, 13197
13209, 13197
13207, 13198
13210, 13198
13218, 13198
13214, 13199
13216, 13199
13221, 13199
13223, 13199
13206, 13200
13215, 13200
13221, 13200
13222, 13200
13215, 13201
13217, 13201
13222, 13201
13224, 13201
13225, 13201
13203, 13202
13217, 13202
13224, 13202
13225, 13202
13194, 13203
13195, 13203
13202, 13203
13204, 13203
13196, 13204
13203, 13204
13205, 13204
13195, 13205
13196, 13205
13204, 13205
13192, 13206
13200, 13206
13215, 13206
13222, 13206
13190, 13207
13198, 13207
13208, 13207
13209, 13207
13210, 13207
13189, 13208
13197, 13208
13207, 13208
13209, 13208
13210, 13208
13189, 13209
13197, 13209
13207, 13209
13208, 13209
13210, 13209
13190, 13210
13198, 13210
13207, 13210
13208, 13210
13209, 13210
13190, 13211
13212, 13211
13219, 13211
13211, 13212
13213, 13212
13218, 13212
13220, 13212
13212, 13213
13216, 13213
13219, 13213
13223, 13213
13191, 13214
13192, 13214
13199, 13214
13193, 13215
13200, 13215
13201, 13215
13206, 13215
13191, 13216
13199, 13216
13213, 13216
13220, 13216
13193, 13217
13194, 13217
13201, 13217
13202, 13217
13224, 13217
13225, 13217
13198, 13218
13212, 13218
13219, 13218
13211, 13219
13213, 13219
13218, 13219
13220, 13219
13212, 13220
13216, 13220
13219, 13220
13223, 13220
13191, 13221
13199, 13221
13200, 13221
13200, 13222
13201, 13222
13206, 13222
13199, 13223
13213, 13223
13220, 13223
13194, 13224
13201, 13224
13202, 13224
13217, 13224
13225, 13224
13193, 13225
13201, 13225
13202, 13225
13217, 13225
13224, 13225
