3165, 3164
3190, 3164
3198, 3164
3164, 3165
3166, 3165
3179, 3165
3190, 3165
3165, 3166
3178, 3166
3197, 3166
3205, 3166
3196, 3167
3197, 3167
3204, 3167
3195, 3168
3196, 3168
3203, 3168
3204, 3168
3194, 3169
3195, 3169
3202, 3169
3203, 3169
3171, 3170
3182, 3170
3184, 3170
3194, 3170
3170, 3171
3183, 3171
3193, 3171
3194, 3171
3201, 3171
3202, 3171
3173, 3172
3193, 3172
3201, 3172
3172, 3173
3192, 3173
3193, 3173
3200, 3173
3201, 3173
3175, 3174
3191, 3174
3192, 3174
3200, 3174
3174, 3175
3176, 3175
3191, 3175
3199, 3175
3175, 3176
3191, 3176
3199, 3176
3178, 3177
3190, 3177
3198, 3177
3166, 3178
3177, 3178
3179, 3178
3190, 3178
3198, 3178
3165, 3179
3178, 3179
3197, 3179
3205, 3179
3196, 3180
3204, 3180
3205, 3180
3182, 3181
3195, 3181
3196, 3181
3203, 3181
3204, 3181
3170, 3182
3181, 3182
3202, 3182
3203, 3182
3171, 3183
3184, 3183
3202, 3183
3170, 3184
3183, 3184
3201, 3184
3186, 3185
3187, 3185
3193, 3185
3201, 3185
3185, 3186
3187, 3186
3200, 3186
3185, 3187
3186, 3187
3188, 3187
3192, 3187
3199, 3187
3200, 3187
3187, 3188
3189, 3188
3191, 3188
3199, 3188
3188, 3189
3191, 3189
3199, 3189
3164, 3190
3165, 3190
3177, 3190
3178, 3190
3174, 3191
3175, 3191
3176, 3191
3188, 3191
3189, 3191
3173, 3192
3174, 3192
3187, 3192
3171, 3193
3172, 3193
3173, 3193
3185, 3193
3169, 3194
3170, 3194
3171, 3194
3168, 3195
3169, 3195
3181, 3195
3167, 3196
3168, 3196
3180, 3196
3181, 3196
3166, 3197
3167, 3197
3179, 3197
3205, 3197
3164, 3198
3177, 3198
3178, 3198
3175, 3199
3176, 3199
3187, 3199
3188, 3199
3189, 3199
3173, 3200
3174, 3200
3186, 3200
3187, 3200
3171, 3201
3172, 3201
3173, 3201
3184, 3201
3185, 3201
3169, 3202
3171, 3202
3182, 3202
3183, 3202
3168, 3203
3169, 3203
3181, 3203
3182, 3203
3167, 3204
3168, 3204
3180, 3204
3181, 3204
3166, 3205
3179, 3205
3180, 3205
3197, 3205
