11736, 11735
11744, 11735
11753, 11735
11735, 11736
11752, 11736
11753, 11736
11738, 11737
11739, 11737
11750, 11737
11757, 11737
11737, 11738
11739, 11738
11751, 11738
11756, 11738
11737, 11739
11738, 11739
11746, 11739
11751, 11739
11741, 11740
11742, 11740
11758, 11740
11740, 11741
11742, 11741
11743, 11741
11758, 11741
11759, 11741
11760, 11741
11761, 11741
11740, 11742
11741, 11742
11743, 11742
11759, 11742
11761, 11742
11741, 11743
11742, 11743
11760, 11743
11735, 11744
11752, 11744
11753, 11744
11755, 11744
11746, 11745
11751, 11745
11754, 11745
11739, 11746
11745, 11746
11751, 11746
11754, 11746
11751, 11747
11756, 11747
11757, 11747
11749, 11748
11750, 11748
11752, 11748
11755, 11748
11748, 11749
11750, 11749
11755, 11749
11737, 11750
11748, 11750
11749, 11750
11757, 11750
11738, 11751
11739, 11751
11745, 11751
11746, 11751
11747, 11751
11754, 11751
11756, 11751
11736, 11752
11744, 11752
11748, 11752
11753, 11752
11755, 11752
11735, 11753
11736, 11753
11744, 11753
11752, 11753
11755, 11753
11745, 11754
11746, 11754
11751, 11754
11744, 11755
11748, 11755
11749, 11755
11752, 11755
11753, 11755
11738, 11756
11747, 11756
11751, 11756
11757, 11756
11737, 11757
11747, 11757
11750, 11757
11756, 11757
11740, 11758
11741, 11758
11759, 11758
11761, 11758
11741, 11759
11742, 11759
11758, 11759
11760, 11759
11761, 11759
11741, 11760
11743, 11760
11759, 11760
11761, 11760
11741, 11761
11742, 11761
11758, 11761
11759, 11761
11760, 11761
