10.000000, 14.460489, 37.710000, -1.240000,  1.706000, 96.900000,  4.000000,  4.000000,  2.000000,  6.000000,  1.000000,  3.000000,  3.000000,  1.000000,  6.000000,  3.000000,  5.000000,  2.000000, 1, 0, 0
5.000000,  8.416278, 32.540000,  2.970000,  1.558000, 39.800000,  0.000000,  1.000000,  4.000000,  2.000000,  1.000000,  2.000000,  3.000000,  0.000000,  2.000000,  0.000000,  1.000000,  4.000000, 1, 0, 0
13.000000, 18.008829, 45.100000, -4.200000,  2.040000,121.800000,  7.000000,  2.000000,  4.000000,  6.000000,  4.000000,  3.000000,  3.000000,  4.000000,  6.000000,  6.000000,  3.000000,  4.000000, 1, 0, 0
3.000000,  5.450671,  4.380000, -2.810000,  0.167000, 31.200000,  3.000000,  0.000000,  0.000000,  1.000000,  2.000000,  0.000000,  0.000000,  2.000000,  1.000000,  3.000000,  0.000000,  0.000000, 1, 0, 0
6.000000,  8.485669, 18.810000, -1.850000,  0.850000, 60.700000,  2.000000,  3.000000,  1.000000,  4.000000,  1.000000,  1.000000,  1.000000,  1.000000,  4.000000,  2.000000,  3.000000,  1.000000, 1, 0, 0
16.000000, 21.993757, 61.880000,  6.390000,  2.846000,131.400000,  4.000000,  6.000000,  6.000000,  5.000000,  4.000000,  7.000000,  9.000000,  1.000000,  6.000000,  4.000000,  6.000000,  6.000000, 1, 0, 0
3.000000,  5.276764, 10.430000, -0.130000,  0.495000, 29.800000,  1.000000,  0.000000,  2.000000,  1.000000,  2.000000,  0.000000,  0.000000,  1.000000,  2.000000,  1.000000,  0.000000,  2.000000, 1, 0, 0
10.000000, 14.201266, 25.590000,  0.760000,  1.162000, 78.600000,  6.000000,  3.000000,  1.000000,  1.000000,  5.000000,  4.000000,  4.000000,  5.000000,  1.000000,  5.000000,  4.000000,  1.000000, 1, 0, 0
3.000000,  5.193396, 11.850000, -0.700000,  0.511000, 27.800000,  2.000000,  0.000000,  1.000000,  1.000000,  2.000000,  0.000000,  1.000000,  1.000000,  1.000000,  2.000000,  0.000000,  1.000000, 1, 0, 0
3.000000,  5.376559, 11.500000, -2.320000,  0.504000, 35.200000,  0.000000,  2.000000,  1.000000,  3.000000,  0.000000,  0.000000,  0.000000,  0.000000,  3.000000,  0.000000,  2.000000,  1.000000, 1, 0, 0
12.000000, 17.305521, 38.120000,  0.800000,  1.798000, 94.300000,  4.000000,  5.000000,  3.000000,  3.000000,  4.000000,  5.000000,  5.000000,  4.000000,  3.000000,  4.000000,  5.000000,  3.000000, 1, 0, 0
6.000000, 10.794045, 19.670000,  0.350000,  0.905000, 52.400000,  1.000000,  4.000000,  1.000000,  3.000000,  1.000000,  2.000000,  2.000000,  1.000000,  3.000000,  1.000000,  4.000000,  1.000000, 1, 0, 0
3.000000,  5.177827, 14.580000,  0.480000,  0.691000, 25.700000,  1.000000,  1.000000,  1.000000,  1.000000,  1.000000,  1.000000,  1.000000,  1.000000,  1.000000,  0.000000,  2.000000,  1.000000, 1, 0, 0
3.000000,  5.403497,  6.780000, -0.700000,  0.291000, 26.900000,  2.000000,  1.000000,  0.000000,  1.000000,  1.000000,  1.000000,  1.000000,  1.000000,  1.000000,  2.000000,  1.000000,  0.000000, 1, 0, 0
16.000000, 19.299290, 61.390000,  6.400000,  2.891000,124.900000,  5.000000,  3.000000,  8.000000,  4.000000,  7.000000,  5.000000,  7.000000,  5.000000,  4.000000,  3.000000,  5.000000,  8.000000, 1, 0, 0
3.000000,  5.333735, 14.570000, -1.300000,  0.672000, 33.200000,  0.000000,  1.000000,  2.000000,  2.000000,  1.000000,  0.000000,  0.000000,  0.000000,  3.000000,  0.000000,  1.000000,  2.000000, 1, 0, 0
12.000000, 16.069229, 42.950000,  1.430000,  2.031000, 98.100000,  3.000000,  4.000000,  5.000000,  4.000000,  4.000000,  4.000000,  5.000000,  3.000000,  4.000000,  3.000000,  4.000000,  5.000000, 1, 0, 0
3.000000,  5.545627,  6.950000,  0.380000,  0.320000, 25.600000,  1.000000,  2.000000,  0.000000,  1.000000,  1.000000,  1.000000,  1.000000,  1.000000,  1.000000,  1.000000,  2.000000,  0.000000, 1, 0, 0
4.000000,  5.554702,  0.000000,  0.000000,  0.000000,  0.000000,  0.000000,  0.000000,  0.000000,  0.000000,  0.000000,  0.000000,  0.000000,  0.000000,  0.000000,  0.000000,  0.000000,  0.000000, 1, 0, 0
4.000000,  9.781630, 16.160000,  1.420000,  0.760000, 30.600000,  1.000000,  1.000000,  2.000000,  1.000000,  1.000000,  2.000000,  2.000000,  1.000000,  1.000000,  1.000000,  1.000000,  2.000000, 0, 1, 0
4.000000,  9.238945, 15.660000,  4.340000,  0.742000, 26.400000,  0.000000,  3.000000,  1.000000,  0.000000,  1.000000,  3.000000,  3.000000,  0.000000,  1.000000,  0.000000,  3.000000,  1.000000, 0, 1, 0
3.000000,  6.815594,  6.950000, -0.770000,  0.320000, 25.400000,  1.000000,  2.000000,  0.000000,  1.000000,  1.000000,  1.000000,  1.000000,  1.000000,  1.000000,  1.000000,  2.000000,  0.000000, 0, 1, 0
6.000000, 15.561945, 23.380000,  2.610000,  1.066000, 48.900000,  2.000000,  2.000000,  2.000000,  2.000000,  2.000000,  2.000000,  3.000000,  1.000000,  2.000000,  2.000000,  2.000000,  2.000000, 0, 1, 0
4.000000,  9.473810, 15.020000,  1.260000,  0.721000, 30.600000,  1.000000,  1.000000,  2.000000,  1.000000,  1.000000,  2.000000,  2.000000,  1.000000,  1.000000,  1.000000,  1.000000,  2.000000, 0, 1, 0
5.000000, 13.515157, 24.090000,  2.030000,  1.105000, 39.400000,  0.000000,  3.000000,  2.000000,  2.000000,  1.000000,  2.000000,  3.000000,  0.000000,  2.000000,  0.000000,  3.000000,  2.000000, 0, 1, 0
3.000000,  6.777431,  9.430000,  3.040000,  0.454000, 16.300000,  1.000000,  2.000000,  0.000000,  0.000000,  0.000000,  3.000000,  3.000000,  0.000000,  0.000000,  0.000000,  3.000000,  0.000000, 0, 1, 0
6.000000, 17.161776, 22.570000,  0.690000,  1.055000, 48.700000,  2.000000,  2.000000,  2.000000,  2.000000,  2.000000,  2.000000,  2.000000,  2.000000,  2.000000,  2.000000,  2.000000,  2.000000, 0, 1, 0
6.000000, 17.527268, 18.380000,  2.280000,  0.874000, 42.000000,  3.000000,  1.000000,  2.000000,  0.000000,  3.000000,  3.000000,  3.000000,  3.000000,  0.000000,  3.000000,  1.000000,  2.000000, 0, 1, 0
5.000000, 13.631113, 16.660000,  4.360000,  0.788000, 34.500000,  1.000000,  3.000000,  1.000000,  0.000000,  2.000000,  3.000000,  3.000000,  1.000000,  1.000000,  1.000000,  3.000000,  1.000000, 0, 1, 0
6.000000, 14.035727, 20.800000, -1.130000,  0.954000, 55.100000,  0.000000,  6.000000,  0.000000,  4.000000,  0.000000,  2.000000,  2.000000,  0.000000,  4.000000,  0.000000,  6.000000,  0.000000, 0, 1, 0
6.000000, 15.889500, 14.980000, -0.010000,  0.647000, 49.600000,  4.000000,  2.000000,  0.000000,  1.000000,  3.000000,  2.000000,  2.000000,  3.000000,  1.000000,  4.000000,  2.000000,  0.000000, 0, 1, 0
4.000000, 10.038004, 11.500000,  0.310000,  0.534000, 29.300000,  3.000000,  0.000000,  1.000000,  0.000000,  3.000000,  1.000000,  2.000000,  2.000000,  0.000000,  2.000000,  1.000000,  1.000000, 0, 1, 0
4.000000,  9.805498, 10.200000,  0.520000,  0.450000, 29.600000,  2.000000,  2.000000,  0.000000,  0.000000,  2.000000,  2.000000,  2.000000,  2.000000,  0.000000,  2.000000,  2.000000,  0.000000, 0, 1, 0
