11213, 11212
11214, 11212
11215, 11212
11212, 11213
11214, 11213
11215, 11213
11216, 11213
11212, 11214
11213, 11214
11215, 11214
11216, 11214
11212, 11215
11213, 11215
11214, 11215
11216, 11215
11217, 11215
11229, 11215
11213, 11216
11214, 11216
11215, 11216
11217, 11216
11229, 11216
11215, 11217
11216, 11217
11218, 11217
11217, 11218
11219, 11218
11231, 11218
11218, 11219
11230, 11219
11236, 11219
11221, 11220
11222, 11220
11237, 11220
11220, 11221
11222, 11221
11223, 11221
11220, 11222
11221, 11222
11223, 11222
11221, 11223
11222, 11223
11235, 11223
11225, 11224
11226, 11224
11227, 11224
11224, 11225
11226, 11225
11227, 11225
11228, 11225
11224, 11226
11225, 11226
11227, 11226
11228, 11226
11224, 11227
11225, 11227
11226, 11227
11228, 11227
11225, 11228
11226, 11228
11227, 11228
11229, 11228
11215, 11229
11216, 11229
11228, 11229
11230, 11229
11219, 11230
11229, 11230
11231, 11230
11218, 11231
11230, 11231
11238, 11231
11233, 11232
11234, 11232
11239, 11232
11232, 11233
11234, 11233
11235, 11233
11232, 11234
11233, 11234
11235, 11234
11223, 11235
11233, 11235
11234, 11235
11219, 11236
11237, 11236
11239, 11236
11220, 11237
11236, 11237
11238, 11237
11239, 11237
11231, 11238
11237, 11238
11239, 11238
11232, 11239
11236, 11239
11237, 11239
11238, 11239
