3.000000,  0.000000,  7.950000,  1.060000,  0.366000, 24.900000,  1.000000,  2.000000,  0.000000,  1.000000,  1.000000,  1.000000,  1.000000,  1.000000,  1.000000,  1.000000,  2.000000,  0.000000, 1, 0, 0
11.000000,  0.000000, 37.380000,  0.070000,  1.721000, 88.600000,  4.000000,  4.000000,  3.000000,  3.000000,  4.000000,  4.000000,  4.000000,  4.000000,  3.000000,  4.000000,  4.000000,  3.000000, 1, 0, 0
3.000000,  0.000000,  7.210000, -0.840000,  0.326000, 27.700000,  2.000000,  0.000000,  1.000000,  1.000000,  1.000000,  1.000000,  1.000000,  1.000000,  1.000000,  2.000000,  0.000000,  1.000000, 1, 0, 0
3.000000,  0.000000,  7.780000,  0.120000,  0.337000, 26.000000,  2.000000,  1.000000,  0.000000,  1.000000,  1.000000,  1.000000,  1.000000,  1.000000,  1.000000,  2.000000,  1.000000,  0.000000, 1, 0, 0
16.000000,  0.000000, 64.050000,  1.440000,  2.866000,137.300000,  4.000000,  7.000000,  5.000000,  6.000000,  6.000000,  4.000000,  6.000000,  4.000000,  6.000000,  4.000000,  7.000000,  5.000000, 1, 0, 0
6.000000,  0.000000, 21.180000, -2.480000,  0.955000, 56.100000,  3.000000,  2.000000,  1.000000,  3.000000,  2.000000,  1.000000,  1.000000,  2.000000,  3.000000,  2.000000,  3.000000,  1.000000, 1, 0, 0
9.000000,  0.000000, 35.840000,  3.930000,  1.682000, 64.500000,  4.000000,  2.000000,  3.000000,  1.000000,  3.000000,  5.000000,  5.000000,  3.000000,  1.000000,  4.000000,  2.000000,  3.000000, 1, 0, 0
11.000000,  0.000000, 46.670000,  1.030000,  2.195000, 98.800000,  2.000000,  3.000000,  6.000000,  5.000000,  3.000000,  3.000000,  3.000000,  2.000000,  6.000000,  2.000000,  3.000000,  6.000000, 1, 0, 0
8.000000,  0.000000, 22.380000,  2.530000,  1.003000, 58.900000,  3.000000,  5.000000,  0.000000,  1.000000,  3.000000,  4.000000,  4.000000,  3.000000,  1.000000,  3.000000,  5.000000,  0.000000, 1, 0, 0
5.000000,  0.000000, 15.270000,  0.290000,  0.687000, 45.600000,  3.000000,  1.000000,  1.000000,  2.000000,  2.000000,  1.000000,  1.000000,  2.000000,  2.000000,  2.000000,  2.000000,  1.000000, 1, 0, 0
16.000000,  0.000000, 57.960000, -1.800000,  2.630000,144.800000,  6.000000,  6.000000,  4.000000,  7.000000,  5.000000,  4.000000,  4.000000,  5.000000,  7.000000,  5.000000,  7.000000,  4.000000, 1, 0, 0
7.000000,  0.000000, 26.470000, -0.200000,  1.162000, 65.900000,  1.000000,  5.000000,  1.000000,  4.000000,  1.000000,  2.000000,  2.000000,  1.000000,  4.000000,  1.000000,  5.000000,  1.000000, 1, 0, 0
14.000000,  0.000000, 46.100000,  2.670000,  2.113000,111.700000,  5.000000,  6.000000,  3.000000,  4.000000,  4.000000,  6.000000,  6.000000,  4.000000,  4.000000,  5.000000,  6.000000,  3.000000, 1, 0, 0
5.000000,  0.000000, 23.340000,  2.370000,  1.086000, 39.500000,  0.000000,  2.000000,  3.000000,  1.000000,  2.000000,  2.000000,  3.000000,  0.000000,  2.000000,  0.000000,  2.000000,  3.000000, 0, 1, 0
5.000000,  0.000000, 15.770000,  2.870000,  0.731000, 36.300000,  1.000000,  3.000000,  1.000000,  1.000000,  1.000000,  3.000000,  3.000000,  1.000000,  1.000000,  1.000000,  3.000000,  1.000000, 0, 1, 0
4.000000,  0.000000, 15.430000,  5.080000,  0.733000, 21.700000,  0.000000,  3.000000,  1.000000,  0.000000,  0.000000,  4.000000,  4.000000,  0.000000,  0.000000,  0.000000,  3.000000,  1.000000, 0, 1, 0
3.000000,  0.000000, 11.000000,  4.080000,  0.512000, 16.000000,  0.000000,  3.000000,  0.000000,  0.000000,  0.000000,  3.000000,  3.000000,  0.000000,  0.000000,  0.000000,  3.000000,  0.000000, 0, 1, 0
4.000000,  0.000000, 18.470000,  5.200000,  0.856000, 21.200000,  0.000000,  3.000000,  1.000000,  0.000000,  1.000000,  3.000000,  4.000000,  0.000000,  0.000000,  0.000000,  3.000000,  1.000000, 0, 1, 0
11.000000,  0.000000, 37.850000, -1.720000,  1.731000, 99.500000,  4.000000,  4.000000,  3.000000,  4.000000,  5.000000,  2.000000,  2.000000,  4.000000,  5.000000,  4.000000,  4.000000,  3.000000, 0, 1, 0
10.000000,  0.000000, 33.610000, -0.170000,  1.535000, 83.200000,  4.000000,  4.000000,  2.000000,  3.000000,  3.000000,  4.000000,  4.000000,  3.000000,  3.000000,  3.000000,  5.000000,  2.000000, 0, 1, 0
4.000000,  0.000000, 12.200000,  0.730000,  0.542000, 28.000000,  2.000000,  2.000000,  0.000000,  0.000000,  2.000000,  2.000000,  2.000000,  2.000000,  0.000000,  2.000000,  2.000000,  0.000000, 0, 1, 0
5.000000,  0.000000, 14.760000, -0.080000,  0.709000, 41.400000,  2.000000,  2.000000,  1.000000,  2.000000,  1.000000,  2.000000,  2.000000,  1.000000,  2.000000,  1.000000,  3.000000,  1.000000, 0, 1, 0
5.000000,  0.000000, 19.490000,  4.260000,  0.908000, 34.600000,  1.000000,  3.000000,  1.000000,  1.000000,  1.000000,  3.000000,  3.000000,  1.000000,  1.000000,  0.000000,  4.000000,  1.000000, 0, 1, 0
3.000000,  0.000000, 15.020000,  2.060000,  0.721000, 21.600000,  0.000000,  1.000000,  2.000000,  1.000000,  0.000000,  2.000000,  2.000000,  0.000000,  1.000000,  0.000000,  1.000000,  2.000000, 0, 1, 0
6.000000,  0.000000, 23.460000, -0.150000,  1.056000, 53.100000,  1.000000,  4.000000,  1.000000,  3.000000,  1.000000,  2.000000,  2.000000,  1.000000,  3.000000,  1.000000,  4.000000,  1.000000, 0, 1, 0
7.000000,  0.000000, 23.670000,  5.400000,  1.093000, 48.400000,  2.000000,  4.000000,  1.000000,  1.000000,  1.000000,  5.000000,  5.000000,  1.000000,  1.000000,  2.000000,  4.000000,  1.000000, 0, 1, 0
7.000000,  0.000000, 26.680000,  2.660000,  1.221000, 57.400000,  1.000000,  4.000000,  2.000000,  3.000000,  0.000000,  4.000000,  4.000000,  0.000000,  3.000000,  1.000000,  4.000000,  2.000000, 0, 1, 0
5.000000,  0.000000, 20.030000,  2.620000,  0.949000, 35.200000,  2.000000,  1.000000,  2.000000,  1.000000,  2.000000,  2.000000,  3.000000,  1.000000,  1.000000,  1.000000,  2.000000,  2.000000, 0, 1, 0
4.000000,  0.000000, 15.350000, -1.740000,  0.704000, 38.800000,  2.000000,  1.000000,  1.000000,  2.000000,  2.000000,  0.000000,  0.000000,  2.000000,  2.000000,  0.000000,  3.000000,  1.000000, 0, 1, 0
