3051, 3050
3064, 3050
3050, 3051
3052, 3051
3063, 3051
3078, 3051
3051, 3052
3064, 3052
3077, 3052
3078, 3052
3054, 3053
3065, 3053
3067, 3053
3076, 3053
3077, 3053
3053, 3054
3055, 3054
3066, 3054
3068, 3054
3076, 3054
3054, 3055
3067, 3055
3079, 3055
3057, 3056
3070, 3056
3079, 3056
3056, 3057
3058, 3057
3069, 3057
3070, 3057
3057, 3058
3059, 3058
3060, 3058
3070, 3058
3058, 3059
3060, 3059
3061, 3059
3058, 3060
3059, 3060
3061, 3060
3059, 3061
3060, 3061
3062, 3061
3061, 3062
3074, 3062
3075, 3062
3051, 3063
3064, 3063
3050, 3064
3052, 3064
3063, 3064
3065, 3064
3082, 3064
3053, 3065
3064, 3065
3081, 3065
3082, 3065
3054, 3066
3067, 3066
3080, 3066
3081, 3066
3053, 3067
3055, 3067
3066, 3067
3068, 3067
3080, 3067
3054, 3068
3067, 3068
3083, 3068
3057, 3069
3070, 3069
3083, 3069
3056, 3070
3057, 3070
3058, 3070
3069, 3070
3071, 3070
3070, 3071
3072, 3071
3071, 3072
3073, 3072
3074, 3072
3072, 3073
3074, 3073
3075, 3073
3062, 3074
3072, 3074
3073, 3074
3075, 3074
3062, 3075
3073, 3075
3074, 3075
3053, 3076
3054, 3076
3077, 3076
3079, 3076
3081, 3076
3083, 3076
3052, 3077
3053, 3077
3076, 3077
3078, 3077
3080, 3077
3082, 3077
3051, 3078
3052, 3078
3077, 3078
3081, 3078
3055, 3079
3056, 3079
3076, 3079
3080, 3079
3083, 3079
3066, 3080
3067, 3080
3077, 3080
3079, 3080
3081, 3080
3083, 3080
3065, 3081
3066, 3081
3076, 3081
3078, 3081
3080, 3081
3082, 3081
3064, 3082
3065, 3082
3077, 3082
3081, 3082
3068, 3083
3069, 3083
3076, 3083
3079, 3083
3080, 3083
