6.000000,  8.868224, 30.840000,  2.130000,  1.483000, 55.700000,  1.000000,  0.000000,  5.000000,  2.000000,  2.000000,  2.000000,  2.000000,  0.000000,  4.000000,  1.000000,  0.000000,  5.000000, 1, 0, 0
5.000000,  8.046342, 12.490000,  0.530000,  0.582000, 41.600000,  3.000000,  1.000000,  1.000000,  1.000000,  3.000000,  1.000000,  1.000000,  3.000000,  1.000000,  2.000000,  2.000000,  1.000000, 1, 0, 0
3.000000,  5.778090,  9.250000, -0.730000,  0.403000, 28.200000,  2.000000,  0.000000,  1.000000,  1.000000,  2.000000,  0.000000,  1.000000,  1.000000,  1.000000,  2.000000,  0.000000,  1.000000, 1, 0, 0
6.000000,  8.752737, 18.610000,  0.190000,  0.875000, 50.000000,  2.000000,  2.000000,  2.000000,  2.000000,  2.000000,  2.000000,  2.000000,  2.000000,  2.000000,  2.000000,  2.000000,  2.000000, 1, 0, 0
9.000000, 11.316169, 27.220000,  1.090000,  1.241000, 74.400000,  3.000000,  5.000000,  1.000000,  3.000000,  2.000000,  4.000000,  4.000000,  2.000000,  3.000000,  2.000000,  6.000000,  1.000000, 1, 0, 0
6.000000,  9.613744, 19.750000, -0.240000,  0.866000, 52.200000,  3.000000,  2.000000,  1.000000,  2.000000,  2.000000,  2.000000,  2.000000,  2.000000,  2.000000,  3.000000,  2.000000,  1.000000, 1, 0, 0
6.000000,  9.467476, 19.570000,  0.880000,  0.925000, 45.300000,  3.000000,  2.000000,  1.000000,  1.000000,  3.000000,  2.000000,  2.000000,  3.000000,  1.000000,  1.000000,  4.000000,  1.000000, 1, 0, 0
6.000000,  9.590121, 28.560000,  2.380000,  1.345000, 49.100000,  0.000000,  2.000000,  4.000000,  3.000000,  0.000000,  3.000000,  3.000000,  0.000000,  3.000000,  0.000000,  2.000000,  4.000000, 1, 0, 0
5.000000,  7.643008,  0.000000,  0.000000,  0.000000,  0.000000,  0.000000,  0.000000,  0.000000,  0.000000,  0.000000,  0.000000,  0.000000,  0.000000,  0.000000,  0.000000,  0.000000,  0.000000, 1, 0, 0
6.000000,  8.373314,  0.000000,  0.000000,  0.000000,  0.000000,  0.000000,  0.000000,  0.000000,  0.000000,  0.000000,  0.000000,  0.000000,  0.000000,  0.000000,  0.000000,  0.000000,  0.000000, 1, 0, 0
5.000000,  7.288993,  0.000000,  0.000000,  0.000000,  0.000000,  0.000000,  0.000000,  0.000000,  0.000000,  0.000000,  0.000000,  0.000000,  0.000000,  0.000000,  0.000000,  0.000000,  0.000000, 1, 0, 0
2.000000,  3.757690,  6.780000,  0.770000,  0.291000, 18.200000,  1.000000,  1.000000,  0.000000,  1.000000,  0.000000,  1.000000,  1.000000,  0.000000,  1.000000,  1.000000,  1.000000,  0.000000, 0, 1, 0
2.000000,  3.808094,  5.600000,  0.360000,  0.248000, 14.500000,  1.000000,  1.000000,  0.000000,  0.000000,  1.000000,  1.000000,  1.000000,  1.000000,  0.000000,  1.000000,  1.000000,  0.000000, 0, 1, 0
2.000000,  3.820034, 11.240000,  0.700000,  0.517000, 17.500000,  0.000000,  0.000000,  2.000000,  1.000000,  1.000000,  0.000000,  1.000000,  0.000000,  1.000000,  0.000000,  0.000000,  2.000000, 0, 1, 0
2.000000,  3.846169,  2.600000, -0.950000,  0.108000, 17.300000,  2.000000,  0.000000,  0.000000,  0.000000,  2.000000,  0.000000,  0.000000,  2.000000,  0.000000,  2.000000,  0.000000,  0.000000, 0, 1, 0
3.000000,  6.546091, 17.150000,  2.050000,  0.815000, 20.200000,  1.000000,  0.000000,  2.000000,  0.000000,  2.000000,  1.000000,  2.000000,  1.000000,  0.000000,  1.000000,  0.000000,  2.000000, 0, 1, 0
3.000000,  6.645591, 11.770000,  1.860000,  0.545000, 22.100000,  0.000000,  2.000000,  1.000000,  1.000000,  0.000000,  2.000000,  2.000000,  0.000000,  1.000000,  0.000000,  2.000000,  1.000000, 0, 1, 0
11.000000, 31.261800, 31.260000,  4.740000,  1.455000, 78.600000,  4.000000,  5.000000,  2.000000,  1.000000,  4.000000,  6.000000,  6.000000,  4.000000,  1.000000,  4.000000,  5.000000,  2.000000, 0, 1, 0
4.000000, 10.407946,  7.800000, -1.780000,  0.326000, 33.500000,  3.000000,  1.000000,  0.000000,  0.000000,  3.000000,  1.000000,  1.000000,  3.000000,  0.000000,  3.000000,  1.000000,  0.000000, 0, 1, 0
11.000000, 31.261800, 31.260000,  4.740000,  1.455000, 78.600000,  4.000000,  5.000000,  2.000000,  1.000000,  4.000000,  6.000000,  6.000000,  4.000000,  1.000000,  4.000000,  5.000000,  2.000000, 0, 1, 0
9.000000, 26.019212, 36.130000,  3.750000,  1.712000, 73.900000,  1.000000,  5.000000,  3.000000,  2.000000,  3.000000,  4.000000,  4.000000,  1.000000,  4.000000,  1.000000,  5.000000,  3.000000, 0, 1, 0
10.000000, 25.529597, 53.730000,  7.470000,  2.590000, 73.900000,  0.000000,  3.000000,  7.000000,  2.000000,  3.000000,  5.000000,  6.000000,  0.000000,  4.000000,  0.000000,  3.000000,  7.000000, 0, 1, 0
4.000000, 10.008473, 11.770000,  1.060000,  0.545000, 31.100000,  1.000000,  2.000000,  1.000000,  1.000000,  1.000000,  2.000000,  2.000000,  1.000000,  1.000000,  1.000000,  2.000000,  1.000000, 0, 1, 0
4.000000,  9.471226, 10.200000,  0.330000,  0.450000, 29.200000,  2.000000,  2.000000,  0.000000,  0.000000,  2.000000,  2.000000,  2.000000,  2.000000,  0.000000,  2.000000,  2.000000,  0.000000, 0, 1, 0
4.000000, 10.008473, 11.770000,  1.060000,  0.545000, 31.100000,  1.000000,  2.000000,  1.000000,  1.000000,  1.000000,  2.000000,  2.000000,  1.000000,  1.000000,  1.000000,  2.000000,  1.000000, 0, 1, 0
10.000000, 25.529597, 53.730000,  7.470000,  2.590000, 73.900000,  0.000000,  3.000000,  7.000000,  2.000000,  3.000000,  5.000000,  6.000000,  0.000000,  4.000000,  0.000000,  3.000000,  7.000000, 0, 1, 0
5.000000, 12.954019, 21.510000,  1.920000,  1.005000, 40.200000,  0.000000,  3.000000,  2.000000,  2.000000,  0.000000,  3.000000,  3.000000,  0.000000,  2.000000,  0.000000,  3.000000,  2.000000, 0, 1, 0
6.000000, 15.190039, 22.680000,  1.930000,  1.045000, 46.300000,  1.000000,  4.000000,  1.000000,  2.000000,  1.000000,  3.000000,  3.000000,  1.000000,  2.000000,  1.000000,  4.000000,  1.000000, 0, 1, 0
2.000000,  3.811220,  3.780000, -1.020000,  0.151000, 21.100000,  2.000000,  0.000000,  0.000000,  1.000000,  1.000000,  0.000000,  0.000000,  1.000000,  1.000000,  2.000000,  0.000000,  0.000000, 0, 1, 0
5.000000, 13.269071,  0.000000,  0.000000,  0.000000,  0.000000,  0.000000,  0.000000,  0.000000,  0.000000,  0.000000,  0.000000,  0.000000,  0.000000,  0.000000,  0.000000,  0.000000,  0.000000, 0, 1, 0
9.000000, 26.954324,  0.000000,  0.000000,  0.000000,  0.000000,  0.000000,  0.000000,  0.000000,  0.000000,  0.000000,  0.000000,  0.000000,  0.000000,  0.000000,  0.000000,  0.000000,  0.000000, 0, 1, 0
6.000000, 16.277249,  0.000000,  0.000000,  0.000000,  0.000000,  0.000000,  0.000000,  0.000000,  0.000000,  0.000000,  0.000000,  0.000000,  0.000000,  0.000000,  0.000000,  0.000000,  0.000000, 0, 1, 0
5.000000, 13.923498,  0.000000,  0.000000,  0.000000,  0.000000,  0.000000,  0.000000,  0.000000,  0.000000,  0.000000,  0.000000,  0.000000,  0.000000,  0.000000,  0.000000,  0.000000,  0.000000, 0, 1, 0
4.000000, 10.374147,  0.000000,  0.000000,  0.000000,  0.000000,  0.000000,  0.000000,  0.000000,  0.000000,  0.000000,  0.000000,  0.000000,  0.000000,  0.000000,  0.000000,  0.000000,  0.000000, 0, 1, 0
6.000000, 16.147626,  0.000000,  0.000000,  0.000000,  0.000000,  0.000000,  0.000000,  0.000000,  0.000000,  0.000000,  0.000000,  0.000000,  0.000000,  0.000000,  0.000000,  0.000000,  0.000000, 0, 1, 0
7.000000, 19.631181,  0.000000,  0.000000,  0.000000,  0.000000,  0.000000,  0.000000,  0.000000,  0.000000,  0.000000,  0.000000,  0.000000,  0.000000,  0.000000,  0.000000,  0.000000,  0.000000, 0, 1, 0
2.000000,  3.814784,  0.000000,  0.000000,  0.000000,  0.000000,  0.000000,  0.000000,  0.000000,  0.000000,  0.000000,  0.000000,  0.000000,  0.000000,  0.000000,  0.000000,  0.000000,  0.000000, 0, 1, 0
7.000000, 19.631181,  0.000000,  0.000000,  0.000000,  0.000000,  0.000000,  0.000000,  0.000000,  0.000000,  0.000000,  0.000000,  0.000000,  0.000000,  0.000000,  0.000000,  0.000000,  0.000000, 0, 1, 0
6.000000, 16.898774,  0.000000,  0.000000,  0.000000,  0.000000,  0.000000,  0.000000,  0.000000,  0.000000,  0.000000,  0.000000,  0.000000,  0.000000,  0.000000,  0.000000,  0.000000,  0.000000, 0, 1, 0
7.000000, 18.863522,  0.000000,  0.000000,  0.000000,  0.000000,  0.000000,  0.000000,  0.000000,  0.000000,  0.000000,  0.000000,  0.000000,  0.000000,  0.000000,  0.000000,  0.000000,  0.000000, 0, 1, 0
4.000000, 10.330731,  0.000000,  0.000000,  0.000000,  0.000000,  0.000000,  0.000000,  0.000000,  0.000000,  0.000000,  0.000000,  0.000000,  0.000000,  0.000000,  0.000000,  0.000000,  0.000000, 0, 1, 0
