3476, 3475
3488, 3475
3489, 3475
3475, 3476
3477, 3476
3487, 3476
3488, 3476
3489, 3476
3476, 3477
3478, 3477
3479, 3477
3487, 3477
3490, 3477
3477, 3478
3479, 3478
3490, 3478
3477, 3479
3478, 3479
3480, 3479
3490, 3479
3491, 3479
3479, 3480
3481, 3480
3491, 3480
3480, 3481
3491, 3481
3492, 3481
3494, 3481
3483, 3482
3494, 3482
3496, 3482
3482, 3483
3493, 3483
3495, 3483
3496, 3483
3499, 3483
3493, 3484
3497, 3484
3498, 3484
3486, 3485
3497, 3485
3500, 3485
3485, 3486
3497, 3486
3500, 3486
3476, 3487
3477, 3487
3490, 3487
3475, 3488
3476, 3488
3489, 3488
3475, 3489
3476, 3489
3488, 3489
3477, 3490
3478, 3490
3479, 3490
3487, 3490
3479, 3491
3480, 3491
3481, 3491
3481, 3492
3494, 3492
3496, 3492
3483, 3493
3484, 3493
3495, 3493
3498, 3493
3481, 3494
3482, 3494
3492, 3494
3496, 3494
3483, 3495
3493, 3495
3496, 3495
3499, 3495
3482, 3496
3483, 3496
3492, 3496
3494, 3496
3495, 3496
3499, 3496
3484, 3497
3485, 3497
3486, 3497
3498, 3497
3500, 3497
3484, 3498
3493, 3498
3497, 3498
3500, 3498
3483, 3499
3495, 3499
3496, 3499
3485, 3500
3486, 3500
3497, 3500
3498, 3500
