4415, 4414
4429, 4414
4430, 4414
4414, 4415
4419, 4415
4429, 4415
4430, 4415
4417, 4416
4420, 4416
4422, 4416
4432, 4416
4416, 4417
4420, 4417
4427, 4417
4433, 4417
4419, 4418
4426, 4418
4429, 4418
4415, 4419
4418, 4419
4426, 4419
4429, 4419
4416, 4420
4417, 4420
4422, 4420
4427, 4420
4428, 4420
4422, 4421
4423, 4421
4432, 4421
4416, 4422
4420, 4422
4421, 4422
4432, 4422
4421, 4423
4424, 4423
4430, 4423
4431, 4423
4432, 4423
4423, 4424
4430, 4424
4431, 4424
4427, 4425
4428, 4425
4433, 4425
4418, 4426
4419, 4426
4429, 4426
4417, 4427
4420, 4427
4425, 4427
4428, 4427
4433, 4427
4420, 4428
4425, 4428
4427, 4428
4433, 4428
4414, 4429
4415, 4429
4418, 4429
4419, 4429
4426, 4429
4414, 4430
4415, 4430
4423, 4430
4424, 4430
4431, 4430
4423, 4431
4424, 4431
4430, 4431
4416, 4432
4421, 4432
4422, 4432
4423, 4432
4417, 4433
4425, 4433
4427, 4433
4428, 4433
