4870, 4869
4884, 4869
4885, 4869
4869, 4870
4884, 4870
4885, 4870
4886, 4870
4872, 4871
4886, 4871
4887, 4871
4871, 4872
4873, 4872
4887, 4872
4872, 4873
4874, 4873
4887, 4873
4888, 4873
4873, 4874
4875, 4874
4888, 4874
4874, 4875
4876, 4875
4888, 4875
4875, 4876
4877, 4876
4889, 4876
4876, 4877
4878, 4877
4889, 4877
4877, 4878
4879, 4878
4889, 4878
4878, 4879
4880, 4879
4890, 4879
4879, 4880
4881, 4880
4882, 4880
4883, 4880
4890, 4880
4880, 4881
4882, 4881
4883, 4881
4880, 4882
4881, 4882
4883, 4882
4880, 4883
4881, 4883
4882, 4883
4890, 4883
4869, 4884
4870, 4884
4885, 4884
4869, 4885
4870, 4885
4884, 4885
4886, 4885
4870, 4886
4871, 4886
4885, 4886
4871, 4887
4872, 4887
4873, 4887
4873, 4888
4874, 4888
4875, 4888
4876, 4889
4877, 4889
4878, 4889
4879, 4890
4880, 4890
4883, 4890
