6770, 6769
6771, 6769
6779, 6769
6769, 6770
6771, 6770
6772, 6770
6779, 6770
6781, 6770
6769, 6771
6770, 6771
6772, 6771
6781, 6771
6782, 6771
6770, 6772
6771, 6772
6773, 6772
6774, 6772
6780, 6772
6783, 6772
6772, 6773
6774, 6773
6775, 6773
6778, 6773
6780, 6773
6772, 6774
6773, 6774
6775, 6774
6778, 6774
6773, 6775
6774, 6775
6776, 6775
6777, 6775
6775, 6776
6777, 6776
6778, 6776
6775, 6777
6776, 6777
6778, 6777
6773, 6778
6774, 6778
6776, 6778
6777, 6778
6780, 6778
6783, 6778
6769, 6779
6770, 6779
6781, 6779
6782, 6779
6772, 6780
6773, 6780
6778, 6780
6782, 6780
6783, 6780
6770, 6781
6771, 6781
6779, 6781
6782, 6781
6783, 6781
6771, 6782
6779, 6782
6780, 6782
6781, 6782
6783, 6782
6772, 6783
6778, 6783
6780, 6783
6781, 6783
6782, 6783
