4753, 4752
4754, 4752
4758, 4752
4752, 4753
4754, 4753
4758, 4753
4752, 4754
4753, 4754
4758, 4754
4756, 4755
4757, 4755
4762, 4755
4763, 4755
4755, 4756
4757, 4756
4760, 4756
4763, 4756
4755, 4757
4756, 4757
4760, 4757
4761, 4757
4752, 4758
4753, 4758
4754, 4758
4759, 4758
4762, 4758
4763, 4758
4758, 4759
4762, 4759
4763, 4759
4756, 4760
4757, 4760
4761, 4760
4762, 4760
4763, 4760
4757, 4761
4760, 4761
4763, 4761
4755, 4762
4758, 4762
4759, 4762
4760, 4762
4763, 4762
4755, 4763
4756, 4763
4758, 4763
4759, 4763
4760, 4763
4761, 4763
4762, 4763
