7279, 7278
7291, 7278
7308, 7278
7313, 7278
7278, 7279
7280, 7279
7281, 7279
7307, 7279
7279, 7280
7281, 7280
7282, 7280
7279, 7281
7280, 7281
7282, 7281
7309, 7281
7280, 7282
7281, 7282
7283, 7282
7309, 7282
7282, 7283
7284, 7283
7310, 7283
7315, 7283
7283, 7284
7285, 7284
7310, 7284
7284, 7285
7299, 7285
7300, 7285
7311, 7285
7287, 7286
7303, 7286
7311, 7286
7286, 7287
7288, 7287
7302, 7287
7287, 7288
7289, 7288
7290, 7288
7303, 7288
7305, 7288
7306, 7288
7288, 7289
7290, 7289
7303, 7289
7288, 7290
7289, 7290
7303, 7290
7278, 7291
7307, 7291
7308, 7291
7312, 7291
7313, 7291
7293, 7292
7307, 7292
7312, 7292
7292, 7293
7294, 7293
7295, 7293
7293, 7294
7295, 7294
7296, 7294
7293, 7295
7294, 7295
7296, 7295
7294, 7296
7295, 7296
7297, 7296
7309, 7296
7314, 7296
7296, 7297
7298, 7297
7309, 7297
7314, 7297
7297, 7298
7310, 7298
7315, 7298
7285, 7299
7300, 7299
7310, 7299
7315, 7299
7285, 7300
7299, 7300
7301, 7300
7310, 7300
7300, 7301
7311, 7301
7316, 7301
7287, 7302
7303, 7302
7316, 7302
7286, 7303
7288, 7303
7289, 7303
7290, 7303
7302, 7303
7304, 7303
7311, 7303
7316, 7303
7303, 7304
7305, 7304
7306, 7304
7288, 7305
7304, 7305
7306, 7305
7288, 7306
7304, 7306
7305, 7306
7279, 7307
7291, 7307
7292, 7307
7308, 7307
7278, 7308
7291, 7308
7307, 7308
7281, 7309
7282, 7309
7296, 7309
7297, 7309
7283, 7310
7284, 7310
7298, 7310
7299, 7310
7300, 7310
7285, 7311
7286, 7311
7301, 7311
7303, 7311
7316, 7311
7291, 7312
7292, 7312
7278, 7313
7291, 7313
7296, 7314
7297, 7314
7283, 7315
7298, 7315
7299, 7315
7301, 7316
7302, 7316
7303, 7316
7311, 7316
