8424, 8423
8442, 8423
8423, 8424
8425, 8424
8441, 8424
8424, 8425
8426, 8425
8444, 8425
8425, 8426
8427, 8426
8443, 8426
8445, 8426
8426, 8427
8428, 8427
8444, 8427
8446, 8427
8427, 8428
8429, 8428
8445, 8428
8428, 8429
8430, 8429
8431, 8429
8429, 8430
8431, 8430
8432, 8430
8429, 8431
8430, 8431
8432, 8431
8459, 8431
8430, 8432
8431, 8432
8433, 8432
8459, 8432
8461, 8432
8432, 8433
8434, 8433
8435, 8433
8459, 8433
8461, 8433
8433, 8434
8435, 8434
8459, 8434
8461, 8434
8433, 8435
8434, 8435
8460, 8435
8462, 8435
8437, 8436
8460, 8436
8462, 8436
8436, 8437
8438, 8437
8439, 8437
8440, 8437
8437, 8438
8439, 8438
8440, 8438
8437, 8439
8438, 8439
8440, 8439
8437, 8440
8438, 8440
8439, 8440
8424, 8441
8442, 8441
8423, 8442
8441, 8442
8443, 8442
8426, 8443
8442, 8443
8444, 8443
8425, 8444
8427, 8444
8443, 8444
8445, 8444
8426, 8445
8428, 8445
8444, 8445
8446, 8445
8427, 8446
8445, 8446
8447, 8446
8446, 8447
8448, 8447
8449, 8447
8447, 8448
8449, 8448
8450, 8448
8447, 8449
8448, 8449
8450, 8449
8451, 8449
8448, 8450
8449, 8450
8451, 8450
8452, 8450
8453, 8450
8461, 8450
8449, 8451
8450, 8451
8452, 8451
8453, 8451
8461, 8451
8450, 8452
8451, 8452
8453, 8452
8450, 8453
8451, 8453
8452, 8453
8462, 8453
8455, 8454
8456, 8454
8457, 8454
8462, 8454
8454, 8455
8456, 8455
8457, 8455
8458, 8455
8454, 8456
8455, 8456
8457, 8456
8458, 8456
8454, 8457
8455, 8457
8456, 8457
8458, 8457
8455, 8458
8456, 8458
8457, 8458
8431, 8459
8432, 8459
8433, 8459
8434, 8459
8435, 8460
8436, 8460
8462, 8460
8432, 8461
8433, 8461
8434, 8461
8450, 8461
8451, 8461
8435, 8462
8436, 8462
8453, 8462
8454, 8462
8460, 8462
