10.000000, 13.968701, 18.280000, -1.940000,  0.803000, 88.000000,  7.000000,  3.000000,  0.000000,  2.000000,  7.000000,  1.000000,  1.000000,  7.000000,  2.000000,  6.000000,  4.000000,  0.000000, 1, 0, 0
9.000000, 11.376720, 30.070000,  3.140000,  1.389000, 65.900000,  3.000000,  4.000000,  2.000000,  1.000000,  3.000000,  5.000000,  5.000000,  3.000000,  1.000000,  3.000000,  4.000000,  2.000000, 1, 0, 0
4.000000,  4.895589, 13.190000,  2.170000,  0.615000, 28.200000,  2.000000,  1.000000,  1.000000,  0.000000,  3.000000,  1.000000,  2.000000,  2.000000,  0.000000,  1.000000,  2.000000,  1.000000, 1, 0, 0
8.000000, 10.477466, 32.410000, -0.030000,  1.458000, 73.600000,  1.000000,  5.000000,  2.000000,  5.000000,  0.000000,  3.000000,  3.000000,  0.000000,  5.000000,  1.000000,  5.000000,  2.000000, 1, 0, 0
13.000000, 18.398210, 48.130000,  1.340000,  2.228000,110.100000,  4.000000,  4.000000,  5.000000,  5.000000,  5.000000,  3.000000,  5.000000,  3.000000,  5.000000,  3.000000,  5.000000,  5.000000, 1, 0, 0
19.000000, 26.569449, 74.680000,  2.210000,  3.467000,158.700000,  7.000000,  5.000000,  7.000000,  7.000000,  6.000000,  6.000000,  7.000000,  5.000000,  7.000000,  6.000000,  6.000000,  7.000000, 1, 0, 0
14.000000, 20.624754, 54.120000,  2.570000,  2.497000,117.800000,  3.000000,  6.000000,  5.000000,  6.000000,  2.000000,  6.000000,  6.000000,  2.000000,  6.000000,  2.000000,  7.000000,  5.000000, 1, 0, 0
4.000000,  5.012083, 13.070000,  0.680000,  0.592000, 28.700000,  2.000000,  1.000000,  1.000000,  0.000000,  3.000000,  1.000000,  2.000000,  2.000000,  0.000000,  2.000000,  1.000000,  1.000000, 1, 0, 0
14.000000, 19.771022, 47.060000, -0.840000,  2.166000,121.500000,  7.000000,  3.000000,  4.000000,  4.000000,  7.000000,  3.000000,  4.000000,  5.000000,  5.000000,  6.000000,  4.000000,  4.000000, 1, 0, 0
5.000000,  5.751837, 15.440000,  2.180000,  0.707000, 42.600000,  2.000000,  2.000000,  1.000000,  1.000000,  2.000000,  2.000000,  2.000000,  1.000000,  2.000000,  2.000000,  2.000000,  1.000000, 1, 0, 0
11.000000, 14.789833, 41.950000,  3.580000,  1.978000, 84.300000,  3.000000,  3.000000,  5.000000,  3.000000,  3.000000,  5.000000,  5.000000,  3.000000,  3.000000,  3.000000,  3.000000,  5.000000, 1, 0, 0
15.000000, 20.579260, 52.870000,  0.140000,  2.376000,129.200000,  5.000000,  7.000000,  3.000000,  6.000000,  3.000000,  6.000000,  6.000000,  3.000000,  6.000000,  5.000000,  7.000000,  3.000000, 1, 0, 0
8.000000, 10.437917, 28.420000,  3.320000,  1.319000, 58.000000,  3.000000,  3.000000,  2.000000,  1.000000,  3.000000,  4.000000,  4.000000,  3.000000,  1.000000,  2.000000,  4.000000,  2.000000, 1, 0, 0
20.000000, 28.366370, 53.810000, -0.170000,  2.495000,173.100000,  9.000000,  8.000000,  3.000000,  7.000000,  8.000000,  5.000000,  5.000000,  8.000000,  7.000000,  7.000000, 10.000000,  3.000000, 1, 0, 0
15.000000, 19.273164, 53.650000,  0.360000,  2.464000,132.200000,  4.000000,  8.000000,  3.000000,  7.000000,  3.000000,  5.000000,  5.000000,  3.000000,  7.000000,  3.000000,  9.000000,  3.000000, 1, 0, 0
14.000000, 18.552718, 46.340000,  3.830000,  2.130000,113.300000,  5.000000,  7.000000,  2.000000,  4.000000,  4.000000,  6.000000,  6.000000,  4.000000,  4.000000,  3.000000,  9.000000,  2.000000, 1, 0, 0
13.000000, 17.758602, 51.080000, -0.200000,  2.276000,110.100000,  1.000000, 10.000000,  2.000000,  6.000000,  2.000000,  5.000000,  6.000000,  1.000000,  6.000000,  1.000000, 10.000000,  2.000000, 1, 0, 0
14.000000, 20.072925, 41.430000, -2.630000,  1.829000,127.700000,  5.000000,  7.000000,  2.000000,  6.000000,  5.000000,  3.000000,  3.000000,  5.000000,  6.000000,  5.000000,  7.000000,  2.000000, 1, 0, 0
9.000000, 23.098231, 30.340000,  4.190000,  1.424000, 64.500000,  4.000000,  3.000000,  2.000000,  1.000000,  4.000000,  4.000000,  4.000000,  4.000000,  1.000000,  3.000000,  4.000000,  2.000000, 0, 1, 0
7.000000, 18.089921, 35.070000,  1.290000,  1.636000, 60.700000,  1.000000,  2.000000,  4.000000,  4.000000,  1.000000,  2.000000,  3.000000,  0.000000,  4.000000,  0.000000,  3.000000,  4.000000, 0, 1, 0
7.000000, 18.998653, 28.410000,  6.310000,  1.312000, 45.900000,  2.000000,  2.000000,  3.000000,  0.000000,  5.000000,  2.000000,  5.000000,  2.000000,  0.000000,  2.000000,  2.000000,  3.000000, 0, 1, 0
10.000000, 23.029496, 41.950000,  1.140000,  1.919000, 84.500000,  2.000000,  5.000000,  3.000000,  5.000000,  1.000000,  4.000000,  4.000000,  1.000000,  5.000000,  2.000000,  5.000000,  3.000000, 0, 1, 0
7.000000, 20.198851, 25.600000,  2.020000,  1.177000, 54.100000,  2.000000,  4.000000,  1.000000,  2.000000,  1.000000,  4.000000,  4.000000,  1.000000,  2.000000,  0.000000,  6.000000,  1.000000, 0, 1, 0
3.000000,  6.284706, 15.110000,  1.940000,  0.738000, 19.700000,  1.000000,  0.000000,  2.000000,  0.000000,  1.000000,  2.000000,  2.000000,  1.000000,  0.000000,  1.000000,  0.000000,  2.000000, 0, 1, 0
8.000000, 23.131958, 34.880000,  6.230000,  1.653000, 58.700000,  2.000000,  3.000000,  3.000000,  2.000000,  1.000000,  5.000000,  5.000000,  1.000000,  2.000000,  2.000000,  3.000000,  3.000000, 0, 1, 0
9.000000, 23.646736, 32.340000,  5.930000,  1.516000, 61.000000,  3.000000,  4.000000,  2.000000,  1.000000,  3.000000,  5.000000,  6.000000,  2.000000,  1.000000,  2.000000,  5.000000,  2.000000, 0, 1, 0
