16547, 16546
16560, 16546
16561, 16546
16546, 16547
16548, 16547
16549, 16547
16579, 16547
16547, 16548
16549, 16548
16550, 16548
16551, 16548
16547, 16549
16548, 16549
16550, 16549
16551, 16549
16578, 16549
16548, 16550
16549, 16550
16551, 16550
16578, 16550
16548, 16551
16549, 16551
16550, 16551
16577, 16551
16553, 16552
16567, 16552
16576, 16552
16581, 16552
16552, 16553
16566, 16553
16575, 16553
16576, 16553
16555, 16554
16569, 16554
16575, 16554
16554, 16555
16556, 16555
16568, 16555
16570, 16555
16574, 16555
16555, 16556
16557, 16556
16558, 16556
16569, 16556
16574, 16556
16582, 16556
16556, 16557
16558, 16557
16559, 16557
16582, 16557
16583, 16557
16556, 16558
16557, 16558
16559, 16558
16583, 16558
16557, 16559
16558, 16559
16573, 16559
16583, 16559
16546, 16560
16561, 16560
16562, 16560
16589, 16560
16546, 16561
16560, 16561
16562, 16561
16563, 16561
16589, 16561
16560, 16562
16561, 16562
16563, 16562
16564, 16562
16561, 16563
16562, 16563
16564, 16563
16565, 16563
16588, 16563
16562, 16564
16563, 16564
16565, 16564
16588, 16564
16563, 16565
16564, 16565
16566, 16565
16587, 16565
16553, 16566
16565, 16566
16567, 16566
16586, 16566
16591, 16566
16552, 16567
16566, 16567
16568, 16567
16585, 16567
16586, 16567
16555, 16568
16567, 16568
16569, 16568
16585, 16568
16554, 16569
16556, 16569
16568, 16569
16570, 16569
16584, 16569
16555, 16570
16569, 16570
16571, 16570
16572, 16570
16584, 16570
16592, 16570
16570, 16571
16572, 16571
16573, 16571
16592, 16571
16593, 16571
16570, 16572
16571, 16572
16573, 16572
16593, 16572
16559, 16573
16571, 16573
16572, 16573
16555, 16574
16556, 16574
16582, 16574
16592, 16574
16553, 16575
16554, 16575
16576, 16575
16586, 16575
16552, 16576
16553, 16576
16575, 16576
16581, 16576
16585, 16576
16591, 16576
16551, 16577
16578, 16577
16580, 16577
16588, 16577
16590, 16577
16549, 16578
16550, 16578
16577, 16578
16579, 16578
16587, 16578
16589, 16578
16547, 16579
16578, 16579
16588, 16579
16589, 16579
16577, 16580
16581, 16580
16587, 16580
16591, 16580
16552, 16581
16576, 16581
16580, 16581
16586, 16581
16590, 16581
16556, 16582
16557, 16582
16574, 16582
16583, 16582
16584, 16582
16593, 16582
16557, 16583
16558, 16583
16559, 16583
16582, 16583
16592, 16583
16593, 16583
16569, 16584
16570, 16584
16582, 16584
16592, 16584
16567, 16585
16568, 16585
16576, 16585
16586, 16585
16566, 16586
16567, 16586
16575, 16586
16581, 16586
16585, 16586
16591, 16586
16565, 16587
16578, 16587
16580, 16587
16588, 16587
16590, 16587
16563, 16588
16564, 16588
16577, 16588
16579, 16588
16587, 16588
16589, 16588
16560, 16589
16561, 16589
16578, 16589
16579, 16589
16588, 16589
16577, 16590
16581, 16590
16587, 16590
16591, 16590
16566, 16591
16576, 16591
16580, 16591
16586, 16591
16590, 16591
16570, 16592
16571, 16592
16574, 16592
16583, 16592
16584, 16592
16593, 16592
16571, 16593
16572, 16593
16582, 16593
16583, 16593
16592, 16593
