13263, 13262
13273, 13262
13262, 13263
13272, 13263
13281, 13263
13285, 13263
13265, 13264
13266, 13264
13275, 13264
13288, 13264
13290, 13264
13264, 13265
13266, 13265
13275, 13265
13288, 13265
13264, 13266
13265, 13266
13267, 13266
13274, 13266
13276, 13266
13289, 13266
13266, 13267
13268, 13267
13275, 13267
13289, 13267
13292, 13267
13267, 13268
13269, 13268
13270, 13268
13271, 13268
13291, 13268
13268, 13269
13270, 13269
13271, 13269
13268, 13270
13269, 13270
13271, 13270
13268, 13271
13269, 13271
13270, 13271
13263, 13272
13273, 13272
13282, 13272
13283, 13272
13262, 13273
13272, 13273
13284, 13273
13293, 13273
13266, 13274
13275, 13274
13296, 13274
13298, 13274
13264, 13275
13265, 13275
13267, 13275
13274, 13275
13276, 13275
13296, 13275
13297, 13275
13266, 13276
13275, 13276
13277, 13276
13297, 13276
13299, 13276
13276, 13277
13278, 13277
13279, 13277
13280, 13277
13299, 13277
13277, 13278
13279, 13278
13280, 13278
13277, 13279
13278, 13279
13280, 13279
13277, 13280
13278, 13280
13279, 13280
13263, 13281
13282, 13281
13283, 13281
13284, 13281
13272, 13282
13281, 13282
13283, 13282
13284, 13282
13272, 13283
13281, 13283
13282, 13283
13284, 13283
13273, 13284
13281, 13284
13282, 13284
13283, 13284
13263, 13285
13286, 13285
13294, 13285
13285, 13286
13287, 13286
13293, 13286
13295, 13286
13286, 13287
13290, 13287
13294, 13287
13298, 13287
13264, 13288
13265, 13288
13290, 13288
13298, 13288
13266, 13289
13267, 13289
13291, 13289
13292, 13289
13299, 13289
13264, 13290
13287, 13290
13288, 13290
13295, 13290
13296, 13290
13268, 13291
13289, 13291
13292, 13291
13297, 13291
13299, 13291
13267, 13292
13289, 13292
13291, 13292
13297, 13292
13299, 13292
13273, 13293
13286, 13293
13294, 13293
13285, 13294
13287, 13294
13293, 13294
13295, 13294
13286, 13295
13290, 13295
13294, 13295
13298, 13295
13274, 13296
13275, 13296
13290, 13296
13298, 13296
13275, 13297
13276, 13297
13291, 13297
13292, 13297
13274, 13298
13287, 13298
13288, 13298
13295, 13298
13296, 13298
13276, 13299
13277, 13299
13289, 13299
13291, 13299
13292, 13299
