15640, 15639
15656, 15639
15664, 15639
15639, 15640
15656, 15640
15657, 15640
15664, 15640
15642, 15641
15657, 15641
15665, 15641
15666, 15641
15641, 15642
15658, 15642
15666, 15642
15667, 15642
15668, 15642
15644, 15643
15645, 15643
15668, 15643
15643, 15644
15645, 15644
15646, 15644
15643, 15645
15644, 15645
15646, 15645
15647, 15645
15659, 15645
15644, 15646
15645, 15646
15647, 15646
15648, 15646
15659, 15646
15645, 15647
15646, 15647
15648, 15647
15660, 15647
15646, 15648
15647, 15648
15649, 15648
15660, 15648
15661, 15648
15648, 15649
15650, 15649
15660, 15649
15661, 15649
15649, 15650
15661, 15650
15662, 15650
15652, 15651
15662, 15651
15663, 15651
15651, 15652
15653, 15652
15663, 15652
15652, 15653
15663, 15653
15669, 15653
15671, 15654
15673, 15654
15675, 15654
15672, 15655
15676, 15655
15677, 15655
15678, 15655
15639, 15656
15640, 15656
15664, 15656
15640, 15657
15641, 15657
15665, 15657
15666, 15657
15642, 15658
15667, 15658
15668, 15658
15645, 15659
15646, 15659
15660, 15659
15647, 15660
15648, 15660
15649, 15660
15659, 15660
15661, 15660
15648, 15661
15649, 15661
15650, 15661
15660, 15661
15650, 15662
15651, 15662
15663, 15662
15651, 15663
15652, 15663
15653, 15663
15662, 15663
15639, 15664
15640, 15664
15656, 15664
15641, 15665
15657, 15665
15666, 15665
15641, 15666
15642, 15666
15657, 15666
15665, 15666
15642, 15667
15658, 15667
15668, 15667
15642, 15668
15643, 15668
15658, 15668
15667, 15668
15653, 15669
15670, 15669
15671, 15669
15669, 15670
15671, 15670
15675, 15670
15654, 15671
15669, 15671
15670, 15671
15675, 15671
15655, 15672
15677, 15672
15678, 15672
15654, 15673
15674, 15673
15675, 15673
15673, 15674
15676, 15674
15677, 15674
15654, 15675
15670, 15675
15671, 15675
15673, 15675
15655, 15676
15674, 15676
15677, 15676
15655, 15677
15672, 15677
15674, 15677
15676, 15677
15678, 15677
15655, 15678
15672, 15678
15677, 15678
