14687, 14686
14688, 14686
14686, 14687
14688, 14687
14689, 14687
14691, 14687
14686, 14688
14687, 14688
14690, 14688
14691, 14688
14692, 14688
14687, 14689
14690, 14689
14688, 14690
14689, 14690
14691, 14690
14687, 14691
14688, 14691
14690, 14691
14699, 14691
14688, 14692
14693, 14692
14697, 14692
14698, 14692
14699, 14692
14692, 14693
14694, 14693
14696, 14693
14697, 14693
14698, 14693
14693, 14694
14695, 14694
14696, 14694
14697, 14694
14694, 14695
14696, 14695
14693, 14696
14694, 14696
14695, 14696
14697, 14696
14692, 14697
14693, 14697
14694, 14697
14696, 14697
14698, 14697
14692, 14698
14693, 14698
14697, 14698
14699, 14698
14691, 14699
14692, 14699
14698, 14699
