8.000000, 10.364942, 26.460000,  0.910000,  1.196000, 67.400000,  3.000000,  4.000000,  1.000000,  3.000000,  2.000000,  3.000000,  3.000000,  2.000000,  3.000000,  3.000000,  4.000000,  1.000000, 1, 0, 0
15.000000, 21.490587, 58.510000,  6.160000,  2.695000,119.400000,  3.000000,  8.000000,  4.000000,  5.000000,  3.000000,  7.000000,  7.000000,  3.000000,  5.000000,  2.000000,  9.000000,  4.000000, 1, 0, 0
3.000000,  5.416248, 13.200000, -1.030000,  0.583000, 29.700000,  1.000000,  1.000000,  1.000000,  2.000000,  1.000000,  0.000000,  1.000000,  0.000000,  2.000000,  1.000000,  1.000000,  1.000000, 1, 0, 0
4.000000,  5.444803, 14.730000,  1.040000,  0.657000, 34.000000,  0.000000,  4.000000,  0.000000,  2.000000,  0.000000,  2.000000,  2.000000,  0.000000,  2.000000,  0.000000,  4.000000,  0.000000, 1, 0, 0
4.000000,  5.182236, 16.440000,  1.030000,  0.754000, 35.400000,  1.000000,  1.000000,  2.000000,  2.000000,  0.000000,  2.000000,  2.000000,  0.000000,  2.000000,  1.000000,  1.000000,  2.000000, 1, 0, 0
5.000000,  6.240201, 19.230000, -0.730000,  0.837000, 48.400000,  2.000000,  2.000000,  1.000000,  3.000000,  0.000000,  2.000000,  2.000000,  0.000000,  3.000000,  2.000000,  2.000000,  1.000000, 1, 0, 0
9.000000, 12.072719, 32.930000,  2.020000,  1.494000, 73.600000,  3.000000,  4.000000,  2.000000,  3.000000,  3.000000,  3.000000,  4.000000,  2.000000,  3.000000,  3.000000,  4.000000,  2.000000, 1, 0, 0
23.000000, 36.238682, 83.910000,  5.330000,  3.859000,190.000000,  6.000000, 10.000000,  7.000000,  7.000000,  7.000000,  9.000000,  9.000000,  6.000000,  8.000000,  5.000000, 11.000000,  7.000000, 1, 0, 0
3.000000,  5.333961, 13.200000, -1.030000,  0.583000, 29.700000,  1.000000,  1.000000,  1.000000,  2.000000,  1.000000,  0.000000,  1.000000,  0.000000,  2.000000,  1.000000,  1.000000,  1.000000, 1, 0, 0
3.000000,  5.529164, 10.730000, -0.770000,  0.471000, 28.800000,  0.000000,  3.000000,  0.000000,  2.000000,  0.000000,  1.000000,  1.000000,  0.000000,  2.000000,  0.000000,  3.000000,  0.000000, 1, 0, 0
4.000000,  5.674777, 16.080000,  4.670000,  0.781000, 24.600000,  1.000000,  2.000000,  1.000000,  0.000000,  1.000000,  3.000000,  3.000000,  1.000000,  0.000000,  1.000000,  2.000000,  1.000000, 1, 0, 0
6.000000,  8.699906, 20.220000, -0.910000,  0.905000, 56.700000,  2.000000,  2.000000,  2.000000,  3.000000,  1.000000,  2.000000,  2.000000,  1.000000,  3.000000,  2.000000,  2.000000,  2.000000, 1, 0, 0
9.000000, 11.969553, 42.860000,  0.900000,  1.969000, 82.100000,  2.000000,  3.000000,  4.000000,  5.000000,  1.000000,  3.000000,  4.000000,  0.000000,  5.000000,  2.000000,  3.000000,  4.000000, 1, 0, 0
7.000000,  9.463338, 33.010000,  1.330000,  1.531000, 60.400000,  1.000000,  3.000000,  3.000000,  3.000000,  2.000000,  2.000000,  3.000000,  1.000000,  3.000000,  1.000000,  3.000000,  3.000000, 1, 0, 0
3.000000,  6.500391,  9.600000,  2.650000,  0.434000, 19.600000,  1.000000,  2.000000,  0.000000,  0.000000,  1.000000,  2.000000,  2.000000,  1.000000,  0.000000,  1.000000,  2.000000,  0.000000, 0, 1, 0
3.000000,  6.477854, 13.190000,  2.160000,  0.615000, 19.100000,  1.000000,  1.000000,  1.000000,  0.000000,  2.000000,  1.000000,  2.000000,  1.000000,  0.000000,  0.000000,  2.000000,  1.000000, 0, 1, 0
3.000000,  6.665389, 10.560000, -1.150000,  0.442000, 30.500000,  0.000000,  3.000000,  0.000000,  2.000000,  0.000000,  1.000000,  1.000000,  0.000000,  2.000000,  0.000000,  3.000000,  0.000000, 0, 1, 0
4.000000, 10.148742, 17.840000,  1.070000,  0.811000, 31.000000,  1.000000,  1.000000,  2.000000,  1.000000,  2.000000,  1.000000,  2.000000,  1.000000,  1.000000,  1.000000,  1.000000,  2.000000, 0, 1, 0
11.000000, 32.626730, 36.170000,  2.820000,  1.622000, 91.100000,  5.000000,  4.000000,  2.000000,  3.000000,  5.000000,  3.000000,  4.000000,  4.000000,  3.000000,  5.000000,  4.000000,  2.000000, 0, 1, 0
12.000000, 32.578502, 50.410000,  8.780000,  2.378000, 85.900000,  3.000000,  4.000000,  5.000000,  1.000000,  6.000000,  5.000000,  7.000000,  3.000000,  2.000000,  3.000000,  4.000000,  5.000000, 0, 1, 0
7.000000, 20.093964, 29.160000,  0.660000,  1.339000, 62.100000,  1.000000,  3.000000,  3.000000,  4.000000,  0.000000,  3.000000,  3.000000,  0.000000,  4.000000,  1.000000,  3.000000,  3.000000, 0, 1, 0
3.000000,  6.467446,  9.600000,  2.650000,  0.434000, 19.600000,  1.000000,  2.000000,  0.000000,  0.000000,  1.000000,  2.000000,  2.000000,  1.000000,  0.000000,  1.000000,  2.000000,  0.000000, 0, 1, 0
3.000000,  6.440032, 13.190000,  2.160000,  0.615000, 19.100000,  1.000000,  1.000000,  1.000000,  0.000000,  2.000000,  1.000000,  2.000000,  1.000000,  0.000000,  0.000000,  2.000000,  1.000000, 0, 1, 0
4.000000, 10.003634, 14.560000,  0.660000,  0.628000, 35.700000,  0.000000,  4.000000,  0.000000,  2.000000,  0.000000,  2.000000,  2.000000,  0.000000,  2.000000,  0.000000,  4.000000,  0.000000, 0, 1, 0
5.000000, 13.550117, 20.560000,  0.980000,  0.942000, 39.000000,  2.000000,  1.000000,  2.000000,  1.000000,  3.000000,  1.000000,  2.000000,  2.000000,  1.000000,  1.000000,  2.000000,  2.000000, 0, 1, 0
11.000000, 32.269872, 36.170000,  2.820000,  1.622000, 91.100000,  5.000000,  4.000000,  2.000000,  3.000000,  5.000000,  3.000000,  4.000000,  4.000000,  3.000000,  5.000000,  4.000000,  2.000000, 0, 1, 0
12.000000, 32.740766, 50.410000,  8.780000,  2.378000, 85.900000,  3.000000,  4.000000,  5.000000,  1.000000,  6.000000,  5.000000,  7.000000,  3.000000,  2.000000,  3.000000,  4.000000,  5.000000, 0, 1, 0
7.000000, 19.967814, 29.160000,  0.660000,  1.339000, 62.100000,  1.000000,  3.000000,  3.000000,  4.000000,  0.000000,  3.000000,  3.000000,  0.000000,  4.000000,  1.000000,  3.000000,  3.000000, 0, 1, 0
