19153, 19152
19163, 19152
19164, 19152
19152, 19153
19154, 19153
19163, 19153
19164, 19153
19165, 19153
19153, 19154
19155, 19154
19156, 19154
19154, 19155
19156, 19155
19164, 19155
19154, 19156
19155, 19156
19166, 19156
19173, 19156
19158, 19157
19159, 19157
19160, 19157
19168, 19157
19181, 19157
19157, 19158
19159, 19158
19160, 19158
19168, 19158
19157, 19159
19158, 19159
19160, 19159
19168, 19159
19169, 19159
19157, 19160
19158, 19160
19159, 19160
19169, 19160
19176, 19160
19162, 19161
19171, 19161
19172, 19161
19174, 19161
19161, 19162
19171, 19162
19172, 19162
19152, 19163
19153, 19163
19164, 19163
19152, 19164
19153, 19164
19155, 19164
19163, 19164
19165, 19164
19166, 19164
19153, 19165
19164, 19165
19166, 19165
19156, 19166
19164, 19166
19165, 19166
19167, 19166
19166, 19167
19168, 19167
19173, 19167
19175, 19167
19181, 19167
19157, 19168
19158, 19168
19159, 19168
19167, 19168
19180, 19168
19159, 19169
19160, 19169
19170, 19169
19179, 19169
19186, 19169
19169, 19170
19171, 19170
19172, 19170
19184, 19170
19185, 19170
19161, 19171
19162, 19171
19170, 19171
19172, 19171
19178, 19171
19161, 19172
19162, 19172
19170, 19172
19171, 19172
19183, 19172
19156, 19173
19167, 19173
19175, 19173
19181, 19173
19161, 19174
19176, 19174
19179, 19174
19182, 19174
19185, 19174
19167, 19175
19173, 19175
19181, 19175
19160, 19176
19174, 19176
19179, 19176
19180, 19176
19182, 19176
19185, 19176
19186, 19176
19178, 19177
19183, 19177
19184, 19177
19187, 19177
19171, 19178
19177, 19178
19183, 19178
19184, 19178
19187, 19178
19169, 19179
19174, 19179
19176, 19179
19182, 19179
19185, 19179
19168, 19180
19176, 19180
19182, 19180
19186, 19180
19157, 19181
19167, 19181
19173, 19181
19175, 19181
19174, 19182
19176, 19182
19179, 19182
19180, 19182
19186, 19182
19172, 19183
19177, 19183
19178, 19183
19184, 19183
19187, 19183
19170, 19184
19177, 19184
19178, 19184
19183, 19184
19170, 19185
19174, 19185
19176, 19185
19179, 19185
19169, 19186
19176, 19186
19180, 19186
19182, 19186
19177, 19187
19178, 19187
19183, 19187
