16161, 16160
16162, 16160
16163, 16160
16160, 16161
16162, 16161
16163, 16161
16160, 16162
16161, 16162
16163, 16162
16164, 16162
16160, 16163
16161, 16163
16162, 16163
16164, 16163
16181, 16163
16162, 16164
16163, 16164
16165, 16164
16166, 16164
16181, 16164
16188, 16164
16164, 16165
16166, 16165
16167, 16165
16168, 16165
16189, 16165
16164, 16166
16165, 16166
16167, 16166
16168, 16166
16165, 16167
16166, 16167
16168, 16167
16165, 16168
16166, 16168
16167, 16168
16169, 16168
16182, 16168
16168, 16169
16170, 16169
16171, 16169
16182, 16169
16169, 16170
16171, 16170
16172, 16170
16169, 16171
16170, 16171
16172, 16171
16183, 16171
16170, 16172
16171, 16172
16173, 16172
16174, 16172
16183, 16172
16172, 16173
16174, 16173
16175, 16173
16172, 16174
16173, 16174
16175, 16174
16176, 16174
16184, 16174
16173, 16175
16174, 16175
16176, 16175
16177, 16175
16184, 16175
16174, 16176
16175, 16176
16177, 16176
16178, 16176
16185, 16176
16175, 16177
16176, 16177
16178, 16177
16179, 16177
16180, 16177
16185, 16177
16186, 16177
16176, 16178
16177, 16178
16179, 16178
16180, 16178
16186, 16178
16177, 16179
16178, 16179
16180, 16179
16187, 16179
16177, 16180
16178, 16180
16179, 16180
16187, 16180
16163, 16181
16164, 16181
16188, 16181
16189, 16181
16168, 16182
16169, 16182
16183, 16182
16188, 16182
16189, 16182
16171, 16183
16172, 16183
16182, 16183
16184, 16183
16185, 16183
16174, 16184
16175, 16184
16183, 16184
16185, 16184
16186, 16184
16187, 16184
16176, 16185
16177, 16185
16183, 16185
16184, 16185
16186, 16185
16187, 16185
16177, 16186
16178, 16186
16184, 16186
16185, 16186
16187, 16186
16179, 16187
16180, 16187
16184, 16187
16185, 16187
16186, 16187
16164, 16188
16181, 16188
16182, 16188
16189, 16188
16165, 16189
16181, 16189
16182, 16189
16188, 16189
