15238, 15237
15243, 15237
15250, 15237
15237, 15238
15242, 15238
15249, 15238
15250, 15238
15240, 15239
15241, 15239
15245, 15239
15252, 15239
15254, 15239
15239, 15240
15241, 15240
15244, 15240
15246, 15240
15254, 15240
15262, 15240
15239, 15241
15240, 15241
15245, 15241
15246, 15241
15238, 15242
15243, 15242
15250, 15242
15257, 15242
15237, 15243
15242, 15243
15250, 15243
15258, 15243
15240, 15244
15245, 15244
15246, 15244
15260, 15244
15262, 15244
15239, 15245
15241, 15245
15244, 15245
15246, 15245
15254, 15245
15262, 15245
15240, 15246
15241, 15246
15244, 15246
15245, 15246
15248, 15247
15253, 15247
15256, 15247
15261, 15247
15247, 15248
15249, 15248
15255, 15248
15257, 15248
15238, 15249
15248, 15249
15256, 15249
15237, 15250
15238, 15250
15242, 15250
15243, 15250
15251, 15250
15259, 15250
15250, 15251
15252, 15251
15258, 15251
15260, 15251
15239, 15252
15251, 15252
15259, 15252
15247, 15253
15255, 15253
15239, 15254
15240, 15254
15245, 15254
15262, 15254
15248, 15255
15253, 15255
15256, 15255
15261, 15255
15247, 15256
15249, 15256
15255, 15256
15257, 15256
15242, 15257
15248, 15257
15256, 15257
15243, 15258
15251, 15258
15259, 15258
15250, 15259
15252, 15259
15258, 15259
15260, 15259
15244, 15260
15251, 15260
15259, 15260
15247, 15261
15255, 15261
15240, 15262
15244, 15262
15245, 15262
15254, 15262
