6160, 6159
6161, 6159
6167, 6159
6159, 6160
6161, 6160
6168, 6160
6181, 6160
6159, 6161
6160, 6161
6162, 6161
6167, 6161
6169, 6161
6188, 6161
6161, 6162
6168, 6162
6190, 6162
6192, 6162
6164, 6163
6171, 6163
6195, 6163
6163, 6164
6170, 6164
6194, 6164
6172, 6165
6180, 6165
6193, 6165
6217, 6165
6174, 6166
6186, 6166
6210, 6166
6211, 6166
6159, 6167
6161, 6167
6168, 6167
6205, 6167
6160, 6168
6162, 6168
6167, 6168
6169, 6168
6212, 6168
6161, 6169
6168, 6169
6214, 6169
6216, 6169
6164, 6170
6171, 6170
6195, 6170
6219, 6170
6163, 6171
6170, 6171
6194, 6171
6218, 6171
6165, 6172
6193, 6172
6204, 6172
6217, 6172
6181, 6173
6187, 6173
6211, 6173
6166, 6174
6182, 6174
6186, 6174
6210, 6174
6177, 6175
6183, 6175
6185, 6175
6201, 6175
6209, 6175
6178, 6176
6184, 6176
6208, 6176
6175, 6177
6183, 6177
6176, 6178
6179, 6178
6203, 6178
6178, 6179
6180, 6179
6202, 6179
6204, 6179
6165, 6180
6179, 6180
6203, 6180
6160, 6181
6173, 6181
6187, 6181
6211, 6181
6174, 6182
6186, 6182
6210, 6182
6175, 6183
6177, 6183
6185, 6183
6201, 6183
6209, 6183
6176, 6184
6185, 6184
6200, 6184
6175, 6185
6183, 6185
6184, 6185
6166, 6186
6174, 6186
6182, 6186
6187, 6186
6173, 6187
6181, 6187
6186, 6187
6161, 6188
6192, 6188
6216, 6188
6193, 6189
6196, 6189
6217, 6189
6220, 6189
6162, 6190
6195, 6190
6219, 6190
6194, 6191
6196, 6191
6218, 6191
6220, 6191
6162, 6192
6188, 6192
6212, 6192
6165, 6193
6172, 6193
6189, 6193
6213, 6193
6164, 6194
6171, 6194
6191, 6194
6215, 6194
6163, 6195
6170, 6195
6190, 6195
6214, 6195
6189, 6196
6191, 6196
6213, 6196
6215, 6196
6220, 6196
6205, 6197
6211, 6197
6206, 6198
6210, 6198
6201, 6199
6207, 6199
6184, 6200
6202, 6200
6208, 6200
6175, 6201
6183, 6201
6199, 6201
6179, 6202
6200, 6202
6203, 6202
6178, 6203
6180, 6203
6202, 6203
6204, 6203
6172, 6204
6179, 6204
6203, 6204
6167, 6205
6197, 6205
6198, 6206
6199, 6207
6209, 6207
6176, 6208
6200, 6208
6209, 6208
6175, 6209
6183, 6209
6207, 6209
6208, 6209
6166, 6210
6174, 6210
6182, 6210
6198, 6210
6166, 6211
6173, 6211
6181, 6211
6197, 6211
6168, 6212
6192, 6212
6216, 6212
6193, 6213
6196, 6213
6217, 6213
6220, 6213
6169, 6214
6195, 6214
6219, 6214
6194, 6215
6196, 6215
6218, 6215
6220, 6215
6169, 6216
6188, 6216
6212, 6216
6165, 6217
6172, 6217
6189, 6217
6213, 6217
6171, 6218
6191, 6218
6215, 6218
6170, 6219
6190, 6219
6214, 6219
6189, 6220
6191, 6220
6196, 6220
6213, 6220
6215, 6220
