879, 878
880, 878
881, 878
878, 879
880, 879
881, 879
878, 880
879, 880
881, 880
882, 880
883, 880
905, 880
878, 881
879, 881
880, 881
882, 881
883, 881
905, 881
906, 881
880, 882
881, 882
883, 882
884, 882
906, 882
880, 883
881, 883
882, 883
884, 883
908, 883
882, 884
883, 884
885, 884
907, 884
910, 884
884, 885
886, 885
887, 885
909, 885
910, 885
885, 886
887, 886
888, 886
909, 886
885, 887
886, 887
888, 887
889, 887
886, 888
887, 888
889, 888
890, 888
887, 889
888, 889
890, 889
888, 890
889, 890
891, 890
890, 891
892, 891
893, 891
913, 891
891, 892
893, 892
894, 892
913, 892
914, 892
891, 893
892, 893
894, 893
895, 893
911, 893
914, 893
892, 894
893, 894
895, 894
911, 894
893, 895
894, 895
896, 895
912, 895
895, 896
897, 896
898, 896
912, 896
896, 897
898, 897
899, 897
896, 898
897, 898
899, 898
900, 898
897, 899
898, 899
900, 899
901, 899
898, 900
899, 900
901, 900
902, 900
899, 901
900, 901
902, 901
903, 901
904, 901
900, 902
901, 902
903, 902
904, 902
901, 903
902, 903
904, 903
901, 904
902, 904
903, 904
880, 905
881, 905
906, 905
907, 905
908, 905
881, 906
882, 906
905, 906
907, 906
908, 906
884, 907
905, 907
906, 907
908, 907
909, 907
910, 907
883, 908
905, 908
906, 908
907, 908
909, 908
910, 908
885, 909
886, 909
907, 909
908, 909
910, 909
884, 910
885, 910
907, 910
908, 910
909, 910
893, 911
894, 911
912, 911
913, 911
914, 911
895, 912
896, 912
911, 912
913, 912
914, 912
891, 913
892, 913
911, 913
912, 913
914, 913
892, 914
893, 914
911, 914
912, 914
913, 914
