13540, 13539
13547, 13539
13539, 13540
13541, 13540
13546, 13540
13554, 13540
13560, 13540
13540, 13541
13542, 13541
13549, 13541
13554, 13541
13541, 13542
13548, 13542
13556, 13542
13544, 13543
13551, 13543
13557, 13543
13558, 13543
13543, 13544
13545, 13544
13552, 13544
13558, 13544
13544, 13545
13551, 13545
13552, 13545
13553, 13545
13559, 13545
13540, 13546
13547, 13546
13560, 13546
13565, 13546
13539, 13547
13546, 13547
13548, 13547
13554, 13547
13560, 13547
13565, 13547
13542, 13548
13547, 13548
13549, 13548
13541, 13549
13548, 13549
13550, 13549
13561, 13549
13549, 13550
13551, 13550
13562, 13550
13563, 13550
13543, 13551
13545, 13551
13550, 13551
13552, 13551
13553, 13551
13563, 13551
13544, 13552
13545, 13552
13551, 13552
13553, 13552
13564, 13552
13545, 13553
13551, 13553
13552, 13553
13564, 13553
13540, 13554
13541, 13554
13547, 13554
13560, 13554
13565, 13554
13558, 13555
13559, 13555
13564, 13555
13542, 13556
13557, 13556
13562, 13556
13543, 13557
13556, 13557
13558, 13557
13561, 13557
13563, 13557
13543, 13558
13544, 13558
13555, 13558
13557, 13558
13559, 13558
13562, 13558
13564, 13558
13545, 13559
13555, 13559
13558, 13559
13540, 13560
13546, 13560
13547, 13560
13554, 13560
13565, 13560
13549, 13561
13557, 13561
13562, 13561
13550, 13562
13556, 13562
13558, 13562
13561, 13562
13563, 13562
13550, 13563
13551, 13563
13557, 13563
13562, 13563
13552, 13564
13553, 13564
13555, 13564
13558, 13564
13546, 13565
13547, 13565
13554, 13565
13560, 13565
