15199, 15198
15200, 15198
15201, 15198
15198, 15199
15200, 15199
15201, 15199
15223, 15199
15198, 15200
15199, 15200
15201, 15200
15227, 15200
15198, 15201
15199, 15201
15200, 15201
15202, 15201
15203, 15201
15227, 15201
15235, 15201
15201, 15202
15203, 15202
15204, 15202
15228, 15202
15201, 15203
15202, 15203
15204, 15203
15228, 15203
15202, 15204
15203, 15204
15215, 15204
15224, 15204
15206, 15205
15218, 15205
15226, 15205
15205, 15206
15207, 15206
15217, 15206
15206, 15207
15208, 15207
15220, 15207
15207, 15208
15219, 15208
15220, 15208
15210, 15209
15211, 15209
15212, 15209
15231, 15209
15209, 15210
15211, 15210
15212, 15210
15209, 15211
15210, 15211
15212, 15211
15235, 15211
15209, 15212
15210, 15212
15211, 15212
15213, 15212
15214, 15212
15227, 15212
15235, 15212
15212, 15213
15214, 15213
15215, 15213
15236, 15213
15212, 15214
15213, 15214
15215, 15214
15236, 15214
15204, 15215
15213, 15215
15214, 15215
15216, 15215
15215, 15216
15224, 15216
15232, 15216
15206, 15217
15218, 15217
15234, 15217
15205, 15218
15217, 15218
15219, 15218
15208, 15219
15218, 15219
15220, 15219
15207, 15220
15208, 15220
15219, 15220
15222, 15221
15230, 15221
15221, 15222
15223, 15222
15229, 15222
15231, 15222
15199, 15223
15222, 15223
15230, 15223
15204, 15224
15216, 15224
15225, 15224
15224, 15225
15226, 15225
15232, 15225
15234, 15225
15205, 15226
15225, 15226
15233, 15226
15200, 15227
15201, 15227
15212, 15227
15228, 15227
15236, 15227
15202, 15228
15203, 15228
15227, 15228
15235, 15228
15236, 15228
15222, 15229
15230, 15229
15221, 15230
15223, 15230
15229, 15230
15231, 15230
15209, 15231
15222, 15231
15230, 15231
15216, 15232
15225, 15232
15233, 15232
15226, 15233
15232, 15233
15234, 15233
15217, 15234
15225, 15234
15233, 15234
15201, 15235
15211, 15235
15212, 15235
15228, 15235
15236, 15235
15213, 15236
15214, 15236
15227, 15236
15228, 15236
15235, 15236
