11763, 11762
11768, 11762
11762, 11763
11767, 11763
11772, 11763
11773, 11763
11775, 11764
11778, 11764
11790, 11764
11774, 11765
11779, 11765
11786, 11765
11791, 11765
11771, 11766
11774, 11766
11781, 11766
11793, 11766
11763, 11767
11768, 11767
11772, 11767
11784, 11767
11762, 11768
11767, 11768
11785, 11768
11775, 11769
11778, 11769
11787, 11769
11790, 11769
11779, 11770
11786, 11770
11791, 11770
11766, 11771
11781, 11771
11786, 11771
11793, 11771
11763, 11772
11767, 11772
11783, 11772
11795, 11772
11763, 11773
11780, 11773
11785, 11773
11792, 11773
11765, 11774
11766, 11774
11781, 11774
11793, 11774
11764, 11775
11769, 11775
11776, 11775
11788, 11775
11775, 11776
11777, 11776
11787, 11776
11776, 11777
11780, 11777
11792, 11777
11764, 11778
11769, 11778
11779, 11778
11791, 11778
11765, 11779
11770, 11779
11778, 11779
11790, 11779
11773, 11780
11777, 11780
11785, 11780
11789, 11780
11766, 11781
11771, 11781
11774, 11781
11782, 11781
11786, 11781
11794, 11781
11781, 11782
11793, 11782
11772, 11783
11784, 11783
11795, 11783
11767, 11784
11783, 11784
11795, 11784
11768, 11785
11773, 11785
11780, 11785
11792, 11785
11765, 11786
11770, 11786
11771, 11786
11781, 11786
11793, 11786
11769, 11787
11776, 11787
11788, 11787
11775, 11788
11787, 11788
11789, 11788
11780, 11789
11788, 11789
11792, 11789
11764, 11790
11769, 11790
11779, 11790
11791, 11790
11765, 11791
11770, 11791
11778, 11791
11790, 11791
11773, 11792
11777, 11792
11785, 11792
11789, 11792
11766, 11793
11771, 11793
11774, 11793
11782, 11793
11786, 11793
11794, 11793
11781, 11794
11793, 11794
11772, 11795
11783, 11795
11784, 11795
