10608, 10607
10621, 10607
10622, 10607
10627, 10607
10607, 10608
10609, 10608
10610, 10608
10625, 10608
10608, 10609
10610, 10609
10611, 10609
10608, 10610
10609, 10610
10611, 10610
10623, 10610
10609, 10611
10610, 10611
10612, 10611
10623, 10611
10611, 10612
10613, 10612
10614, 10612
10612, 10613
10614, 10613
10628, 10613
10612, 10614
10613, 10614
10615, 10614
10616, 10614
10628, 10614
10629, 10614
10632, 10614
10614, 10615
10616, 10615
10617, 10615
10632, 10615
10614, 10616
10615, 10616
10617, 10616
10618, 10616
10615, 10617
10616, 10617
10618, 10617
10619, 10617
10616, 10618
10617, 10618
10619, 10618
10617, 10619
10618, 10619
10620, 10619
10630, 10619
10619, 10620
10631, 10620
10633, 10620
10607, 10621
10622, 10621
10626, 10621
10627, 10621
10607, 10622
10621, 10622
10624, 10622
10625, 10622
10626, 10622
10627, 10622
10610, 10623
10611, 10623
10624, 10623
10625, 10623
10622, 10624
10623, 10624
10625, 10624
10627, 10624
10608, 10625
10622, 10625
10623, 10625
10624, 10625
10627, 10625
10621, 10626
10622, 10626
10627, 10626
10607, 10627
10621, 10627
10622, 10627
10624, 10627
10625, 10627
10626, 10627
10613, 10628
10614, 10628
10629, 10628
10632, 10628
10614, 10629
10628, 10629
10632, 10629
10619, 10630
10631, 10630
10633, 10630
10620, 10631
10630, 10631
10633, 10631
10614, 10632
10615, 10632
10628, 10632
10629, 10632
10620, 10633
10630, 10633
10631, 10633
