13941, 13940
13942, 13940
13943, 13940
13949, 13940
13940, 13941
13943, 13941
13949, 13941
13950, 13941
13940, 13942
13943, 13942
13949, 13942
13940, 13943
13941, 13943
13942, 13943
13944, 13943
13948, 13943
13943, 13944
13945, 13944
13951, 13944
13944, 13945
13946, 13945
13950, 13945
13945, 13946
13947, 13946
13953, 13946
13946, 13947
13952, 13947
13953, 13947
13943, 13948
13949, 13948
13940, 13949
13941, 13949
13942, 13949
13948, 13949
13941, 13950
13945, 13950
13951, 13950
13944, 13951
13950, 13951
13952, 13951
13947, 13952
13951, 13952
13953, 13952
13946, 13953
13947, 13953
13952, 13953
