19428, 19427
19440, 19427
19427, 19428
19441, 19428
19446, 19428
19430, 19429
19446, 19429
19447, 19429
19458, 19429
19470, 19429
19429, 19430
19435, 19430
19441, 19430
19447, 19430
19448, 19430
19432, 19431
19438, 19431
19457, 19431
19431, 19432
19437, 19432
19443, 19432
19444, 19432
19434, 19433
19433, 19434
19435, 19434
19446, 19434
19458, 19434
19470, 19434
19430, 19435
19434, 19435
19436, 19435
19458, 19435
19459, 19435
19435, 19436
19447, 19436
19459, 19436
19460, 19436
19471, 19436
19432, 19437
19438, 19437
19444, 19437
19469, 19437
19431, 19438
19437, 19438
19457, 19438
19481, 19438
19440, 19439
19427, 19440
19439, 19440
19442, 19440
19470, 19440
19428, 19441
19430, 19441
19442, 19441
19470, 19441
19471, 19441
19440, 19442
19441, 19442
19471, 19442
19472, 19442
19432, 19443
19444, 19443
19481, 19443
19432, 19444
19437, 19444
19443, 19444
19451, 19445
19457, 19445
19463, 19445
19469, 19445
19475, 19445
19481, 19445
19428, 19446
19429, 19446
19434, 19446
19447, 19446
19429, 19447
19430, 19447
19436, 19447
19446, 19447
19458, 19447
19470, 19447
19430, 19448
19452, 19448
19453, 19449
19454, 19449
19465, 19449
19477, 19449
19451, 19450
19456, 19450
19468, 19450
19480, 19450
19445, 19451
19450, 19451
19448, 19452
19453, 19452
19449, 19453
19452, 19453
19461, 19453
19473, 19453
19449, 19454
19455, 19454
19454, 19455
19456, 19455
19466, 19455
19478, 19455
19450, 19456
19455, 19456
19462, 19456
19467, 19456
19468, 19456
19474, 19456
19479, 19456
19431, 19457
19438, 19457
19445, 19457
19481, 19457
19429, 19458
19434, 19458
19435, 19458
19447, 19458
19459, 19458
19471, 19458
19435, 19459
19436, 19459
19458, 19459
19436, 19460
19464, 19460
19453, 19461
19464, 19461
19465, 19461
19477, 19461
19456, 19462
19463, 19462
19468, 19462
19445, 19463
19462, 19463
19469, 19463
19460, 19464
19461, 19464
19449, 19465
19461, 19465
19466, 19465
19455, 19466
19465, 19466
19467, 19466
19456, 19467
19466, 19467
19468, 19467
19450, 19468
19456, 19468
19462, 19468
19467, 19468
19480, 19468
19437, 19469
19445, 19469
19463, 19469
19481, 19469
19429, 19470
19434, 19470
19440, 19470
19441, 19470
19447, 19470
19436, 19471
19441, 19471
19442, 19471
19458, 19471
19442, 19472
19476, 19472
19453, 19473
19476, 19473
19477, 19473
19456, 19474
19475, 19474
19480, 19474
19445, 19475
19474, 19475
19481, 19475
19472, 19476
19473, 19476
19449, 19477
19461, 19477
19473, 19477
19478, 19477
19455, 19478
19477, 19478
19479, 19478
19456, 19479
19478, 19479
19480, 19479
19450, 19480
19468, 19480
19474, 19480
19479, 19480
19438, 19481
19443, 19481
19445, 19481
19457, 19481
19469, 19481
19475, 19481
