7822, 7821
7839, 7821
7842, 7821
7821, 7822
7823, 7822
7824, 7822
7840, 7822
7841, 7822
7822, 7823
7824, 7823
7840, 7823
7841, 7823
7822, 7824
7823, 7824
7825, 7824
7826, 7824
7824, 7825
7826, 7825
7827, 7825
7824, 7826
7825, 7826
7827, 7826
7825, 7827
7826, 7827
7828, 7827
7829, 7827
7827, 7828
7829, 7828
7830, 7828
7827, 7829
7828, 7829
7830, 7829
7831, 7829
7828, 7830
7829, 7830
7831, 7830
7832, 7830
7833, 7830
7829, 7831
7830, 7831
7832, 7831
7833, 7831
7830, 7832
7831, 7832
7833, 7832
7830, 7833
7831, 7833
7832, 7833
7834, 7833
7835, 7833
7833, 7834
7835, 7834
7836, 7834
7833, 7835
7834, 7835
7836, 7835
7837, 7835
7838, 7835
7834, 7836
7835, 7836
7837, 7836
7838, 7836
7835, 7837
7836, 7837
7838, 7837
7835, 7838
7836, 7838
7837, 7838
7821, 7839
7840, 7839
7842, 7839
7822, 7840
7823, 7840
7839, 7840
7841, 7840
7842, 7840
7822, 7841
7823, 7841
7840, 7841
7843, 7841
7821, 7842
7839, 7842
7840, 7842
7841, 7843
7844, 7843
7845, 7843
7846, 7843
7843, 7844
7845, 7844
7846, 7844
7843, 7845
7844, 7845
7846, 7845
7847, 7845
7843, 7846
7844, 7846
7845, 7846
7847, 7846
7848, 7846
7845, 7847
7846, 7847
7848, 7847
7846, 7848
7847, 7848
7849, 7848
7850, 7848
7848, 7849
7850, 7849
7851, 7849
7852, 7849
7848, 7850
7849, 7850
7851, 7850
7852, 7850
7849, 7851
7850, 7851
7852, 7851
7849, 7852
7850, 7852
7851, 7852
