2460, 2447
2462, 2447
2463, 2447
2449, 2448
2464, 2448
2465, 2448
2466, 2448
2448, 2449
2450, 2449
2451, 2449
2464, 2449
2449, 2450
2451, 2450
2464, 2450
2449, 2451
2450, 2451
2452, 2451
2461, 2451
2451, 2452
2453, 2452
2459, 2452
2461, 2452
2452, 2453
2454, 2453
2458, 2453
2459, 2453
2453, 2454
2455, 2454
2456, 2454
2457, 2454
2458, 2454
2454, 2455
2456, 2455
2457, 2455
2454, 2456
2455, 2456
2457, 2456
2454, 2457
2455, 2457
2456, 2457
2458, 2457
2453, 2458
2454, 2458
2457, 2458
2459, 2458
2452, 2459
2453, 2459
2458, 2459
2461, 2459
2447, 2460
2462, 2460
2463, 2460
2451, 2461
2452, 2461
2459, 2461
2464, 2461
2447, 2462
2460, 2462
2463, 2462
2465, 2462
2466, 2462
2447, 2463
2460, 2463
2462, 2463
2465, 2463
2466, 2463
2448, 2464
2449, 2464
2450, 2464
2461, 2464
2466, 2464
2448, 2465
2462, 2465
2463, 2465
2466, 2465
2448, 2466
2462, 2466
2463, 2466
2464, 2466
2465, 2466
