19.000000, 27.517216, 74.450000, -6.140000,  3.349000,185.600000,  3.000000, 11.000000,  5.000000, 13.000000,  2.000000,  4.000000,  4.000000,  2.000000, 13.000000,  3.000000, 11.000000,  5.000000, 1, 0, 0
8.000000, 10.290387, 27.660000, -1.480000,  1.250000, 73.600000,  3.000000,  3.000000,  2.000000,  3.000000,  3.000000,  2.000000,  2.000000,  2.000000,  4.000000,  3.000000,  3.000000,  2.000000, 1, 0, 0
7.000000, 10.120095, 23.290000, -1.890000,  1.005000, 66.400000,  1.000000,  6.000000,  0.000000,  4.000000,  1.000000,  2.000000,  2.000000,  1.000000,  4.000000,  1.000000,  6.000000,  0.000000, 1, 0, 0
4.000000,  5.313786, 16.200000,  0.330000,  0.723000, 36.000000,  0.000000,  3.000000,  1.000000,  2.000000,  1.000000,  1.000000,  2.000000,  0.000000,  2.000000,  0.000000,  3.000000,  1.000000, 1, 0, 0
3.000000,  5.474016, 15.430000,  0.530000,  0.728000, 27.800000,  0.000000,  0.000000,  3.000000,  2.000000,  0.000000,  1.000000,  1.000000,  0.000000,  2.000000,  0.000000,  0.000000,  3.000000, 1, 0, 0
4.000000,  4.740788, 19.730000,  0.290000,  0.926000, 35.300000,  1.000000,  0.000000,  3.000000,  2.000000,  2.000000,  0.000000,  1.000000,  1.000000,  2.000000,  1.000000,  0.000000,  3.000000, 1, 0, 0
7.000000,  9.719919, 28.980000,  2.770000,  1.314000, 53.900000,  2.000000,  3.000000,  2.000000,  2.000000,  2.000000,  3.000000,  4.000000,  1.000000,  2.000000,  2.000000,  3.000000,  2.000000, 1, 0, 0
24.000000, 34.848953, 91.260000, -1.770000,  4.200000,211.200000,  6.000000, 10.000000,  8.000000, 11.000000,  5.000000,  8.000000,  8.000000,  5.000000, 11.000000,  6.000000, 10.000000,  8.000000, 1, 0, 0
9.000000, 12.726967, 39.150000,  4.820000,  1.797000, 66.800000,  0.000000,  6.000000,  3.000000,  3.000000,  1.000000,  5.000000,  6.000000,  0.000000,  3.000000,  0.000000,  6.000000,  3.000000, 1, 0, 0
19.000000, 26.312272, 72.130000,  1.860000,  3.230000,158.800000,  6.000000,  9.000000,  4.000000,  7.000000,  5.000000,  7.000000,  8.000000,  4.000000,  7.000000,  6.000000,  9.000000,  4.000000, 1, 0, 0
8.000000, 10.870507, 35.350000,  1.560000,  1.631000, 70.600000,  1.000000,  2.000000,  5.000000,  4.000000,  2.000000,  2.000000,  3.000000,  1.000000,  4.000000,  1.000000,  2.000000,  5.000000, 1, 0, 0
5.000000,  7.176809, 14.990000,  0.080000,  0.663000, 44.700000,  3.000000,  1.000000,  1.000000,  2.000000,  1.000000,  2.000000,  2.000000,  1.000000,  2.000000,  3.000000,  1.000000,  1.000000, 1, 0, 0
11.000000, 15.404533, 31.420000,  0.500000,  1.399000, 94.900000,  6.000000,  3.000000,  2.000000,  3.000000,  5.000000,  3.000000,  3.000000,  5.000000,  3.000000,  6.000000,  3.000000,  2.000000, 1, 0, 0
12.000000, 16.327721, 43.960000,  2.960000,  1.980000, 97.300000,  2.000000,  8.000000,  2.000000,  4.000000,  2.000000,  6.000000,  6.000000,  2.000000,  4.000000,  2.000000,  8.000000,  2.000000, 1, 0, 0
3.000000,  5.686318,  9.440000, -0.860000,  0.427000, 30.800000,  1.000000,  1.000000,  1.000000,  1.000000,  2.000000,  0.000000,  0.000000,  1.000000,  2.000000,  1.000000,  1.000000,  1.000000, 1, 0, 0
10.000000, 13.696875, 35.260000, -3.310000,  1.580000, 96.100000,  4.000000,  4.000000,  2.000000,  6.000000,  2.000000,  2.000000,  2.000000,  2.000000,  6.000000,  4.000000,  4.000000,  2.000000, 1, 0, 0
9.000000, 12.546346, 32.070000, -0.430000,  1.415000, 81.700000,  3.000000,  4.000000,  2.000000,  3.000000,  4.000000,  2.000000,  3.000000,  2.000000,  4.000000,  3.000000,  4.000000,  2.000000, 1, 0, 0
9.000000, 12.369204, 37.260000,  5.200000,  1.748000, 64.700000,  2.000000,  3.000000,  4.000000,  2.000000,  1.000000,  6.000000,  6.000000,  1.000000,  2.000000,  2.000000,  3.000000,  4.000000, 1, 0, 0
4.000000,  5.467190, 15.910000,  1.480000,  0.722000, 34.600000,  1.000000,  2.000000,  1.000000,  2.000000,  0.000000,  2.000000,  2.000000,  0.000000,  2.000000,  1.000000,  2.000000,  1.000000, 1, 0, 0
7.000000, 20.042755, 17.910000, -0.060000,  0.814000, 59.800000,  3.000000,  3.000000,  1.000000,  2.000000,  3.000000,  2.000000,  2.000000,  3.000000,  2.000000,  3.000000,  3.000000,  1.000000, 0, 1, 0
10.000000, 23.085050, 33.200000,  2.630000,  1.551000, 80.200000,  3.000000,  3.000000,  4.000000,  3.000000,  3.000000,  4.000000,  4.000000,  3.000000,  3.000000,  3.000000,  3.000000,  4.000000, 0, 1, 0
5.000000, 12.826602, 16.690000,  3.010000,  0.792000, 35.200000,  2.000000,  2.000000,  1.000000,  0.000000,  2.000000,  3.000000,  3.000000,  1.000000,  1.000000,  1.000000,  3.000000,  1.000000, 0, 1, 0
7.000000, 19.128312, 28.550000,  3.690000,  1.327000, 51.300000,  1.000000,  4.000000,  2.000000,  2.000000,  2.000000,  3.000000,  4.000000,  1.000000,  2.000000,  1.000000,  4.000000,  2.000000, 0, 1, 0
7.000000, 19.780003, 22.040000,  0.800000,  1.012000, 52.400000,  3.000000,  3.000000,  1.000000,  1.000000,  3.000000,  3.000000,  3.000000,  3.000000,  1.000000,  3.000000,  3.000000,  1.000000, 0, 1, 0
8.000000, 19.781686, 38.280000,  2.780000,  1.830000, 62.400000,  1.000000,  1.000000,  6.000000,  3.000000,  1.000000,  4.000000,  4.000000,  1.000000,  3.000000,  1.000000,  1.000000,  6.000000, 0, 1, 0
3.000000,  7.038512, 11.260000,  1.300000,  0.524000, 24.200000,  1.000000,  1.000000,  1.000000,  0.000000,  2.000000,  1.000000,  1.000000,  1.000000,  1.000000,  1.000000,  1.000000,  1.000000, 0, 1, 0
3.000000,  6.898929, 13.680000,  1.070000,  0.624000, 24.900000,  1.000000,  0.000000,  2.000000,  1.000000,  1.000000,  1.000000,  2.000000,  0.000000,  1.000000,  1.000000,  0.000000,  2.000000, 0, 1, 0
9.000000, 24.311942, 40.720000,  2.120000,  1.907000, 78.000000,  0.000000,  5.000000,  4.000000,  5.000000,  0.000000,  4.000000,  4.000000,  0.000000,  5.000000,  0.000000,  5.000000,  4.000000, 0, 1, 0
10.000000, 28.829908, 40.810000,  3.570000,  1.893000, 74.700000,  2.000000,  3.000000,  5.000000,  2.000000,  3.000000,  5.000000,  6.000000,  2.000000,  2.000000,  2.000000,  3.000000,  5.000000, 0, 1, 0
7.000000, 20.314028, 11.600000, -0.200000,  0.526000, 53.800000,  5.000000,  2.000000,  0.000000,  0.000000,  5.000000,  2.000000,  2.000000,  5.000000,  0.000000,  5.000000,  2.000000,  0.000000, 0, 1, 0
8.000000, 22.156831, 24.350000, -1.740000,  1.114000, 72.000000,  3.000000,  3.000000,  2.000000,  3.000000,  3.000000,  2.000000,  2.000000,  3.000000,  3.000000,  3.000000,  3.000000,  2.000000, 0, 1, 0
6.000000, 17.101414, 31.580000,  4.300000,  1.498000, 43.600000,  0.000000,  2.000000,  4.000000,  2.000000,  0.000000,  4.000000,  4.000000,  0.000000,  2.000000,  0.000000,  2.000000,  4.000000, 0, 1, 0
4.000000,  9.847053, 15.090000,  1.620000,  0.692000, 27.600000,  2.000000,  1.000000,  1.000000,  0.000000,  2.000000,  2.000000,  2.000000,  2.000000,  0.000000,  2.000000,  1.000000,  1.000000, 0, 1, 0
4.000000, 10.112386, 15.150000, -1.180000,  0.664000, 37.100000,  1.000000,  2.000000,  1.000000,  2.000000,  1.000000,  1.000000,  1.000000,  1.000000,  2.000000,  1.000000,  2.000000,  1.000000, 0, 1, 0
4.000000,  9.571505, 15.850000,  0.330000,  0.697000, 33.000000,  1.000000,  2.000000,  1.000000,  1.000000,  2.000000,  1.000000,  2.000000,  1.000000,  1.000000,  1.000000,  2.000000,  1.000000, 0, 1, 0
4.000000,  9.780162, 12.380000,  0.460000,  0.539000, 32.400000,  2.000000,  2.000000,  0.000000,  1.000000,  1.000000,  2.000000,  2.000000,  1.000000,  1.000000,  2.000000,  2.000000,  0.000000, 0, 1, 0
5.000000, 13.976951, 13.770000,  1.760000,  0.637000, 38.500000,  2.000000,  2.000000,  1.000000,  1.000000,  2.000000,  2.000000,  2.000000,  2.000000,  1.000000,  2.000000,  2.000000,  1.000000, 0, 1, 0
6.000000, 16.009762, 24.510000,  1.090000,  1.108000, 46.100000,  1.000000,  4.000000,  1.000000,  2.000000,  1.000000,  3.000000,  3.000000,  1.000000,  2.000000,  1.000000,  4.000000,  1.000000, 0, 1, 0
