6450, 6449
6459, 6449
6466, 6449
6449, 6450
6451, 6450
6466, 6450
6467, 6450
6450, 6451
6452, 6451
6468, 6451
6469, 6451
6451, 6452
6453, 6452
6454, 6452
6465, 6452
6452, 6453
6454, 6453
6457, 6453
6452, 6454
6453, 6454
6460, 6454
6461, 6454
6456, 6455
6460, 6455
6461, 6455
6462, 6455
6455, 6456
6461, 6456
6462, 6456
6453, 6457
6460, 6457
6463, 6457
6465, 6457
6459, 6458
6464, 6458
6466, 6458
6449, 6459
6458, 6459
6464, 6459
6466, 6459
6454, 6460
6455, 6460
6457, 6460
6461, 6460
6463, 6460
6454, 6461
6455, 6461
6456, 6461
6460, 6461
6462, 6461
6455, 6462
6456, 6462
6461, 6462
6457, 6463
6460, 6463
6465, 6463
6458, 6464
6459, 6464
6466, 6464
6452, 6465
6457, 6465
6463, 6465
6469, 6465
6470, 6465
6449, 6466
6450, 6466
6458, 6466
6459, 6466
6464, 6466
6467, 6466
6450, 6467
6466, 6467
6468, 6467
6469, 6467
6451, 6468
6467, 6468
6469, 6468
6470, 6468
6451, 6469
6465, 6469
6467, 6469
6468, 6469
6470, 6469
6465, 6470
6468, 6470
6469, 6470
