11450, 11449
11474, 11449
11483, 11449
11449, 11450
11473, 11450
11474, 11450
11482, 11450
11483, 11450
11452, 11451
11464, 11451
11473, 11451
11475, 11451
11482, 11451
11451, 11452
11475, 11452
11476, 11452
11484, 11452
11485, 11452
11454, 11453
11476, 11453
11477, 11453
11485, 11453
11486, 11453
11453, 11454
11455, 11454
11477, 11454
11486, 11454
11454, 11455
11478, 11455
11487, 11455
11457, 11456
11458, 11456
11480, 11456
11489, 11456
11456, 11457
11458, 11457
11468, 11457
11480, 11457
11456, 11458
11457, 11458
11459, 11458
11458, 11459
11460, 11459
11481, 11459
11490, 11459
11459, 11460
11472, 11460
11481, 11460
11490, 11460
11462, 11461
11463, 11461
11483, 11461
11461, 11462
11463, 11462
11464, 11462
11482, 11462
11483, 11462
11461, 11463
11462, 11463
11464, 11463
11482, 11463
11484, 11463
11451, 11464
11462, 11464
11463, 11464
11465, 11464
11484, 11464
11485, 11464
11464, 11465
11466, 11465
11467, 11465
11485, 11465
11486, 11465
11465, 11466
11467, 11466
11486, 11466
11465, 11467
11466, 11467
11468, 11467
11487, 11467
11457, 11468
11467, 11468
11469, 11468
11470, 11468
11489, 11468
11468, 11469
11470, 11469
11471, 11469
11468, 11470
11469, 11470
11471, 11470
11472, 11470
11469, 11471
11470, 11471
11472, 11471
11460, 11472
11470, 11472
11471, 11472
11490, 11472
11450, 11473
11451, 11473
11474, 11473
11475, 11473
11483, 11473
11484, 11473
11449, 11474
11450, 11474
11473, 11474
11451, 11475
11452, 11475
11473, 11475
11482, 11475
11452, 11476
11453, 11476
11453, 11477
11454, 11477
11455, 11478
11479, 11478
11488, 11478
11478, 11479
11480, 11479
11487, 11479
11489, 11479
11456, 11480
11457, 11480
11479, 11480
11488, 11480
11459, 11481
11460, 11481
11490, 11481
11450, 11482
11451, 11482
11462, 11482
11463, 11482
11475, 11482
11484, 11482
11449, 11483
11450, 11483
11461, 11483
11462, 11483
11473, 11483
11452, 11484
11463, 11484
11464, 11484
11473, 11484
11482, 11484
11452, 11485
11453, 11485
11464, 11485
11465, 11485
11453, 11486
11454, 11486
11465, 11486
11466, 11486
11455, 11487
11467, 11487
11479, 11487
11488, 11487
11478, 11488
11480, 11488
11487, 11488
11489, 11488
11456, 11489
11468, 11489
11479, 11489
11488, 11489
11459, 11490
11460, 11490
11472, 11490
11481, 11490
