14249, 14248
14250, 14248
14257, 14248
14248, 14249
14250, 14249
14251, 14249
14256, 14249
14248, 14250
14249, 14250
14251, 14250
14257, 14250
14249, 14251
14250, 14251
14254, 14251
14257, 14251
14258, 14251
14259, 14251
14264, 14251
14253, 14252
14254, 14252
14257, 14252
14252, 14253
14254, 14253
14255, 14253
14251, 14254
14252, 14254
14253, 14254
14255, 14254
14253, 14255
14254, 14255
14259, 14255
14265, 14255
14249, 14256
14257, 14256
14258, 14256
14248, 14257
14250, 14257
14251, 14257
14252, 14257
14256, 14257
14258, 14257
14259, 14257
14251, 14258
14256, 14258
14257, 14258
14259, 14258
14251, 14259
14255, 14259
14257, 14259
14258, 14259
14273, 14259
14261, 14260
14268, 14260
14260, 14261
14262, 14261
14266, 14261
14267, 14261
14268, 14261
14269, 14261
14271, 14261
14261, 14262
14263, 14262
14265, 14262
14266, 14262
14267, 14262
14270, 14262
14272, 14262
14262, 14263
14264, 14263
14265, 14263
14273, 14263
14251, 14264
14263, 14264
14265, 14264
14273, 14264
14255, 14265
14262, 14265
14263, 14265
14264, 14265
14266, 14265
14272, 14265
14273, 14265
14261, 14266
14262, 14266
14265, 14266
14267, 14266
14271, 14266
14261, 14267
14262, 14267
14266, 14267
14268, 14267
14270, 14267
14260, 14268
14261, 14268
14267, 14268
14269, 14268
14261, 14269
14268, 14269
14270, 14269
14262, 14270
14267, 14270
14269, 14270
14271, 14270
14261, 14271
14266, 14271
14270, 14271
14272, 14271
14262, 14272
14265, 14272
14271, 14272
14273, 14272
14259, 14273
14263, 14273
14264, 14273
14265, 14273
14272, 14273
