12146, 12140
12147, 12140
12143, 12141
12144, 12141
12149, 12141
12146, 12142
12147, 12142
12141, 12143
12144, 12143
12149, 12143
12141, 12144
12143, 12144
12145, 12144
12148, 12144
12149, 12144
12144, 12145
12146, 12145
12147, 12145
12148, 12145
12149, 12145
12140, 12146
12142, 12146
12145, 12146
12147, 12146
12148, 12146
12140, 12147
12142, 12147
12145, 12147
12146, 12147
12148, 12147
12144, 12148
12145, 12148
12146, 12148
12147, 12148
12149, 12148
12141, 12149
12143, 12149
12144, 12149
12145, 12149
12148, 12149
