3120, 3119
3148, 3119
3156, 3119
3119, 3120
3121, 3120
3136, 3120
3148, 3120
3120, 3121
3135, 3121
3155, 3121
3163, 3121
3154, 3122
3155, 3122
3162, 3122
3124, 3123
3139, 3123
3154, 3123
3123, 3124
3138, 3124
3139, 3124
3153, 3124
3161, 3124
3126, 3125
3138, 3125
3140, 3125
3153, 3125
3125, 3126
3152, 3126
3153, 3126
3160, 3126
3128, 3127
3142, 3127
3152, 3127
3127, 3128
3141, 3128
3151, 3128
3152, 3128
3159, 3128
3160, 3128
3130, 3129
3151, 3129
3159, 3129
3129, 3130
3150, 3130
3151, 3130
3158, 3130
3159, 3130
3132, 3131
3149, 3131
3150, 3131
3158, 3131
3131, 3132
3133, 3132
3149, 3132
3157, 3132
3132, 3133
3149, 3133
3157, 3133
3135, 3134
3148, 3134
3156, 3134
3121, 3135
3134, 3135
3136, 3135
3148, 3135
3156, 3135
3120, 3136
3135, 3136
3155, 3136
3163, 3136
3154, 3137
3162, 3137
3163, 3137
3124, 3138
3125, 3138
3139, 3138
3162, 3138
3123, 3139
3124, 3139
3138, 3139
3140, 3139
3153, 3139
3161, 3139
3125, 3140
3139, 3140
3160, 3140
3161, 3140
3128, 3141
3142, 3141
3160, 3141
3127, 3142
3141, 3142
3159, 3142
3144, 3143
3145, 3143
3151, 3143
3159, 3143
3143, 3144
3145, 3144
3158, 3144
3143, 3145
3144, 3145
3146, 3145
3149, 3145
3150, 3145
3157, 3145
3158, 3145
3145, 3146
3147, 3146
3149, 3146
3157, 3146
3146, 3147
3149, 3147
3157, 3147
3119, 3148
3120, 3148
3134, 3148
3135, 3148
3131, 3149
3132, 3149
3133, 3149
3145, 3149
3146, 3149
3147, 3149
3130, 3150
3131, 3150
3145, 3150
3128, 3151
3129, 3151
3130, 3151
3143, 3151
3126, 3152
3127, 3152
3128, 3152
3124, 3153
3125, 3153
3126, 3153
3139, 3153
3122, 3154
3123, 3154
3137, 3154
3121, 3155
3122, 3155
3136, 3155
3163, 3155
3119, 3156
3134, 3156
3135, 3156
3132, 3157
3133, 3157
3145, 3157
3146, 3157
3147, 3157
3130, 3158
3131, 3158
3144, 3158
3145, 3158
3128, 3159
3129, 3159
3130, 3159
3142, 3159
3143, 3159
3126, 3160
3128, 3160
3140, 3160
3141, 3160
3124, 3161
3139, 3161
3140, 3161
3122, 3162
3137, 3162
3138, 3162
3121, 3163
3136, 3163
3137, 3163
3155, 3163
