14969, 14968
14970, 14968
14979, 14968
14968, 14969
14970, 14969
14971, 14969
14979, 14969
14968, 14970
14969, 14970
14971, 14970
14979, 14970
14969, 14971
14970, 14971
14975, 14971
14973, 14972
14976, 14972
14977, 14972
14972, 14973
14974, 14973
14976, 14973
14977, 14973
14978, 14973
14973, 14974
14975, 14974
14978, 14974
14979, 14974
14971, 14975
14974, 14975
14978, 14975
14979, 14975
14972, 14976
14973, 14976
14977, 14976
14972, 14977
14973, 14977
14976, 14977
14978, 14977
14973, 14978
14974, 14978
14975, 14978
14977, 14978
14968, 14979
14969, 14979
14970, 14979
14974, 14979
14975, 14979
