9339, 9338
9346, 9338
9347, 9338
9338, 9339
9346, 9339
9358, 9339
9361, 9339
9341, 9340
9349, 9340
9366, 9340
9369, 9340
9340, 9341
9342, 9341
9350, 9341
9365, 9341
9341, 9342
9349, 9342
9362, 9342
9344, 9343
9345, 9343
9370, 9343
9343, 9344
9345, 9344
9351, 9344
9371, 9344
9343, 9345
9344, 9345
9353, 9345
9372, 9345
9338, 9346
9339, 9346
9347, 9346
9357, 9346
9373, 9346
9376, 9346
9338, 9347
9346, 9347
9358, 9347
9377, 9347
9380, 9347
9366, 9348
9385, 9348
9388, 9348
9340, 9349
9342, 9349
9350, 9349
9384, 9349
9341, 9350
9349, 9350
9381, 9350
9344, 9351
9352, 9351
9370, 9351
9389, 9351
9351, 9352
9353, 9352
9371, 9352
9390, 9352
9345, 9353
9352, 9353
9391, 9353
9355, 9354
9357, 9354
9374, 9354
9376, 9354
9354, 9355
9356, 9355
9373, 9355
9355, 9356
9358, 9356
9377, 9356
9346, 9357
9354, 9357
9373, 9357
9339, 9358
9347, 9358
9356, 9358
9375, 9358
9360, 9359
9366, 9359
9379, 9359
9359, 9360
9361, 9360
9378, 9360
9379, 9360
9380, 9360
9339, 9361
9360, 9361
9379, 9361
9342, 9362
9363, 9362
9382, 9362
9362, 9363
9364, 9363
9381, 9363
9383, 9363
9363, 9364
9370, 9364
9382, 9364
9389, 9364
9341, 9365
9367, 9365
9386, 9365
9340, 9366
9348, 9366
9359, 9366
9369, 9366
9388, 9366
9365, 9367
9368, 9367
9384, 9367
9367, 9368
9369, 9368
9388, 9368
9340, 9369
9366, 9369
9368, 9369
9385, 9369
9387, 9369
9343, 9370
9351, 9370
9364, 9370
9383, 9370
9344, 9371
9352, 9371
9372, 9371
9391, 9371
9345, 9372
9371, 9372
9390, 9372
9391, 9372
9346, 9373
9355, 9373
9357, 9373
9374, 9373
9376, 9373
9354, 9374
9373, 9374
9375, 9374
9358, 9375
9374, 9375
9377, 9375
9346, 9376
9354, 9376
9373, 9376
9347, 9377
9356, 9377
9375, 9377
9360, 9378
9379, 9378
9385, 9378
9359, 9379
9360, 9379
9361, 9379
9378, 9379
9380, 9379
9347, 9380
9360, 9380
9379, 9380
9350, 9381
9363, 9381
9382, 9381
9362, 9382
9364, 9382
9381, 9382
9383, 9382
9363, 9383
9370, 9383
9382, 9383
9389, 9383
9349, 9384
9367, 9384
9386, 9384
9348, 9385
9369, 9385
9378, 9385
9388, 9385
9365, 9386
9384, 9386
9387, 9386
9369, 9387
9386, 9387
9388, 9387
9348, 9388
9366, 9388
9368, 9388
9385, 9388
9387, 9388
9351, 9389
9364, 9389
9383, 9389
9352, 9390
9372, 9390
9391, 9390
9353, 9391
9371, 9391
9372, 9391
9390, 9391
