14.000000, 19.416198, 42.890000,  2.130000,  1.930000,110.900000,  5.000000,  7.000000,  2.000000,  2.000000,  7.000000,  5.000000,  6.000000,  5.000000,  3.000000,  5.000000,  7.000000,  2.000000, 1, 0, 0
12.000000, 16.198222, 41.690000, -3.440000,  1.877000,106.600000,  4.000000,  6.000000,  2.000000,  5.000000,  4.000000,  3.000000,  3.000000,  4.000000,  5.000000,  3.000000,  7.000000,  2.000000, 1, 0, 0
12.000000, 16.856788, 47.710000, -0.520000,  2.200000,105.400000,  3.000000,  4.000000,  5.000000,  6.000000,  3.000000,  3.000000,  4.000000,  2.000000,  6.000000,  3.000000,  4.000000,  5.000000, 1, 0, 0
8.000000, 10.094417, 21.100000, -2.140000,  0.938000, 72.200000,  3.000000,  4.000000,  1.000000,  3.000000,  3.000000,  2.000000,  2.000000,  3.000000,  3.000000,  3.000000,  4.000000,  1.000000, 1, 0, 0
24.000000, 34.115681, 87.080000,  4.290000,  3.995000,196.200000,  7.000000, 10.000000,  7.000000,  7.000000,  9.000000,  8.000000, 10.000000,  6.000000,  8.000000,  6.000000, 11.000000,  7.000000, 1, 0, 0
6.000000, 10.358592, 14.670000, -0.280000,  0.654000, 47.000000,  4.000000,  1.000000,  1.000000,  0.000000,  5.000000,  1.000000,  2.000000,  4.000000,  0.000000,  4.000000,  1.000000,  1.000000, 1, 0, 0
21.000000, 30.457212, 78.120000,  1.030000,  3.579000,183.200000,  7.000000,  7.000000,  7.000000,  9.000000,  5.000000,  7.000000,  8.000000,  4.000000,  9.000000,  5.000000,  9.000000,  7.000000, 1, 0, 0
10.000000, 14.765464, 34.170000,  5.180000,  1.590000, 69.600000,  3.000000,  5.000000,  2.000000,  1.000000,  4.000000,  5.000000,  6.000000,  3.000000,  1.000000,  2.000000,  6.000000,  2.000000, 1, 0, 0
17.000000, 25.326589, 56.660000,  3.180000,  2.596000,145.100000,  5.000000,  7.000000,  5.000000,  6.000000,  5.000000,  6.000000,  6.000000,  4.000000,  7.000000,  5.000000,  7.000000,  5.000000, 1, 0, 0
13.000000, 17.710673, 38.910000, -0.080000,  1.792000,107.100000,  4.000000,  6.000000,  3.000000,  4.000000,  4.000000,  5.000000,  5.000000,  4.000000,  4.000000,  4.000000,  6.000000,  3.000000, 1, 0, 0
9.000000, 10.733953, 24.830000, -2.940000,  1.093000, 79.200000,  4.000000,  5.000000,  0.000000,  3.000000,  4.000000,  2.000000,  2.000000,  4.000000,  3.000000,  3.000000,  6.000000,  0.000000, 1, 0, 0
16.000000, 22.352128, 68.240000, -0.770000,  3.195000,144.000000,  4.000000,  6.000000,  6.000000,  9.000000,  1.000000,  6.000000,  6.000000,  1.000000,  9.000000,  3.000000,  7.000000,  6.000000, 1, 0, 0
4.000000, 10.417547, 17.230000, -2.070000,  0.743000, 42.100000,  0.000000,  3.000000,  1.000000,  3.000000,  0.000000,  1.000000,  1.000000,  0.000000,  3.000000,  0.000000,  3.000000,  1.000000, 0, 1, 0
6.000000, 16.580408, 19.500000,  4.080000,  0.888000, 42.900000,  2.000000,  4.000000,  0.000000,  1.000000,  1.000000,  4.000000,  4.000000,  1.000000,  1.000000,  1.000000,  5.000000,  0.000000, 0, 1, 0
5.000000, 12.685536, 17.370000,  2.220000,  0.793000, 36.600000,  1.000000,  3.000000,  1.000000,  1.000000,  1.000000,  3.000000,  3.000000,  1.000000,  1.000000,  1.000000,  3.000000,  1.000000, 0, 1, 0
6.000000, 13.069608, 22.980000,  5.570000,  1.113000, 40.500000,  1.000000,  2.000000,  3.000000,  0.000000,  2.000000,  4.000000,  4.000000,  1.000000,  1.000000,  1.000000,  2.000000,  3.000000, 0, 1, 0
5.000000, 13.355281, 17.440000,  1.880000,  0.812000, 36.800000,  1.000000,  3.000000,  1.000000,  1.000000,  1.000000,  3.000000,  3.000000,  1.000000,  1.000000,  1.000000,  3.000000,  1.000000, 0, 1, 0
6.000000, 16.517825, 21.080000,  2.240000,  0.983000, 45.900000,  1.000000,  4.000000,  1.000000,  2.000000,  1.000000,  3.000000,  3.000000,  1.000000,  2.000000,  1.000000,  4.000000,  1.000000, 0, 1, 0
5.000000, 13.883865, 21.980000,  2.500000,  1.037000, 39.000000,  1.000000,  2.000000,  2.000000,  2.000000,  1.000000,  2.000000,  3.000000,  0.000000,  2.000000,  0.000000,  3.000000,  2.000000, 0, 1, 0
3.000000,  6.350344,  8.270000, -1.630000,  0.373000, 28.200000,  2.000000,  1.000000,  0.000000,  1.000000,  2.000000,  0.000000,  0.000000,  2.000000,  1.000000,  1.000000,  2.000000,  0.000000, 0, 1, 0
3.000000,  6.859438, 15.130000,  3.180000,  0.714000, 21.800000,  0.000000,  1.000000,  2.000000,  0.000000,  2.000000,  1.000000,  2.000000,  0.000000,  1.000000,  0.000000,  1.000000,  2.000000, 0, 1, 0
4.000000,  9.603639, 15.840000,  2.850000,  0.750000, 27.600000,  0.000000,  3.000000,  1.000000,  1.000000,  0.000000,  3.000000,  3.000000,  0.000000,  1.000000,  0.000000,  3.000000,  1.000000, 0, 1, 0
4.000000,  9.434327, 17.240000,  2.960000,  0.797000, 29.300000,  0.000000,  2.000000,  2.000000,  1.000000,  1.000000,  2.000000,  3.000000,  0.000000,  1.000000,  0.000000,  2.000000,  2.000000, 0, 1, 0
2.000000,  3.845482,  8.070000,  0.140000,  0.360000, 15.400000,  1.000000,  0.000000,  1.000000,  0.000000,  2.000000,  0.000000,  1.000000,  1.000000,  0.000000,  1.000000,  0.000000,  1.000000, 0, 1, 0
2.000000,  3.806739,  9.130000,  0.710000,  0.431000, 16.400000,  0.000000,  1.000000,  1.000000,  1.000000,  0.000000,  1.000000,  1.000000,  0.000000,  1.000000,  0.000000,  1.000000,  1.000000, 0, 1, 0
2.000000,  3.784563,  3.430000,  0.790000,  0.174000, 13.600000,  2.000000,  0.000000,  0.000000,  0.000000,  1.000000,  1.000000,  1.000000,  1.000000,  0.000000,  1.000000,  1.000000,  0.000000, 0, 1, 0
