11.000000, 16.589735, 39.830000,  0.230000,  1.791000, 96.900000,  3.000000,  5.000000,  3.000000,  5.000000,  2.000000,  4.000000,  4.000000,  2.000000,  5.000000,  3.000000,  5.000000,  3.000000, 1, 0, 0
14.000000, 20.324783, 51.370000, -1.470000,  2.324000,128.400000,  4.000000,  5.000000,  5.000000,  7.000000,  3.000000,  4.000000,  4.000000,  3.000000,  7.000000,  3.000000,  6.000000,  5.000000, 1, 0, 0
4.000000,  5.459037, 19.040000, -0.850000,  0.873000, 39.200000,  0.000000,  2.000000,  2.000000,  3.000000,  0.000000,  1.000000,  1.000000,  0.000000,  3.000000,  0.000000,  2.000000,  2.000000, 1, 0, 0
17.000000, 23.897780, 56.220000, -2.730000,  2.553000,162.300000,  7.000000,  4.000000,  6.000000,  8.000000,  7.000000,  2.000000,  3.000000,  5.000000,  9.000000,  7.000000,  4.000000,  6.000000, 1, 0, 0
9.000000, 12.763153, 28.520000,  0.590000,  1.276000, 79.000000,  4.000000,  3.000000,  2.000000,  3.000000,  4.000000,  2.000000,  3.000000,  3.000000,  3.000000,  3.000000,  4.000000,  2.000000, 1, 0, 0
5.000000,  7.849415, 15.670000,  1.780000,  0.721000, 38.000000,  2.000000,  2.000000,  1.000000,  1.000000,  1.000000,  3.000000,  3.000000,  1.000000,  1.000000,  2.000000,  2.000000,  1.000000, 1, 0, 0
21.000000, 29.537700, 84.220000,  0.430000,  3.844000,187.800000,  2.000000, 11.000000,  8.000000, 10.000000,  4.000000,  7.000000,  8.000000,  2.000000, 11.000000,  2.000000, 11.000000,  8.000000, 1, 0, 0
18.000000, 25.440120, 59.190000,  2.360000,  2.662000,147.800000,  8.000000,  6.000000,  4.000000,  5.000000,  6.000000,  7.000000,  8.000000,  5.000000,  5.000000,  8.000000,  6.000000,  4.000000, 1, 0, 0
11.000000, 15.378231, 39.320000, -2.660000,  1.772000,101.000000,  4.000000,  5.000000,  2.000000,  6.000000,  2.000000,  3.000000,  3.000000,  2.000000,  6.000000,  4.000000,  5.000000,  2.000000, 1, 0, 0
3.000000,  5.360980, 10.600000,  1.510000,  0.480000, 18.400000,  1.000000,  2.000000,  0.000000,  0.000000,  1.000000,  2.000000,  2.000000,  1.000000,  0.000000,  1.000000,  2.000000,  0.000000, 1, 0, 0
8.000000, 11.453591,  9.200000, -2.970000,  0.402000, 66.900000,  7.000000,  1.000000,  0.000000,  0.000000,  7.000000,  1.000000,  1.000000,  7.000000,  0.000000,  7.000000,  1.000000,  0.000000, 1, 0, 0
3.000000,  5.370065, 15.320000,  0.600000,  0.720000, 24.700000,  1.000000,  0.000000,  2.000000,  1.000000,  2.000000,  0.000000,  1.000000,  1.000000,  1.000000,  0.000000,  1.000000,  2.000000, 1, 0, 0
9.000000, 11.884864, 31.200000, -2.100000,  1.413000, 79.600000,  3.000000,  4.000000,  2.000000,  4.000000,  2.000000,  3.000000,  3.000000,  2.000000,  4.000000,  2.000000,  5.000000,  2.000000, 1, 0, 0
11.000000, 15.300895, 36.760000,  1.090000,  1.702000, 90.500000,  3.000000,  6.000000,  2.000000,  4.000000,  3.000000,  4.000000,  4.000000,  3.000000,  4.000000,  3.000000,  6.000000,  2.000000, 1, 0, 0
4.000000,  5.733313, 13.780000,  2.370000,  0.617000, 28.700000,  1.000000,  3.000000,  0.000000,  1.000000,  0.000000,  3.000000,  3.000000,  0.000000,  1.000000,  1.000000,  3.000000,  0.000000, 1, 0, 0
4.000000,  5.306463, 14.640000, -0.350000,  0.665000, 39.500000,  3.000000,  0.000000,  1.000000,  2.000000,  1.000000,  1.000000,  1.000000,  1.000000,  2.000000,  3.000000,  0.000000,  1.000000, 1, 0, 0
3.000000,  5.257372,  7.730000, -2.190000,  0.353000, 28.700000,  2.000000,  0.000000,  1.000000,  1.000000,  2.000000,  0.000000,  0.000000,  2.000000,  1.000000,  2.000000,  0.000000,  1.000000, 1, 0, 0
14.000000, 19.760399, 52.430000,  1.300000,  2.368000,119.700000,  3.000000,  8.000000,  3.000000,  6.000000,  4.000000,  4.000000,  5.000000,  3.000000,  6.000000,  3.000000,  8.000000,  3.000000, 1, 0, 0
3.000000,  6.586454, 11.030000,  2.040000,  0.515000, 19.500000,  1.000000,  1.000000,  1.000000,  0.000000,  1.000000,  2.000000,  2.000000,  1.000000,  0.000000,  1.000000,  1.000000,  1.000000, 0, 1, 0
5.000000, 10.611585, 16.380000,  3.420000,  0.725000, 37.800000,  2.000000,  3.000000,  0.000000,  1.000000,  1.000000,  3.000000,  3.000000,  1.000000,  1.000000,  2.000000,  3.000000,  0.000000, 0, 1, 0
5.000000, 13.071595, 14.920000,  1.690000,  0.712000, 33.200000,  3.000000,  1.000000,  1.000000,  0.000000,  2.000000,  3.000000,  3.000000,  2.000000,  0.000000,  2.000000,  2.000000,  1.000000, 0, 1, 0
7.000000, 19.192527, 26.240000,  5.120000,  1.215000, 47.400000,  1.000000,  4.000000,  2.000000,  1.000000,  2.000000,  4.000000,  5.000000,  1.000000,  1.000000,  1.000000,  4.000000,  2.000000, 0, 1, 0
6.000000, 16.933684, 15.950000,  2.960000,  0.740000, 43.200000,  1.000000,  5.000000,  0.000000,  1.000000,  1.000000,  4.000000,  4.000000,  1.000000,  1.000000,  1.000000,  5.000000,  0.000000, 0, 1, 0
4.000000,  9.847818, 17.100000,  2.340000,  0.802000, 29.100000,  0.000000,  2.000000,  2.000000,  1.000000,  0.000000,  3.000000,  3.000000,  0.000000,  1.000000,  0.000000,  2.000000,  2.000000, 0, 1, 0
4.000000, 10.211364, 18.600000,  2.950000,  0.869000, 28.500000,  0.000000,  2.000000,  2.000000,  1.000000,  1.000000,  2.000000,  3.000000,  0.000000,  1.000000,  0.000000,  2.000000,  2.000000, 0, 1, 0
4.000000, 10.113450, 12.200000,  1.880000,  0.542000, 28.200000,  2.000000,  2.000000,  0.000000,  0.000000,  2.000000,  2.000000,  2.000000,  2.000000,  0.000000,  2.000000,  2.000000,  0.000000, 0, 1, 0
3.000000,  6.891855, 12.000000,  3.420000,  0.558000, 14.700000,  0.000000,  3.000000,  0.000000,  0.000000,  0.000000,  3.000000,  3.000000,  0.000000,  0.000000,  0.000000,  3.000000,  0.000000, 0, 1, 0
5.000000, 13.155651, 18.260000,  3.570000,  0.850000, 35.000000,  1.000000,  3.000000,  1.000000,  0.000000,  2.000000,  3.000000,  3.000000,  1.000000,  1.000000,  1.000000,  3.000000,  1.000000, 0, 1, 0
5.000000, 13.048497, 18.150000, -0.050000,  0.804000, 43.000000,  1.000000,  3.000000,  1.000000,  2.000000,  1.000000,  2.000000,  2.000000,  1.000000,  2.000000,  1.000000,  3.000000,  1.000000, 0, 1, 0
3.000000,  6.768888,  8.600000,  1.300000,  0.388000, 20.000000,  1.000000,  2.000000,  0.000000,  0.000000,  1.000000,  2.000000,  2.000000,  1.000000,  0.000000,  1.000000,  2.000000,  0.000000, 0, 1, 0
3.000000,  6.725847, 10.720000,  2.860000,  0.503000, 18.100000,  1.000000,  2.000000,  0.000000,  0.000000,  1.000000,  2.000000,  2.000000,  1.000000,  0.000000,  0.000000,  3.000000,  0.000000, 0, 1, 0
3.000000,  6.954349, 10.330000, -2.160000,  0.461000, 28.300000,  2.000000,  0.000000,  1.000000,  1.000000,  2.000000,  0.000000,  0.000000,  2.000000,  1.000000,  2.000000,  0.000000,  1.000000, 0, 1, 0
3.000000,  6.992261,  8.730000, -1.990000,  0.399000, 28.100000,  2.000000,  0.000000,  1.000000,  1.000000,  2.000000,  0.000000,  0.000000,  2.000000,  1.000000,  2.000000,  0.000000,  1.000000, 0, 1, 0
3.000000,  6.776808, 11.550000, -0.420000,  0.510000, 29.500000,  0.000000,  2.000000,  1.000000,  2.000000,  0.000000,  1.000000,  1.000000,  0.000000,  2.000000,  0.000000,  2.000000,  1.000000, 0, 1, 0
3.000000,  6.960663,  9.750000,  0.140000,  0.460000, 22.300000,  2.000000,  0.000000,  1.000000,  0.000000,  2.000000,  1.000000,  1.000000,  2.000000,  0.000000,  1.000000,  1.000000,  1.000000, 0, 1, 0
3.000000,  6.854624, 13.600000,  0.710000,  0.635000, 24.800000,  1.000000,  0.000000,  2.000000,  1.000000,  2.000000,  0.000000,  1.000000,  1.000000,  1.000000,  1.000000,  0.000000,  2.000000, 0, 1, 0
3.000000,  6.602535, 10.500000,  0.580000,  0.468000, 25.500000,  1.000000,  2.000000,  0.000000,  1.000000,  1.000000,  1.000000,  1.000000,  1.000000,  1.000000,  0.000000,  3.000000,  0.000000, 0, 1, 0
