559, 558
560, 558
561, 558
558, 559
560, 559
561, 559
574, 559
575, 559
558, 560
559, 560
561, 560
562, 560
563, 560
582, 560
558, 561
559, 561
560, 561
562, 561
563, 561
560, 562
561, 562
563, 562
584, 562
560, 563
561, 563
562, 563
564, 563
576, 563
583, 563
563, 564
565, 564
577, 564
581, 564
564, 565
566, 565
567, 565
579, 565
585, 565
565, 566
567, 566
568, 566
578, 566
588, 566
565, 567
566, 567
568, 567
569, 567
587, 567
588, 567
566, 568
567, 568
569, 568
570, 568
587, 568
589, 568
567, 569
568, 569
570, 569
571, 569
572, 569
589, 569
590, 569
568, 570
569, 570
571, 570
572, 570
591, 570
592, 570
569, 571
570, 571
572, 571
592, 571
593, 571
569, 572
570, 572
571, 572
593, 572
595, 572
574, 573
575, 573
582, 573
559, 574
573, 574
575, 574
582, 574
559, 575
573, 575
574, 575
582, 575
584, 575
563, 576
577, 576
583, 576
584, 576
564, 577
576, 577
580, 577
581, 577
566, 578
579, 578
585, 578
586, 578
588, 578
565, 579
578, 579
580, 579
581, 579
585, 579
586, 579
577, 580
579, 580
581, 580
585, 580
564, 581
577, 581
579, 581
580, 581
560, 582
573, 582
574, 582
575, 582
583, 582
584, 582
563, 583
576, 583
582, 583
584, 583
562, 584
575, 584
576, 584
582, 584
583, 584
565, 585
578, 585
579, 585
580, 585
586, 585
578, 586
579, 586
585, 586
588, 586
567, 587
568, 587
588, 587
589, 587
590, 587
566, 588
567, 588
578, 588
586, 588
587, 588
568, 589
569, 589
587, 589
590, 589
591, 589
569, 590
587, 590
589, 590
591, 590
570, 591
589, 591
590, 591
592, 591
570, 592
571, 592
591, 592
593, 592
594, 592
595, 592
571, 593
572, 593
592, 593
594, 593
595, 593
592, 594
593, 594
595, 594
572, 595
592, 595
593, 595
594, 595
