3605, 3604
3617, 3604
3618, 3604
3604, 3605
3606, 3605
3616, 3605
3617, 3605
3605, 3606
3607, 3606
3608, 3606
3616, 3606
3619, 3606
3606, 3607
3608, 3607
3619, 3607
3606, 3608
3607, 3608
3609, 3608
3619, 3608
3620, 3608
3608, 3609
3610, 3609
3620, 3609
3609, 3610
3620, 3610
3621, 3610
3621, 3611
3623, 3611
3625, 3611
3622, 3612
3624, 3612
3627, 3612
3615, 3613
3622, 3613
3626, 3613
3628, 3613
3615, 3614
3626, 3614
3628, 3614
3613, 3615
3614, 3615
3626, 3615
3605, 3616
3606, 3616
3617, 3616
3618, 3616
3619, 3616
3604, 3617
3605, 3617
3616, 3617
3618, 3617
3604, 3618
3616, 3618
3617, 3618
3606, 3619
3607, 3619
3608, 3619
3616, 3619
3620, 3619
3608, 3620
3609, 3620
3610, 3620
3619, 3620
3610, 3621
3611, 3621
3623, 3621
3612, 3622
3613, 3622
3624, 3622
3627, 3622
3628, 3622
3611, 3623
3621, 3623
3625, 3623
3612, 3624
3622, 3624
3625, 3624
3627, 3624
3611, 3625
3623, 3625
3624, 3625
3627, 3625
3613, 3626
3614, 3626
3615, 3626
3628, 3626
3612, 3627
3622, 3627
3624, 3627
3625, 3627
3613, 3628
3614, 3628
3622, 3628
3626, 3628
