11261, 11240
11262, 11240
11264, 11240
11242, 11241
11263, 11241
11265, 11241
11241, 11242
11243, 11242
11263, 11242
11265, 11242
11266, 11242
11242, 11243
11244, 11243
11245, 11243
11266, 11243
11267, 11243
11243, 11244
11245, 11244
11246, 11244
11247, 11244
11267, 11244
11243, 11245
11244, 11245
11246, 11245
11247, 11245
11244, 11246
11245, 11246
11247, 11246
11244, 11247
11245, 11247
11246, 11247
11248, 11247
11247, 11248
11249, 11248
11250, 11248
11248, 11249
11250, 11249
11251, 11249
11248, 11250
11249, 11250
11251, 11250
11249, 11251
11250, 11251
11252, 11251
11253, 11251
11251, 11252
11253, 11252
11254, 11252
11255, 11252
11251, 11253
11252, 11253
11254, 11253
11255, 11253
11256, 11253
11252, 11254
11253, 11254
11255, 11254
11256, 11254
11257, 11254
11252, 11255
11253, 11255
11254, 11255
11256, 11255
11257, 11255
11253, 11256
11254, 11256
11255, 11256
11257, 11256
11254, 11257
11255, 11257
11256, 11257
11259, 11258
11260, 11258
11261, 11258
11258, 11259
11260, 11259
11261, 11259
11258, 11260
11259, 11260
11261, 11260
11262, 11260
11240, 11261
11258, 11261
11259, 11261
11260, 11261
11262, 11261
11240, 11262
11260, 11262
11261, 11262
11264, 11262
11241, 11263
11242, 11263
11264, 11263
11265, 11263
11240, 11264
11262, 11264
11263, 11264
11265, 11264
11241, 11265
11242, 11265
11263, 11265
11264, 11265
11242, 11266
11243, 11266
11267, 11266
11243, 11267
11244, 11267
11266, 11267
