12612, 12611
12626, 12611
12627, 12611
12611, 12612
12627, 12612
12628, 12612
12630, 12612
12614, 12613
12615, 12613
12629, 12613
12630, 12613
12613, 12614
12615, 12614
12629, 12614
12630, 12614
12613, 12615
12614, 12615
12616, 12615
12631, 12615
12615, 12616
12631, 12616
12633, 12616
12634, 12616
12618, 12617
12619, 12617
12635, 12617
12617, 12618
12619, 12618
12620, 12618
12636, 12618
12617, 12619
12618, 12619
12620, 12619
12636, 12619
12618, 12620
12619, 12620
12621, 12620
12622, 12620
12620, 12621
12622, 12621
12623, 12621
12624, 12621
12620, 12622
12621, 12622
12623, 12622
12624, 12622
12625, 12622
12621, 12623
12622, 12623
12624, 12623
12625, 12623
12621, 12624
12622, 12624
12623, 12624
12625, 12624
12622, 12625
12623, 12625
12624, 12625
12611, 12626
12627, 12626
12628, 12626
12611, 12627
12612, 12627
12626, 12627
12628, 12627
12612, 12628
12626, 12628
12627, 12628
12630, 12628
12613, 12629
12614, 12629
12630, 12629
12612, 12630
12613, 12630
12614, 12630
12628, 12630
12629, 12630
12615, 12631
12616, 12631
12633, 12631
12634, 12631
12633, 12632
12634, 12632
12635, 12632
12636, 12632
12616, 12633
12631, 12633
12632, 12633
12634, 12633
12616, 12634
12631, 12634
12632, 12634
12633, 12634
12635, 12634
12617, 12635
12632, 12635
12634, 12635
12636, 12635
12618, 12636
12619, 12636
12632, 12636
12635, 12636
