7473, 7472
7494, 7472
7495, 7472
7472, 7473
7474, 7473
7495, 7473
7498, 7473
7473, 7474
7475, 7474
7476, 7474
7498, 7474
7474, 7475
7476, 7475
7477, 7475
7474, 7476
7475, 7476
7477, 7476
7478, 7476
7499, 7476
7475, 7477
7476, 7477
7478, 7477
7479, 7477
7476, 7478
7477, 7478
7479, 7478
7477, 7479
7478, 7479
7480, 7479
7499, 7479
7479, 7480
7481, 7480
7482, 7480
7483, 7480
7499, 7480
7480, 7481
7482, 7481
7483, 7481
7499, 7481
7480, 7482
7481, 7482
7483, 7482
7484, 7482
7480, 7483
7481, 7483
7482, 7483
7484, 7483
7482, 7484
7483, 7484
7485, 7484
7484, 7485
7486, 7485
7487, 7485
7485, 7486
7487, 7486
7488, 7486
7485, 7487
7486, 7487
7488, 7487
7489, 7487
7486, 7488
7487, 7488
7489, 7488
7487, 7489
7488, 7489
7490, 7489
7497, 7489
7489, 7490
7491, 7490
7492, 7490
7496, 7490
7503, 7490
7490, 7491
7492, 7491
7493, 7491
7490, 7492
7491, 7492
7493, 7492
7501, 7492
7491, 7493
7492, 7493
7501, 7493
7504, 7493
7472, 7494
7495, 7494
7498, 7494
7472, 7495
7473, 7495
7494, 7495
7498, 7495
7490, 7496
7497, 7496
7502, 7496
7503, 7496
7489, 7497
7496, 7497
7502, 7497
7503, 7497
7473, 7498
7474, 7498
7494, 7498
7495, 7498
7476, 7499
7479, 7499
7480, 7499
7481, 7499
7501, 7500
7504, 7500
7505, 7500
7492, 7501
7493, 7501
7500, 7501
7504, 7501
7505, 7501
7496, 7502
7497, 7502
7503, 7502
7490, 7503
7496, 7503
7497, 7503
7502, 7503
7493, 7504
7500, 7504
7501, 7504
7505, 7504
7500, 7505
7501, 7505
7504, 7505
